188.40	-19.699
188.88	-101.044
189.35	112.535
189.83	533.043
190.30	-505.882
190.78	-96.154
191.26	-24.155
191.73	352.830
192.21	-442.029
192.68	-48.282
193.16	-269.553
193.63	-315.328
194.11	-326.592
194.58	-302.185
195.06	-252.065
195.53	-148.074
196.01	-112.398
196.48	-103.250
196.96	-83.648
197.43	-64.173
197.91	-54.411
198.38	-44.052
198.86	-35.025
199.33	-24.818
199.81	-23.895
200.28	-23.882
200.76	-23.140
201.23	-20.295
201.71	-18.229
202.18	-13.865
202.66	-10.705
203.13	-5.864
203.61	-4.648
204.08	-3.763
204.55	-0.702
205.03	2.881
205.50	2.742
205.98	3.789
206.45	3.981
206.93	5.519
207.40	3.436
207.88	3.686
208.35	1.789
208.82	1.537
209.30	0.618
209.77	1.000
210.25	0.991
210.72	3.258
211.20	3.653
211.67	5.350
212.14	4.951
212.62	5.235
213.09	5.132
213.57	7.458
214.04	9.554
214.52	8.812
214.99	9.210
215.46	8.413
215.94	5.244
216.41	6.030
216.89	7.430
217.36	10.506
217.83	9.239
218.31	9.478
218.78	11.236
219.25	12.412
219.73	11.812
220.20	11.357
220.68	12.382
221.15	12.145
221.62	11.483
222.10	10.652
222.57	11.351
223.04	10.317
223.52	7.204
223.99	4.813
224.47	4.512
224.94	1.995
225.41	2.913
225.89	3.925
226.36	4.450
226.83	2.332
227.31	1.162
227.78	1.401
228.25	3.655
228.73	3.514
229.20	3.170
229.67	0.425
230.15	2.616
230.62	3.033
231.09	3.427
231.57	1.716
232.04	1.692
232.51	0.367
232.98	0.583
233.46	2.194
233.93	3.846
234.40	3.586
234.88	6.407
235.35	5.194
235.82	6.239
236.30	8.559
236.77	8.698
237.24	5.792
237.71	7.770
238.19	7.973
238.66	8.701
239.13	8.097
239.61	8.922
240.08	8.861
240.55	8.178
241.02	7.467
241.50	9.898
241.97	11.687
242.44	12.920
242.91	12.041
243.39	10.183
243.86	10.316
244.33	11.120
244.80	10.052
245.28	9.139
245.75	9.736
246.22	8.705
246.69	9.016
247.17	10.142
247.64	8.271
248.11	6.388
248.58	4.909
249.05	4.975
249.53	6.728
250.00	6.538
250.47	4.772
250.94	2.816
251.42	2.776
251.89	2.938
252.36	3.318
252.83	2.757
253.30	4.428
253.78	4.617
254.25	4.300
254.72	4.499
255.19	5.926
255.66	5.770
256.13	4.123
256.61	3.926
257.08	4.919
257.55	5.782
258.02	6.646
258.49	6.503
258.97	5.774
259.44	5.577
259.91	5.090
260.38	5.069
260.85	7.224
261.32	7.670
261.79	8.587
262.27	6.963
262.74	9.027
263.21	10.049
263.68	9.084
264.15	8.394
264.62	7.089
265.09	6.678
265.57	6.158
266.04	6.263
266.51	5.868
266.98	5.402
267.45	5.780
267.92	5.404
268.39	4.922
268.86	5.942
269.34	6.947
269.81	7.395
270.28	7.599
270.75	8.493
271.22	8.052
271.69	7.332
272.16	8.548
272.63	10.560
273.10	10.614
273.57	11.289
274.05	11.974
274.52	12.664
274.99	12.641
275.46	13.403
275.93	13.027
276.40	13.806
276.87	14.717
277.34	14.530
277.81	15.305
278.28	16.069
278.75	15.648
279.22	13.918
279.69	11.861
280.16	12.563
280.63	13.772
281.11	12.661
281.58	12.123
282.05	12.621
282.52	11.539
282.99	9.881
283.46	8.519
283.93	7.907
284.40	8.772
284.87	10.199
285.34	9.751
285.81	9.790
286.28	10.756
286.75	11.586
287.22	10.728
287.69	10.546
288.16	10.753
288.63	11.583
289.10	12.190
289.57	13.060
290.04	13.842
290.51	12.749
290.98	12.974
291.45	13.146
291.92	12.236
292.39	11.689
292.86	12.364
293.33	13.249
293.80	14.473
294.27	14.422
294.74	12.096
295.21	13.757
295.68	14.041
296.15	12.723
296.62	10.744
297.09	11.034
297.56	10.868
298.03	12.364
298.49	11.528
298.96	13.187
299.43	14.432
299.90	14.733
300.37	13.818
300.84	13.915
301.31	14.785
301.78	15.261
302.25	14.686
302.72	14.433
303.19	14.343
303.66	14.871
304.13	14.200
304.60	15.143
305.07	14.074
305.53	15.197
306.00	14.483
306.47	15.021
306.94	16.008
307.41	16.066
307.88	15.385
308.35	15.060
308.82	14.139
309.29	13.203
309.76	12.723
310.22	13.791
310.69	13.544
311.16	13.492
311.63	13.247
312.10	12.503
312.57	12.833
313.04	12.832
313.51	12.094
313.97	11.892
314.44	12.283
314.91	12.684
315.38	12.208
315.85	13.314
316.32	13.783
316.79	14.071
317.25	14.753
317.72	13.997
318.19	14.230
318.66	15.271
319.13	15.826
319.60	14.672
320.07	13.673
320.53	14.294
321.00	14.328
321.47	14.024
321.94	14.691
322.41	14.209
322.87	14.499
323.34	14.238
323.81	15.008
324.28	15.065
324.75	15.622
325.22	15.257
325.68	14.326
326.15	14.103
326.62	14.220
327.09	13.377
327.56	13.155
328.02	13.212
328.49	12.135
328.96	11.407
329.43	12.026
329.89	12.200
330.36	12.378
330.83	11.016
331.30	11.507
331.77	11.328
332.23	11.849
332.70	11.786
333.17	11.004
333.64	10.537
334.10	11.078
334.57	10.325
335.04	10.408
335.51	10.579
335.97	11.489
336.44	10.495
336.91	10.265
337.38	10.413
337.84	10.166
338.31	10.531
338.78	10.922
339.24	10.167
339.71	11.258
340.18	10.977
340.65	10.846
341.11	10.545
341.58	11.311
342.05	11.380
342.52	10.996
342.98	11.315
343.45	11.709
343.92	11.227
344.38	10.814
344.85	10.607
345.32	11.187
345.78	10.532
346.25	10.668
346.72	10.750
347.18	11.232
347.65	11.338
348.12	10.944
348.58	10.530
349.05	11.095
349.52	10.562
349.99	10.672
350.45	11.027
350.92	11.110
351.38	10.437
351.85	10.029
352.32	10.273
352.78	10.686
353.25	10.774
353.72	10.623
354.18	10.419
354.65	10.650
355.12	10.067
355.58	10.117
356.05	10.053
356.52	9.949
356.98	9.564
357.45	9.492
357.91	9.349
358.38	9.523
358.85	9.349
359.31	9.316
359.78	9.061
360.25	8.629
360.71	8.679
361.18	8.668
361.64	8.645
362.11	8.427
362.58	8.205
363.04	7.805
363.51	7.776
363.97	7.668
364.44	7.587
364.91	7.638
365.37	7.324
365.84	7.136
366.30	7.124
366.77	7.089
367.23	7.057
367.70	7.073
368.17	7.046
368.63	7.159
369.10	7.013
369.56	6.916
370.03	7.078
370.49	6.910
370.96	6.753
371.42	6.691
371.89	6.739
372.36	6.735
372.82	6.768
373.29	6.680
373.75	6.889
374.22	6.911
374.68	6.902
375.15	6.907
375.61	7.060
376.08	7.042
376.54	6.975
377.01	6.872
377.47	6.916
377.94	6.852
378.40	6.671
378.87	6.617
379.33	6.677
379.80	6.628
380.26	6.601
380.73	6.663
381.19	6.620
381.66	6.543
382.12	6.425
382.59	6.323
383.05	6.292
383.52	6.184
383.98	6.018
384.45	5.992
384.91	5.968
385.38	5.902
385.84	5.853
386.31	5.775
386.77	5.755
387.24	5.682
387.70	5.704
388.16	5.749
388.63	5.815
389.09	5.819
389.56	5.898
390.02	5.920
390.49	5.915
390.95	5.983
391.42	6.025
391.88	6.117
392.34	6.152
392.81	6.254
393.27	6.302
393.74	6.370
394.20	6.429
394.67	6.510
395.13	6.535
395.59	6.595
396.06	6.635
396.52	6.750
396.99	6.797
397.45	6.759
397.91	6.695
398.38	6.579
398.84	6.545
399.31	6.478
399.77	6.420
400.23	6.420
400.70	6.352
401.16	6.293
401.63	6.233
402.09	6.240
402.55	6.162
403.02	6.081
403.48	6.041
403.94	5.994
404.41	5.932
404.87	5.888
405.33	5.824
405.80	5.843
406.26	5.796
406.73	5.792
407.19	5.828
407.65	5.925
408.12	6.033
408.58	6.129
409.04	6.249
409.51	6.385
409.97	6.494
410.43	6.646
410.90	6.818
411.36	6.991
411.82	7.143
412.29	7.336
412.75	7.533
413.21	7.707
413.67	7.893
414.14	8.098
414.60	8.268
415.06	8.475
415.53	8.638
415.99	8.784
416.45	8.940
416.92	9.053
417.38	9.142
417.84	9.229
418.30	9.271
418.77	9.282
419.23	9.280
419.69	9.249
420.16	9.215
420.62	9.129
421.08	9.044
421.54	8.936
422.01	8.792
422.47	8.663
422.93	8.532
423.39	8.365
423.86	8.201
424.32	8.051
424.78	7.896
425.24	7.759
425.71	7.636
426.17	7.512
426.63	7.406
427.09	7.318
427.56	7.236
428.02	7.173
428.48	7.140
428.94	7.088
429.41	7.038
429.87	7.034
430.33	7.172
430.79	7.336
431.25	7.551
431.72	7.800
432.18	8.067
432.64	8.375
433.10	8.704
433.56	9.033
434.03	9.416
434.49	9.786
434.95	10.168
435.41	10.556
435.87	10.948
436.34	11.357
436.80	11.758
437.26	12.153
437.72	12.542
438.18	12.920
438.64	13.318
439.11	13.701
439.57	14.040
440.03	14.287
440.49	14.487
440.95	14.655
441.41	14.780
441.88	14.885
442.34	14.951
442.80	14.981
443.26	14.977
443.72	14.921
444.18	14.841
444.64	14.730
445.11	14.584
445.57	14.413
446.03	14.234
446.49	14.014
446.95	13.796
447.41	13.566
447.87	13.321
448.33	13.072
448.79	12.833
449.26	12.608
449.72	12.373
450.18	12.169
450.64	11.979
451.10	11.807
451.56	11.653
452.02	11.525
452.48	11.428
452.94	11.357
453.40	11.336
453.87	11.353
454.33	11.407
454.79	11.514
455.25	11.655
455.71	11.808
456.17	12.024
456.63	12.287
457.09	12.572
457.55	12.900
458.01	13.255
458.47	13.654
458.93	14.067
459.39	14.511
459.85	14.961
460.31	15.426
460.77	15.903
461.24	16.405
461.70	16.908
462.16	17.412
462.62	17.929
463.08	18.419
463.54	18.895
464.00	19.369
464.46	19.808
464.92	20.217
465.38	20.611
465.84	20.974
466.30	21.300
466.76	21.617
467.22	21.878
467.68	22.116
468.14	22.297
468.60	22.443
469.06	22.558
469.52	22.627
469.98	22.664
470.44	22.670
470.90	22.625
471.36	22.552
471.82	22.436
472.28	22.286
472.74	22.115
473.20	21.913
473.66	21.686
474.12	21.434
474.58	21.160
475.04	20.879
475.50	20.578
475.95	20.262
476.41	19.935
476.87	19.614
477.33	19.287
477.79	18.977
478.25	18.674
478.71	18.374
479.17	18.091
479.63	17.821
480.09	17.571
480.55	17.347
481.01	17.152
481.47	16.995
481.93	16.866
482.39	16.775
482.84	16.727
483.30	16.714
483.76	16.748
484.22	16.811
484.68	16.906
485.14	17.045
485.60	17.227
486.06	17.451
486.52	17.713
486.98	18.008
487.44	18.338
487.89	18.696
488.35	19.092
488.81	19.512
489.27	19.962
489.73	20.435
490.19	20.925
490.65	21.431
491.11	21.951
491.56	22.473
492.02	23.000
492.48	23.525
492.94	24.059
493.40	24.584
493.86	25.112
494.32	25.628
494.77	26.133
495.23	26.610
495.69	27.069
496.15	27.502
496.61	27.923
497.07	28.314
497.52	28.679
497.98	29.022
498.44	29.342
498.90	29.628
499.36	29.880
499.82	30.099
500.27	30.282
500.73	30.428
501.19	30.546
501.65	30.628
502.11	30.679
502.56	30.687
503.02	30.666
503.48	30.616
503.94	30.535
504.40	30.425
504.85	30.290
505.31	30.125
505.77	29.939
506.23	29.719
506.69	29.480
507.14	29.220
507.60	28.941
508.06	28.641
508.52	28.323
508.97	27.992
509.43	27.651
509.89	27.302
510.35	26.952
510.80	26.602
511.26	26.255
511.72	25.909
512.18	25.565
512.63	25.223
513.09	24.888
513.55	24.565
514.01	24.256
514.46	23.966
514.92	23.699
515.38	23.455
515.84	23.239
516.29	23.051
516.75	22.889
517.21	22.750
517.66	22.637
518.12	22.559
518.58	22.518
519.04	22.511
519.49	22.537
519.95	22.600
520.41	22.689
520.86	22.807
521.32	22.963
521.78	23.158
522.23	23.380
522.69	23.639
523.15	23.933
523.61	24.254
524.06	24.601
524.52	24.972
524.98	25.365
525.43	25.776
525.89	26.200
526.35	26.638
526.80	27.096
527.26	27.568
527.72	28.050
528.17	28.540
528.63	29.032
529.09	29.527
529.54	30.019
530.00	30.517
530.45	31.013
530.91	31.502
531.37	31.974
531.82	32.446
532.28	32.902
532.74	33.341
533.19	33.762
533.65	34.154
534.10	34.527
534.56	34.872
535.02	35.192
535.47	35.493
535.93	35.776
536.39	36.036
536.84	36.266
537.30	36.476
537.75	36.651
538.21	36.798
538.67	36.921
539.12	37.021
539.58	37.090
540.03	37.130
540.49	37.153
540.94	37.153
541.40	37.116
541.86	37.051
542.31	36.955
542.77	36.845
543.22	36.720
543.68	36.574
544.13	36.412
544.59	36.236
545.05	36.038
545.50	35.818
545.96	35.574
546.41	35.315
546.87	35.045
547.32	34.764
547.78	34.470
548.23	34.162
548.69	33.838
549.14	33.507
549.60	33.170
550.06	32.822
550.51	32.470
550.97	32.121
551.42	31.769
551.88	31.424
552.33	31.073
552.79	30.732
553.24	30.391
553.70	30.066
554.15	29.749
554.61	29.449
555.06	29.162
555.52	28.885
555.97	28.632
556.43	28.392
556.88	28.173
557.34	27.981
557.79	27.809
558.25	27.665
558.70	27.547
559.15	27.456
559.61	27.395
560.06	27.356
560.52	27.346
560.97	27.371
561.43	27.424
561.88	27.511
562.34	27.625
562.79	27.763
563.25	27.931
563.70	28.116
564.16	28.331
564.61	28.575
565.06	28.846
565.52	29.137
565.97	29.451
566.43	29.789
566.88	30.147
567.34	30.527
567.79	30.921
568.24	31.335
568.70	31.759
569.15	32.189
569.61	32.636
570.06	33.088
570.51	33.547
570.97	34.019
571.42	34.487
571.88	34.966
572.33	35.450
572.78	35.922
573.24	36.405
573.69	36.874
574.15	37.337
574.60	37.795
575.05	38.246
575.51	38.698
575.96	39.136
576.42	39.571
576.87	39.995
577.32	40.402
577.78	40.788
578.23	41.167
578.68	41.529
579.14	41.881
579.59	42.214
580.04	42.524
580.50	42.807
580.95	43.069
581.40	43.310
581.86	43.541
582.31	43.751
582.76	43.949
583.22	44.128
583.67	44.285
584.12	44.428
584.58	44.540
585.03	44.617
585.48	44.670
585.94	44.693
586.39	44.687
586.84	44.676
587.30	44.650
587.75	44.596
588.20	44.533
588.66	44.441
589.11	44.331
589.56	44.213
590.01	44.075
590.47	43.915
590.92	43.738
591.37	43.540
591.83	43.324
592.28	43.079
592.73	42.825
593.18	42.554
593.64	42.267
594.09	41.969
594.54	41.674
594.99	41.375
595.45	41.061
595.90	40.741
596.35	40.406
596.80	40.059
597.26	39.707
597.71	39.341
598.16	38.972
598.61	38.604
599.07	38.232
599.52	37.857
599.97	37.490
600.42	37.120
600.88	36.745
601.33	36.377
601.78	36.019
602.23	35.658
602.69	35.308
603.14	34.961
603.59	34.632
604.04	34.307
604.49	33.982
604.95	33.669
605.40	33.381
605.85	33.112
606.30	32.855
606.75	32.616
607.21	32.398
607.66	32.200
608.11	32.020
608.56	31.856
609.01	31.716
609.46	31.597
609.92	31.498
610.37	31.425
610.82	31.375
611.27	31.350
611.72	31.349
612.17	31.374
612.63	31.418
613.08	31.474
613.53	31.554
613.98	31.668
614.43	31.805
614.88	31.956
615.34	32.122
615.79	32.308
616.24	32.511
616.69	32.730
617.14	32.967
617.59	33.216
618.04	33.481
618.49	33.762
618.95	34.055
619.40	34.366
619.85	34.694
620.30	35.033
620.75	35.373
621.20	35.726
621.65	36.089
622.10	36.463
622.55	36.849
623.00	37.239
623.46	37.634
623.91	38.022
624.36	38.416
624.81	38.804
625.26	39.197
625.71	39.587
626.16	39.991
626.61	40.381
627.06	40.774
627.51	41.166
627.96	41.548
628.41	41.926
628.86	42.289
629.32	42.643
629.77	42.993
630.22	43.342
630.67	43.678
631.12	44.004
631.57	44.323
632.02	44.631
632.47	44.916
632.92	45.199
633.37	45.484
633.82	45.747
634.27	45.999
634.72	46.241
635.17	46.466
635.62	46.669
636.07	46.860
636.52	47.031
636.97	47.189
637.42	47.331
637.87	47.459
638.32	47.575
638.77	47.682
639.22	47.773
639.67	47.844
640.12	47.905
640.57	47.945
641.02	47.967
641.47	47.974
641.92	47.979
642.37	47.949
642.82	47.899
643.27	47.838
643.72	47.769
644.17	47.676
644.62	47.579
645.07	47.457
645.52	47.341
645.97	47.217
646.42	47.072
646.87	46.923
647.32	46.780
647.77	46.633
648.22	46.462
648.66	46.271
649.11	46.057
649.56	45.825
650.01	45.594
650.46	45.357
650.91	45.117
651.36	44.855
651.81	44.586
652.26	44.322
652.71	44.036
653.16	43.748
653.61	43.461
654.06	43.165
654.50	42.862
654.95	42.541
655.40	42.213
655.85	41.885
656.30	41.551
656.75	41.197
657.20	40.841
657.65	40.488
658.10	40.133
658.55	39.801
658.99	39.479
659.44	39.156
659.89	38.834
660.34	38.500
660.79	38.171
661.24	37.861
661.69	37.547
662.13	37.251
662.58	36.948
663.03	36.653
663.48	36.363
663.93	36.086
664.38	35.823
664.83	35.571
665.27	35.326
665.72	35.084
666.17	34.851
666.62	34.626
667.07	34.414
667.52	34.218
667.96	34.018
668.41	33.823
668.86	33.647
669.31	33.479
669.76	33.336
670.21	33.215
670.65	33.108
671.10	33.011
671.55	32.924
672.00	32.859
672.45	32.812
672.89	32.775
673.34	32.750
673.79	32.733
674.24	32.727
674.68	32.738
675.13	32.772
675.58	32.825
676.03	32.891
676.48	32.961
676.92	33.040
677.37	33.143
677.82	33.265
678.27	33.384
678.71	33.515
679.16	33.659
679.61	33.805
680.06	33.960
680.50	34.126
680.95	34.326
681.40	34.528
681.85	34.726
682.29	34.942
682.74	35.172
683.19	35.413
683.64	35.660
684.08	35.922
684.53	36.187
684.98	36.462
685.43	36.745
685.87	37.038
686.32	37.333
686.77	37.624
687.21	37.899
687.66	38.200
688.11	38.515
688.55	38.823
689.00	39.133
689.45	39.465
689.90	39.798
690.34	40.105
690.79	40.415
691.24	40.740
691.68	41.057
692.13	41.359
692.58	41.641
693.02	41.944
693.47	42.231
693.92	42.510
694.36	42.777
694.81	43.050
695.26	43.326
695.70	43.591
696.15	43.858
696.60	44.136
697.04	44.393
697.49	44.633
697.94	44.857
698.38	45.089
698.83	45.302
699.27	45.517
699.72	45.707
700.17	45.907
700.61	46.091
701.06	46.272
701.51	46.446
701.95	46.638
702.40	46.820
702.84	46.996
703.29	47.168
703.74	47.321
704.18	47.460
704.63	47.584
705.07	47.710
705.52	47.820
705.97	47.921
706.41	48.003
706.86	48.064
707.30	48.142
707.75	48.224
708.20	48.284
708.64	48.315
709.09	48.345
709.53	48.362
709.98	48.380
710.42	48.370
710.87	48.341
711.32	48.304
711.76	48.242
712.21	48.179
712.65	48.103
713.10	48.035
713.54	47.956
713.99	47.865
714.43	47.772
714.88	47.655
715.33	47.512
715.77	47.388
716.22	47.272
716.66	47.135
717.11	46.975
717.55	46.821
718.00	46.671
718.44	46.516
718.89	46.332
719.33	46.152
719.78	45.984
720.22	45.822
720.67	45.639
721.11	45.456
721.56	45.265
722.00	45.063
722.45	44.849
722.89	44.635
723.34	44.419
723.78	44.215
724.23	44.020
724.67	43.826
725.12	43.606
725.56	43.376
726.01	43.139
726.45	42.895
726.90	42.632
727.34	42.360
727.78	42.106
728.23	41.861
728.67	41.592
729.12	41.323
729.56	41.060
730.01	40.793
730.45	40.505
730.90	40.211
731.34	39.944
731.79	39.680
732.23	39.403
732.67	39.118
733.12	38.823
733.56	38.548
734.01	38.286
734.45	38.015
734.89	37.755
735.34	37.518
735.78	37.293
736.23	37.058
736.67	36.823
737.12	36.592
737.56	36.363
738.00	36.137
738.45	35.924
738.89	35.716
739.34	35.535
739.78	35.381
740.22	35.221
740.67	35.043
741.11	34.866
741.55	34.713
742.00	34.571
742.44	34.424
742.89	34.270
743.33	34.130
743.77	34.020
744.22	33.920
744.66	33.801
745.10	33.676
745.55	33.569
745.99	33.491
746.43	33.422
746.88	33.354
747.32	33.292
747.76	33.238
748.21	33.209
748.65	33.168
749.09	33.122
749.54	33.085
749.98	33.075
750.42	33.083
750.87	33.083
751.31	33.080
751.75	33.105
752.20	33.154
752.64	33.209
753.08	33.260
753.53	33.305
753.97	33.375
754.41	33.461
754.85	33.564
755.30	33.661
755.74	33.758
756.18	33.887
756.63	34.042
757.07	34.197
757.51	34.321
757.95	34.461
758.40	34.623
758.84	34.797
759.28	34.973
759.72	35.132
760.17	35.315
760.61	35.519
761.05	35.721
761.50	35.909
761.94	36.090
762.38	36.279
762.82	36.501
763.26	36.723
763.71	36.941
764.15	37.150
764.59	37.353
765.03	37.553
765.48	37.759
765.92	37.950
766.36	38.137
766.80	38.356
767.25	38.580
767.69	38.798
768.13	39.035
768.57	39.275
769.01	39.520
769.46	39.756
769.90	39.982
770.34	40.198
770.78	40.423
771.22	40.670
771.67	40.935
772.11	41.186
772.55	41.426
772.99	41.648
773.43	41.872
773.87	42.128
774.32	42.389
774.76	42.634
775.20	42.859
775.64	43.094
776.08	43.346
776.52	43.578
776.97	43.812
777.41	44.026
777.85	44.233
778.29	44.456
778.73	44.690
779.17	44.924
779.62	45.146
780.06	45.358
780.50	45.567
780.94	45.760
781.38	45.942
781.82	46.130
782.26	46.334
782.70	46.540
783.15	46.729
783.59	46.910
784.03	47.060
784.47	47.215
784.91	47.356
785.35	47.483
785.79	47.624
786.23	47.765
786.67	47.891
787.11	48.018
787.56	48.133
788.00	48.234
788.44	48.326
788.88	48.438
789.32	48.544
789.76	48.627
790.20	48.705
790.64	48.792
791.08	48.872
791.52	48.931
791.96	48.969
792.40	49.004
792.84	49.055
793.28	49.138
793.73	49.211
794.17	49.270
794.61	49.308
795.05	49.338
795.49	49.346
795.93	49.353
796.37	49.334
796.81	49.318
797.25	49.319
797.69	49.309
798.13	49.276
798.57	49.237
799.01	49.200
799.45	49.132
799.89	49.047
800.33	48.960
800.77	48.905
801.21	48.859
801.65	48.786
802.09	48.683
802.53	48.568
802.97	48.464
803.41	48.365
803.85	48.279
804.29	48.189
804.73	48.108
805.17	48.003
805.61	47.894
806.05	47.767
806.49	47.601
806.93	47.468
807.37	47.341
807.81	47.222
808.25	47.087
808.69	46.954
809.13	46.816
809.57	46.675
810.01	46.509
810.44	46.327
810.88	46.155
811.32	45.993
811.76	45.829
812.20	45.659
812.64	45.493
813.08	45.298
813.52	45.080
813.96	44.856
814.40	44.664
814.84	44.485
815.28	44.307
815.72	44.137
816.16	43.946
816.59	43.751
817.03	43.557
817.47	43.368
817.91	43.202
818.35	43.032
818.79	42.858
819.23	42.681
819.67	42.504
820.11	42.333
820.54	42.131
820.98	41.925
821.42	41.716
821.86	41.496
822.30	41.287
822.74	41.099
823.18	40.901
823.62	40.692
824.05	40.479
824.49	40.283
824.93	40.086
825.37	39.887
825.81	39.698
826.25	39.491
826.69	39.265
827.12	39.015
827.56	38.782
828.00	38.558
828.44	38.353
828.88	38.154
829.32	37.929
829.75	37.736
830.19	37.543
830.63	37.349
831.07	37.169
831.51	36.973
831.94	36.765
832.38	36.568
832.82	36.380
833.26	36.212
833.70	36.054
834.13	35.904
834.57	35.749
835.01	35.593
835.45	35.455
835.89	35.330
836.32	35.221
836.76	35.093
837.20	34.951
837.64	34.816
838.08	34.701
838.51	34.630
838.95	34.549
839.39	34.477
839.83	34.415
840.26	34.351
840.70	34.305
841.14	34.273
841.58	34.245
842.01	34.211
842.45	34.178
842.89	34.134
843.33	34.084
843.76	34.048
844.20	34.018
844.64	33.992
845.08	33.971
845.51	33.953
845.95	33.955
846.39	33.968
846.82	33.970
847.26	33.962
847.70	33.932
848.14	33.923
848.57	33.917
849.01	33.917
849.45	33.909
849.88	33.917
850.32	33.939
850.76	33.974
851.19	34.036
851.63	34.086
852.07	34.141
852.50	34.212
852.94	34.272
853.38	34.323
853.81	34.381
854.25	34.454
854.69	34.542
855.12	34.634
855.56	34.729
856.00	34.827
856.43	34.951
856.87	35.076
857.31	35.208
857.74	35.346
858.18	35.474
858.62	35.619
859.05	35.754
859.49	35.879
859.93	35.994
860.36	36.121
860.80	36.253
861.24	36.390
861.67	36.520
862.11	36.637
862.54	36.774
862.98	36.930
863.42	37.091
863.85	37.259
864.29	37.426
864.72	37.603
865.16	37.777
865.60	37.941
866.03	38.113
866.47	38.269
866.90	38.420
867.34	38.605
867.78	38.801
868.21	39.014
868.65	39.251
869.08	39.486
869.52	39.683
869.95	39.871
870.39	40.059
870.83	40.264
871.26	40.510
871.70	40.760
872.13	40.987
872.57	41.211
873.00	41.413
873.44	41.603
873.87	41.777
874.31	41.968
874.75	42.155
875.18	42.341
875.62	42.535
876.05	42.730
876.49	42.937
876.92	43.154
877.36	43.378
877.79	43.570
878.23	43.756
878.66	43.943
879.10	44.165
879.53	44.381
879.97	44.589
880.40	44.777
880.84	44.961
881.27	45.143
881.71	45.315
882.14	45.484
882.58	45.665
883.01	45.857
883.45	46.054
883.88	46.237
884.32	46.413
884.75	46.587
885.19	46.772
885.62	46.948
886.06	47.119
886.49	47.286
886.92	47.454
887.36	47.620
887.79	47.801
888.23	47.947
888.66	48.086
889.10	48.214
889.53	48.339
889.97	48.459
890.40	48.574
890.83	48.692
891.27	48.813
891.70	48.957
892.14	49.093
892.57	49.227
893.01	49.390
893.44	49.552
893.87	49.708
894.31	49.873
894.74	50.012
895.18	50.116
895.61	50.195
896.04	50.265
896.48	50.346
896.91	50.410
897.35	50.467
897.78	50.528
898.21	50.599
898.65	50.677
899.08	50.750
899.52	50.832
899.95	50.927
900.38	51.019
900.82	51.121
901.25	51.225
901.68	51.321
902.12	51.391
902.55	51.459
902.99	51.547
903.42	51.604
903.85	51.643
904.29	51.697
904.72	51.743
905.15	51.771
905.59	51.799
906.02	51.841
906.45	51.908
906.89	51.959
907.32	52.019
907.75	52.071
908.19	52.094
908.62	52.115
909.05	52.092
909.49	52.067
909.92	52.008
910.35	51.935
910.78	51.826
911.22	51.705
911.65	51.593
912.08	51.486
912.52	51.400
912.95	51.320
913.38	51.240
913.82	51.168
914.25	51.125
914.68	51.067
915.11	50.997
915.55	50.920
915.98	50.858
916.41	50.770
916.84	50.675
917.28	50.581
917.71	50.489
918.14	50.429
918.58	50.353
919.01	50.241
919.44	50.153
919.87	50.091
920.31	50.063
920.74	50.026
921.17	49.919
921.60	49.811
922.03	49.710
922.47	49.594
922.90	49.455
923.33	49.301
923.76	49.157
924.20	49.030
924.63	48.897
925.06	48.749
925.49	48.562
925.92	48.410
926.36	48.280
926.79	48.133
927.22	47.979
927.65	47.833
928.08	47.727
928.52	47.594
928.95	47.428
929.38	47.253
929.81	47.075
930.24	46.951
930.68	46.798
931.11	46.635
931.54	46.491
931.97	46.348
932.40	46.224
932.83	46.111
933.27	45.983
933.70	45.812
934.13	45.652
934.56	45.534
934.99	45.364
935.42	45.198
935.85	45.004
936.29	44.838
936.72	44.666
937.15	44.491
937.58	44.334
938.01	44.183
938.44	44.024
938.87	43.859
939.31	43.681
939.74	43.532
940.17	43.365
940.60	43.180
941.03	43.046
941.46	42.885
941.89	42.714
942.32	42.528
942.75	42.366
943.18	42.203
943.62	42.027
944.05	41.829
944.48	41.605
944.91	41.414
945.34	41.213
945.77	41.038
946.20	40.835
946.63	40.645
947.06	40.465
947.49	40.268
947.92	40.086
948.35	39.863
948.78	39.641
949.22	39.441
949.65	39.225
950.08	38.991
950.51	38.775
950.94	38.528
951.37	38.331
951.80	38.169
952.23	38.004
952.66	37.848
953.09	37.745
953.52	37.642
953.95	37.520
954.38	37.381
954.81	37.230
955.24	37.093
955.67	36.978
956.10	36.826
956.53	36.702
956.96	36.590
957.39	36.504
957.82	36.394
958.25	36.295
958.68	36.200
959.11	36.085
959.54	35.968
959.97	35.892
960.40	35.813
960.83	35.719
961.26	35.614
961.69	35.480
962.12	35.307
962.55	35.160
962.98	35.004
963.41	34.900
963.84	34.815
964.27	34.760
964.70	34.620
965.13	34.533
965.56	34.429
965.99	34.337
966.42	34.253
966.84	34.166
967.27	34.109
967.70	34.083
968.13	34.033
968.56	33.980
968.99	33.937
969.42	33.874
969.85	33.786
970.28	33.667
970.71	33.625
971.14	33.605
971.57	33.610
972.00	33.626
972.42	33.578
972.85	33.561
973.28	33.488
973.71	33.443
974.14	33.398
974.57	33.389
975.00	33.365
975.43	33.347
975.86	33.375
976.28	33.352
976.71	33.290
977.14	33.238
977.57	33.233
978.00	33.229
978.43	33.241
978.86	33.234
979.29	33.291
979.71	33.324
980.14	33.373
980.57	33.330
981.00	33.338
981.43	33.349
981.86	33.374
982.28	33.420
982.71	33.453
983.14	33.526
983.57	33.538
984.00	33.556
984.43	33.576
984.85	33.607
985.28	33.696
985.71	33.805
986.14	33.894
986.57	33.994
986.99	34.061
987.42	34.038
987.85	34.122
988.28	34.226
988.71	34.285
989.13	34.353
989.56	34.448
989.99	34.577
990.42	34.741
990.85	34.884
991.27	34.965
991.70	35.031
992.13	35.149
992.56	35.243
992.98	35.270
993.41	35.407
993.84	35.519
994.27	35.581
994.70	35.669
995.12	35.763
995.55	35.838
995.98	35.932
996.41	36.049
996.83	36.149
997.26	36.267
997.69	36.332
998.11	36.333
998.54	36.474
998.97	36.577
999.40	36.653
999.82	36.717
1000.25	36.870
1000.68	37.068
1001.11	37.215
1001.53	37.354
1001.96	37.564
1002.39	37.731
1002.81	37.834
1003.24	37.948
1003.67	38.074
1004.09	38.209
1004.52	38.363
1004.95	38.459
1005.38	38.580
1005.80	38.716
1006.23	38.805
1006.66	38.932
1007.08	39.132
1007.51	39.230
1007.94	39.445
1008.36	39.541
1008.79	39.565
1009.22	39.650
1009.64	39.744
1010.07	39.815
1010.50	39.979
1010.92	40.124
1011.35	40.157
1011.77	40.274
1012.20	40.343
1012.63	40.412
1013.05	40.556
1013.48	40.629
1013.91	40.706
1014.33	40.808
1014.76	40.920
1015.19	41.069
1015.61	41.142
1016.04	41.316
1016.46	41.532
1016.89	41.535
1017.32	41.651
1017.74	41.793
1018.17	41.982
1018.59	42.175
1019.02	42.200
1019.45	42.275
1019.87	42.353
1020.30	42.521
1020.72	42.599
1021.15	42.784
1021.58	42.995
1022.00	43.094
1022.43	43.068
1022.85	43.252
1023.28	43.438
1023.70	43.514
1024.13	43.490
1024.55	43.603
1024.98	43.536
1025.41	43.459
1025.83	43.437
1026.26	43.591
1026.68	43.636
1027.11	43.594
1027.53	43.480
1027.96	43.536
1028.38	43.637
1028.81	43.866
1029.23	43.868
1029.66	44.061
1030.08	43.992
1030.51	44.066
1030.94	44.140
1031.36	44.301
1031.79	44.309
1032.21	44.314
1032.64	44.401
1033.06	44.495
1033.49	44.576
1033.91	44.791
1034.34	44.892
1034.76	44.957
1035.19	44.959
1035.61	45.033
1036.03	45.181
1036.46	45.269
1036.88	45.317
1037.31	45.342
1037.73	45.072
1038.16	45.057
1038.58	44.893
1039.01	45.067
1039.43	44.982
1039.86	45.022
1040.28	45.035
1040.71	45.167
1041.13	45.260
1041.55	45.214
1041.98	45.242
1042.40	45.252
1042.83	45.229
1043.25	44.999
1043.68	45.100
1044.10	45.302
1044.52	45.332
1044.95	45.176
1045.37	45.296
1045.80	45.370
1046.22	45.408
1046.65	45.450
1047.07	45.640
1047.49	45.964
1047.92	45.798
1048.34	45.636
1048.77	45.532
1049.19	45.341
1049.61	45.127
1050.04	45.097
1050.46	45.086
1050.89	45.166
1051.31	45.209
1051.73	45.197
1052.16	45.663
1052.58	45.514
1053.00	45.298
1053.43	44.995
1053.85	44.870
1054.27	44.945
1054.70	44.838
1055.12	44.809
1055.55	44.762
1055.97	44.526
1056.39	44.311
1056.82	44.438
1057.24	44.545
1057.66	44.638
1058.09	44.690
1058.51	44.833
1058.93	44.600
1059.36	44.568
1059.78	44.325
1060.20	44.059
1060.62	43.755
1061.05	43.477
1061.47	43.375
1061.89	42.784
1062.32	42.736
1062.74	42.939
1063.16	42.740
1063.59	42.821
1064.01	42.591
1064.43	42.730
1064.85	42.639
1065.28	42.450
1065.70	42.011
1066.12	41.572
1066.55	41.434
1066.97	41.342
1067.39	40.689
1067.81	40.529
1068.24	40.387
1068.66	40.343
1069.08	40.234
1069.50	39.947
1069.93	39.829
1070.35	39.871
1070.77	39.871
1071.19	39.747
1071.62	39.406
1072.04	39.314
1072.46	38.890
1072.88	38.519
1073.31	38.092
1073.73	37.461
1074.15	36.466
1074.57	36.372
1075.00	36.374
1075.42	36.038
1075.84	35.413
1076.26	35.394
1076.68	35.640
1077.11	35.286
1077.53	34.578
1077.95	34.573
1078.37	34.420
1078.79	33.645
1079.22	32.992
1079.64	32.148
1080.06	31.778
1080.48	31.616
1080.90	30.611
1081.32	30.294
1081.75	29.823
1082.17	29.398
1082.59	29.407
1083.01	29.731
1083.43	29.351
1083.85	29.617
1084.28	28.033
1084.70	27.591
1085.12	26.742
1085.54	25.972
1085.96	24.883
1086.38	24.048
1086.80	23.878
1087.23	24.225
1087.65	25.021
1088.07	24.318
1088.49	24.008
1088.91	24.292
1089.33	21.966
1089.75	20.516
1090.17	19.049
1090.60	17.819
1091.02	16.554
1091.44	15.451
1091.86	13.850
1092.28	13.077
1092.70	10.741
1093.12	9.921
1093.54	8.623
1093.96	8.409
1094.38	7.317
1094.81	6.135
1095.23	4.810
1095.65	4.005
1096.07	2.250
1096.49	-0.733
1096.91	-1.311
1097.33	-1.581
1097.75	-4.320
1098.17	-4.358
1098.59	-3.975
1099.01	-3.372
1099.43	-1.440
1099.85	-3.267
1100.27	-2.959
1100.69	-2.868
1101.11	-1.582
1101.53	-1.736
1101.95	-1.311
1102.38	-3.945
1102.80	-34.571
1103.22	6.105
1103.64	45.227
1104.06	-52.050
1104.48	12.333
1104.90	-34.233
1105.32	44.483
1105.74	6.385
1106.16	-27.520
