188.40	-368.614
188.88	-331.854
189.35	543.175
189.83	2270.435
190.30	-2176.471
190.78	-443.269
191.26	-399.517
191.73	2369.811
192.21	-2998.551
192.68	-218.511
193.16	-1653.104
193.63	-1916.898
194.11	-2053.232
194.58	-1935.594
195.06	-1576.839
195.53	-1030.169
196.01	-838.635
196.48	-752.210
196.96	-628.487
197.43	-528.265
197.91	-482.209
198.38	-438.492
198.86	-363.608
199.33	-301.605
199.81	-292.465
200.28	-282.925
200.76	-254.578
201.23	-231.680
201.71	-212.656
202.18	-202.149
202.66	-186.273
203.13	-173.372
203.61	-166.968
204.08	-159.663
204.55	-147.470
205.03	-136.941
205.50	-134.467
205.98	-138.195
206.45	-136.669
206.93	-129.146
207.40	-128.921
207.88	-130.138
208.35	-129.154
208.82	-129.647
209.30	-131.234
209.77	-131.141
210.25	-130.670
210.72	-130.354
211.20	-131.408
211.67	-131.759
212.14	-132.611
212.62	-129.759
213.09	-125.819
213.57	-121.662
214.04	-121.280
214.52	-118.999
214.99	-115.949
215.46	-119.605
215.94	-120.141
216.41	-118.596
216.89	-115.978
217.36	-116.074
217.83	-117.908
218.31	-116.753
218.78	-112.794
219.25	-114.002
219.73	-116.484
220.20	-117.644
220.68	-110.725
221.15	-111.193
221.62	-112.708
222.10	-110.690
222.57	-107.549
223.04	-109.102
223.52	-115.271
223.99	-116.008
224.47	-114.027
224.94	-118.307
225.41	-120.052
225.89	-120.322
226.36	-119.617
226.83	-124.722
227.31	-128.625
227.78	-126.772
228.25	-120.918
228.73	-124.405
229.20	-124.794
229.67	-124.646
230.15	-120.527
230.62	-122.167
231.09	-127.787
231.57	-130.391
232.04	-126.590
232.51	-126.613
232.98	-128.859
233.46	-125.645
233.93	-122.634
234.40	-119.988
234.88	-120.808
235.35	-123.096
235.82	-117.969
236.30	-114.210
236.77	-115.978
237.24	-117.426
237.71	-114.959
238.19	-114.603
238.66	-113.449
239.13	-116.281
239.61	-113.634
240.08	-112.359
240.55	-114.739
241.02	-109.827
241.50	-103.763
241.97	-101.884
242.44	-105.250
242.91	-105.703
243.39	-103.791
243.86	-101.948
244.33	-105.842
244.80	-107.734
245.28	-103.566
245.75	-100.948
246.22	-105.935
246.69	-105.091
247.17	-100.056
247.64	-99.376
248.11	-102.488
248.58	-104.135
249.05	-101.272
249.53	-97.489
250.00	-99.814
250.47	-102.812
250.94	-105.607
251.42	-107.097
251.89	-108.008
252.36	-107.997
252.83	-107.330
253.30	-103.783
253.78	-105.181
254.25	-106.387
254.72	-103.383
255.19	-102.796
255.66	-104.907
256.13	-105.381
256.61	-102.520
257.08	-101.379
257.55	-102.276
258.02	-103.482
258.49	-104.542
258.97	-104.443
259.44	-108.610
259.91	-109.777
260.38	-107.921
260.85	-101.786
261.32	-102.771
261.79	-103.653
262.27	-102.367
262.74	-99.346
263.21	-99.868
263.68	-103.745
264.15	-104.101
264.62	-104.363
265.09	-107.077
265.57	-110.548
266.04	-109.972
266.51	-109.901
266.98	-111.271
267.45	-112.605
267.92	-113.741
268.39	-110.384
268.86	-110.619
269.34	-107.309
269.81	-106.266
270.28	-104.940
270.75	-102.083
271.22	-102.555
271.69	-101.043
272.16	-97.548
272.63	-96.743
273.10	-97.418
273.57	-96.287
274.05	-95.136
274.52	-92.533
274.99	-90.946
275.46	-88.825
275.93	-87.504
276.40	-88.395
276.87	-87.275
277.34	-86.742
277.81	-85.560
278.28	-86.068
278.75	-87.322
279.22	-88.561
279.69	-88.054
280.16	-88.022
280.63	-90.812
281.11	-92.527
281.58	-94.600
282.05	-95.091
282.52	-96.441
282.99	-97.302
283.46	-96.029
283.93	-92.482
284.40	-94.521
284.87	-94.230
285.34	-94.246
285.81	-93.427
286.28	-91.809
286.75	-90.771
287.22	-90.016
287.69	-88.741
288.16	-87.259
288.63	-88.083
289.10	-87.134
289.57	-83.404
290.04	-80.090
290.51	-80.249
290.98	-77.493
291.45	-76.681
291.92	-78.284
292.39	-78.316
292.86	-78.731
293.33	-76.566
293.80	-78.578
294.27	-78.550
294.74	-79.630
295.21	-78.103
295.68	-79.244
296.15	-82.139
296.62	-84.103
297.09	-82.913
297.56	-81.877
298.03	-81.416
298.49	-79.249
298.96	-79.304
299.43	-80.588
299.90	-83.582
300.37	-83.302
300.84	-82.485
301.31	-81.413
301.78	-81.170
302.25	-80.797
302.72	-78.718
303.19	-79.834
303.66	-78.008
304.13	-78.447
304.60	-76.112
305.07	-75.792
305.53	-72.828
306.00	-71.110
306.47	-70.569
306.94	-70.499
307.41	-70.681
307.88	-71.033
308.35	-69.385
308.82	-68.006
309.29	-68.029
309.76	-66.656
310.22	-65.765
310.69	-67.048
311.16	-65.578
311.63	-64.478
312.10	-63.548
312.57	-63.900
313.04	-64.235
313.51	-64.545
313.97	-62.571
314.44	-62.094
314.91	-62.810
315.38	-61.971
315.85	-60.096
316.32	-58.231
316.79	-58.205
317.25	-58.835
317.72	-58.522
318.19	-59.509
318.66	-59.447
319.13	-59.698
319.60	-59.843
320.07	-59.574
320.53	-57.862
321.00	-58.645
321.47	-58.552
321.94	-58.194
322.41	-58.129
322.87	-55.950
323.34	-55.931
323.81	-54.732
324.28	-54.660
324.75	-54.569
325.22	-54.637
325.68	-54.952
326.15	-54.800
326.62	-53.683
327.09	-51.365
327.56	-50.723
328.02	-49.311
328.49	-50.272
328.96	-49.803
329.43	-49.742
329.89	-50.190
330.36	-50.161
330.83	-50.114
331.30	-49.504
331.77	-48.914
332.23	-47.746
332.70	-47.375
333.17	-47.036
333.64	-47.747
334.10	-47.175
334.57	-45.063
335.04	-45.265
335.51	-45.092
335.97	-44.847
336.44	-44.065
336.91	-44.797
337.38	-44.760
337.84	-45.309
338.31	-43.182
338.78	-42.666
339.24	-41.508
339.71	-39.181
340.18	-37.196
340.65	-35.205
341.11	-34.505
341.58	-33.810
342.05	-32.478
342.52	-31.663
342.98	-30.903
343.45	-29.901
343.92	-28.510
344.38	-28.428
344.85	-27.692
345.32	-26.468
345.78	-25.128
346.25	-24.158
346.72	-23.319
347.18	-22.119
347.65	-20.654
348.12	-20.225
348.58	-19.196
349.05	-18.488
349.52	-18.063
349.99	-17.659
350.45	-17.526
350.92	-16.671
351.38	-15.800
351.85	-15.148
352.32	-14.485
352.78	-13.677
353.25	-12.775
353.72	-12.155
354.18	-11.725
354.65	-11.061
355.12	-10.717
355.58	-10.014
356.05	-9.948
356.52	-9.789
356.98	-9.451
357.45	-8.976
357.91	-8.626
358.38	-8.438
358.85	-8.201
359.31	-7.785
359.78	-7.597
360.25	-7.703
360.71	-7.188
361.18	-6.719
361.64	-6.604
362.11	-6.589
362.58	-6.342
363.04	-5.998
363.51	-5.748
363.97	-5.686
364.44	-5.458
364.91	-5.148
365.37	-5.256
365.84	-5.019
366.30	-4.549
366.77	-4.180
367.23	-3.957
367.70	-3.993
368.17	-3.762
368.63	-3.252
369.10	-3.057
369.56	-3.037
370.03	-2.578
370.49	-2.364
370.96	-2.416
371.42	-2.262
371.89	-2.029
372.36	-1.747
372.82	-1.687
373.29	-1.666
373.75	-1.371
374.22	-1.021
374.68	-0.772
375.15	-0.753
375.61	-0.588
376.08	-0.360
376.54	-0.303
377.01	-0.287
377.47	-0.055
377.94	0.224
378.40	0.285
378.87	0.238
379.33	0.406
379.80	0.589
380.26	0.685
380.73	0.876
381.19	0.940
381.66	1.156
382.12	1.178
382.59	1.146
383.05	1.246
383.52	1.340
383.98	1.416
384.45	1.405
384.91	1.468
385.38	1.563
385.84	1.601
386.31	1.552
386.77	1.550
387.24	1.635
387.70	1.722
388.16	1.756
388.63	1.822
389.09	1.945
389.56	2.014
390.02	1.985
390.49	1.987
390.95	2.074
391.42	2.178
391.88	2.261
392.34	2.348
392.81	2.499
393.27	2.701
393.74	2.716
394.20	2.762
394.67	2.941
395.13	3.122
395.59	3.225
396.06	3.303
396.52	3.483
396.99	3.635
397.45	3.598
397.91	3.649
398.38	3.664
398.84	3.785
399.31	3.814
399.77	3.835
400.23	3.921
400.70	3.996
401.16	3.935
401.63	3.916
402.09	3.940
402.55	3.950
403.02	3.841
403.48	3.743
403.94	3.746
404.41	3.755
404.87	3.694
405.33	3.596
405.80	3.611
406.26	3.617
406.73	3.578
407.19	3.571
407.65	3.607
408.12	3.710
408.58	3.732
409.04	3.759
409.51	3.833
409.97	3.954
410.43	4.074
410.90	4.184
411.36	4.350
411.82	4.553
412.29	4.754
412.75	4.962
413.21	5.213
413.67	5.509
414.14	5.724
414.60	5.911
415.06	6.208
415.53	6.462
415.99	6.707
416.45	6.924
416.92	7.137
417.38	7.360
417.84	7.561
418.30	7.675
418.77	7.825
419.23	7.979
419.69	8.058
420.16	8.100
420.62	8.138
421.08	8.175
421.54	8.158
422.01	8.065
422.47	7.984
422.93	7.917
423.39	7.786
423.86	7.656
424.32	7.524
424.78	7.374
425.24	7.246
425.71	7.062
426.17	6.912
426.63	6.782
427.09	6.640
427.56	6.471
428.02	6.318
428.48	6.203
428.94	6.059
429.41	5.871
429.87	5.747
430.33	5.787
430.79	5.857
431.25	5.945
431.72	6.086
432.18	6.278
432.64	6.496
433.10	6.737
433.56	6.981
434.03	7.302
434.49	7.664
434.95	8.009
435.41	8.368
435.87	8.766
436.34	9.197
436.80	9.619
437.26	10.054
437.72	10.508
438.18	10.976
438.64	11.447
439.11	11.945
439.57	12.429
440.03	12.821
440.49	13.143
440.95	13.440
441.41	13.708
441.88	13.985
442.34	14.221
442.80	14.399
443.26	14.570
443.72	14.700
444.18	14.752
444.64	14.781
445.11	14.783
445.57	14.752
446.03	14.690
446.49	14.553
446.95	14.428
447.41	14.287
447.87	14.089
448.33	13.881
448.79	13.639
449.26	13.404
449.72	13.157
450.18	12.917
450.64	12.682
451.10	12.455
451.56	12.206
452.02	11.972
452.48	11.750
452.94	11.564
453.40	11.413
453.87	11.269
454.33	11.169
454.79	11.114
455.25	11.069
455.71	11.036
456.17	11.086
456.63	11.189
457.09	11.313
457.55	11.480
458.01	11.688
458.47	11.971
458.93	12.269
459.39	12.595
459.85	12.957
460.31	13.360
460.77	13.777
461.24	14.223
461.70	14.699
462.16	15.206
462.62	15.722
463.08	16.223
463.54	16.753
464.00	17.305
464.46	17.836
464.92	18.343
465.38	18.850
465.84	19.351
466.30	19.830
466.76	20.283
467.22	20.699
467.68	21.105
468.14	21.468
468.60	21.792
469.06	22.092
469.52	22.341
469.98	22.564
470.44	22.747
470.90	22.885
471.36	22.986
471.82	23.042
472.28	23.060
472.74	23.035
473.20	22.974
473.66	22.873
474.12	22.734
474.58	22.560
475.04	22.372
475.50	22.142
475.95	21.875
476.41	21.588
476.87	21.295
477.33	20.985
477.79	20.656
478.25	20.323
478.71	19.984
479.17	19.647
479.63	19.300
480.09	18.963
480.55	18.635
481.01	18.326
481.47	18.037
481.93	17.759
482.39	17.515
482.84	17.305
483.30	17.114
483.76	16.963
484.22	16.848
484.68	16.763
485.14	16.718
485.60	16.713
486.06	16.753
486.52	16.837
486.98	16.950
487.44	17.109
487.89	17.306
488.35	17.547
488.81	17.824
489.27	18.136
489.73	18.487
490.19	18.873
490.65	19.287
491.11	19.728
491.56	20.199
492.02	20.689
492.48	21.187
492.94	21.710
493.40	22.244
493.86	22.785
494.32	23.334
494.77	23.882
495.23	24.429
495.69	24.980
496.15	25.512
496.61	26.038
497.07	26.551
497.52	27.050
497.98	27.525
498.44	27.985
498.90	28.425
499.36	28.840
499.82	29.219
500.27	29.566
500.73	29.883
501.19	30.172
501.65	30.434
502.11	30.663
502.56	30.849
503.02	31.003
503.48	31.126
503.94	31.214
504.40	31.271
504.85	31.289
505.31	31.275
505.77	31.233
506.23	31.154
506.69	31.047
507.14	30.910
507.60	30.743
508.06	30.541
508.52	30.311
508.97	30.055
509.43	29.785
509.89	29.486
510.35	29.175
510.80	28.845
511.26	28.501
511.72	28.149
512.18	27.790
512.63	27.421
513.09	27.046
513.55	26.664
514.01	26.288
514.46	25.921
514.92	25.555
515.38	25.194
515.84	24.854
516.29	24.528
516.75	24.214
517.21	23.918
517.66	23.644
518.12	23.399
518.58	23.181
519.04	22.988
519.49	22.832
519.95	22.709
520.41	22.609
520.86	22.543
521.32	22.514
521.78	22.519
522.23	22.554
522.69	22.633
523.15	22.754
523.61	22.905
524.06	23.089
524.52	23.305
524.98	23.559
525.43	23.843
525.89	24.153
526.35	24.486
526.80	24.852
527.26	25.243
527.72	25.657
528.17	26.086
528.63	26.535
529.09	27.000
529.54	27.479
530.00	27.979
530.45	28.480
530.91	28.987
531.37	29.493
531.82	30.006
532.28	30.516
532.74	31.015
533.19	31.512
533.65	31.994
534.10	32.463
534.56	32.918
535.02	33.353
535.47	33.774
535.93	34.184
536.39	34.581
536.84	34.960
537.30	35.309
537.75	35.634
538.21	35.935
538.67	36.216
539.12	36.468
539.58	36.695
540.03	36.904
540.49	37.091
540.94	37.253
541.40	37.383
541.86	37.484
542.31	37.557
542.77	37.606
543.22	37.630
543.68	37.636
544.13	37.616
544.59	37.577
545.05	37.505
545.50	37.415
545.96	37.286
546.41	37.130
546.87	36.964
547.32	36.773
547.78	36.565
548.23	36.331
548.69	36.074
549.14	35.799
549.60	35.500
550.06	35.182
550.51	34.858
550.97	34.525
551.42	34.180
551.88	33.827
552.33	33.460
552.79	33.086
553.24	32.705
553.70	32.327
554.15	31.949
554.61	31.582
555.06	31.211
555.52	30.844
555.97	30.491
556.43	30.145
556.88	29.813
557.34	29.494
557.79	29.194
558.25	28.910
558.70	28.650
559.15	28.408
559.61	28.187
560.06	27.985
560.52	27.808
560.97	27.659
561.43	27.536
561.88	27.443
562.34	27.382
562.79	27.342
563.25	27.327
563.70	27.339
564.16	27.386
564.61	27.462
565.06	27.571
565.52	27.705
565.97	27.870
566.43	28.064
566.88	28.281
567.34	28.526
567.79	28.796
568.24	29.090
568.70	29.406
569.15	29.741
569.61	30.096
570.06	30.469
570.51	30.863
570.97	31.276
571.42	31.694
571.88	32.135
572.33	32.587
572.78	33.048
573.24	33.521
573.69	33.990
574.15	34.468
574.60	34.949
575.05	35.434
575.51	35.917
575.96	36.400
576.42	36.894
576.87	37.384
577.32	37.870
577.78	38.340
578.23	38.812
578.68	39.276
579.14	39.726
579.59	40.155
580.04	40.570
580.50	40.974
580.95	41.369
581.40	41.742
581.86	42.104
582.31	42.449
582.76	42.781
583.22	43.097
583.67	43.393
584.12	43.672
584.58	43.924
585.03	44.154
585.48	44.351
585.94	44.517
586.39	44.652
586.84	44.776
587.30	44.892
587.75	44.972
588.20	45.042
588.66	45.091
589.11	45.115
589.56	45.124
590.01	45.109
590.47	45.071
590.92	45.013
591.37	44.935
591.83	44.834
592.28	44.706
592.73	44.558
593.18	44.391
593.64	44.207
594.09	44.006
594.54	43.793
594.99	43.574
595.45	43.341
595.90	43.090
596.35	42.816
596.80	42.518
597.26	42.220
597.71	41.896
598.16	41.558
598.61	41.225
599.07	40.874
599.52	40.507
599.97	40.136
600.42	39.756
600.88	39.373
601.33	38.984
601.78	38.595
602.23	38.198
602.69	37.803
603.14	37.406
603.59	37.007
604.04	36.607
604.49	36.213
604.95	35.811
605.40	35.437
605.85	35.076
606.30	34.722
606.75	34.372
607.21	34.040
607.66	33.721
608.11	33.413
608.56	33.117
609.01	32.841
609.46	32.580
609.92	32.342
610.37	32.117
610.82	31.912
611.27	31.732
611.72	31.579
612.17	31.445
612.63	31.325
613.08	31.229
613.53	31.160
613.98	31.120
614.43	31.112
614.88	31.110
615.34	31.132
615.79	31.169
616.24	31.229
616.69	31.311
617.14	31.420
617.59	31.547
618.04	31.694
618.49	31.866
618.95	32.054
619.40	32.260
619.85	32.488
620.30	32.736
620.75	32.994
621.20	33.268
621.65	33.556
622.10	33.860
622.55	34.184
623.00	34.518
623.46	34.855
623.91	35.197
624.36	35.555
624.81	35.912
625.26	36.285
625.71	36.660
626.16	37.055
626.61	37.449
627.06	37.846
627.51	38.250
627.96	38.652
628.41	39.057
628.86	39.455
629.32	39.856
629.77	40.251
630.22	40.643
630.67	41.028
631.12	41.412
631.57	41.800
632.02	42.178
632.47	42.547
632.92	42.910
633.37	43.280
633.82	43.637
634.27	43.980
634.72	44.315
635.17	44.635
635.62	44.942
636.07	45.235
636.52	45.513
636.97	45.783
637.42	46.036
637.87	46.274
638.32	46.500
638.77	46.716
639.22	46.923
639.67	47.111
640.12	47.289
640.57	47.451
641.02	47.596
641.47	47.724
641.92	47.839
642.37	47.932
642.82	47.990
643.27	48.032
643.72	48.071
644.17	48.092
644.62	48.108
645.07	48.099
645.52	48.086
645.97	48.060
646.42	48.010
646.87	47.952
647.32	47.902
647.77	47.843
648.22	47.760
648.66	47.653
649.11	47.526
649.56	47.384
650.01	47.231
650.46	47.069
650.91	46.902
651.36	46.709
651.81	46.511
652.26	46.315
652.71	46.093
653.16	45.857
653.61	45.612
654.06	45.354
654.50	45.085
654.95	44.801
655.40	44.512
655.85	44.216
656.30	43.911
656.75	43.578
657.20	43.238
657.65	42.899
658.10	42.548
658.55	42.220
658.99	41.892
659.44	41.557
659.89	41.214
660.34	40.858
660.79	40.512
661.24	40.162
661.69	39.813
662.13	39.478
662.58	39.136
663.03	38.801
663.48	38.468
663.93	38.138
664.38	37.810
664.83	37.489
665.27	37.167
665.72	36.851
666.17	36.543
666.62	36.243
667.07	35.944
667.52	35.664
667.96	35.367
668.41	35.076
668.86	34.803
669.31	34.540
669.76	34.300
670.21	34.065
670.65	33.850
671.10	33.638
671.55	33.445
672.00	33.272
672.45	33.109
672.89	32.954
673.34	32.811
673.79	32.686
674.24	32.570
674.68	32.466
675.13	32.380
675.58	32.317
676.03	32.268
676.48	32.227
676.92	32.200
677.37	32.200
677.82	32.219
678.27	32.237
678.71	32.269
679.16	32.312
679.61	32.375
680.06	32.449
680.50	32.539
680.95	32.647
681.40	32.763
681.85	32.881
682.29	33.020
682.74	33.173
683.19	33.338
683.64	33.510
684.08	33.710
684.53	33.918
684.98	34.139
685.43	34.368
685.87	34.613
686.32	34.864
686.77	35.110
687.21	35.354
687.66	35.626
688.11	35.914
688.55	36.194
689.00	36.471
689.45	36.770
689.90	37.078
690.34	37.382
690.79	37.685
691.24	38.007
691.68	38.332
692.13	38.647
692.58	38.953
693.02	39.281
693.47	39.597
693.92	39.910
694.36	40.206
694.81	40.521
695.26	40.827
695.70	41.126
696.15	41.425
696.60	41.739
697.04	42.043
697.49	42.323
697.94	42.595
698.38	42.888
698.83	43.166
699.27	43.444
699.72	43.699
700.17	43.958
700.61	44.214
701.06	44.462
701.51	44.714
701.95	44.971
702.40	45.222
702.84	45.457
703.29	45.682
703.74	45.900
704.18	46.109
704.63	46.309
705.07	46.505
705.52	46.696
705.97	46.874
706.41	47.028
706.86	47.181
707.30	47.351
707.75	47.508
708.20	47.652
708.64	47.773
709.09	47.880
709.53	47.982
709.98	48.074
710.42	48.139
710.87	48.187
711.32	48.227
711.76	48.239
712.21	48.260
712.65	48.283
713.10	48.299
713.54	48.291
713.99	48.288
714.43	48.271
714.88	48.236
715.33	48.176
715.77	48.127
716.22	48.077
716.66	48.012
717.11	47.925
717.55	47.837
718.00	47.739
718.44	47.640
718.89	47.527
719.33	47.410
719.78	47.300
720.22	47.189
720.67	47.067
721.11	46.941
721.56	46.800
722.00	46.634
722.45	46.463
722.89	46.287
723.34	46.103
723.78	45.941
724.23	45.771
724.67	45.600
725.12	45.406
725.56	45.205
726.01	45.000
726.45	44.789
726.90	44.551
727.34	44.317
727.78	44.096
728.23	43.857
728.67	43.601
729.12	43.339
729.56	43.079
730.01	42.806
730.45	42.516
730.90	42.227
731.34	41.962
731.79	41.698
732.23	41.424
732.67	41.138
733.12	40.830
733.56	40.555
734.01	40.274
734.45	39.980
734.89	39.695
735.34	39.424
735.78	39.151
736.23	38.880
736.67	38.603
737.12	38.324
737.56	38.059
738.00	37.796
738.45	37.543
738.89	37.289
739.34	37.062
739.78	36.867
740.22	36.664
740.67	36.438
741.11	36.201
741.55	35.984
742.00	35.771
742.44	35.560
742.89	35.332
743.33	35.124
743.77	34.951
744.22	34.778
744.66	34.578
745.10	34.385
745.55	34.200
745.99	34.042
746.43	33.894
746.88	33.746
747.32	33.600
747.76	33.471
748.21	33.366
748.65	33.247
749.09	33.113
749.54	32.985
749.98	32.885
750.42	32.809
750.87	32.726
751.31	32.649
751.75	32.601
752.20	32.579
752.64	32.569
753.08	32.547
753.53	32.519
753.97	32.517
754.41	32.533
754.85	32.565
755.30	32.591
755.74	32.622
756.18	32.688
756.63	32.785
757.07	32.878
757.51	32.944
757.95	33.029
758.40	33.135
758.84	33.253
759.28	33.375
759.72	33.494
760.17	33.636
760.61	33.786
761.05	33.931
761.50	34.071
761.94	34.207
762.38	34.354
762.82	34.535
763.26	34.718
763.71	34.893
764.15	35.070
764.59	35.244
765.03	35.421
765.48	35.590
765.92	35.743
766.36	35.894
766.80	36.086
767.25	36.294
767.69	36.496
768.13	36.710
768.57	36.941
769.01	37.176
769.46	37.398
769.90	37.634
770.34	37.866
770.78	38.099
771.22	38.349
771.67	38.614
772.11	38.872
772.55	39.125
772.99	39.362
773.43	39.596
773.87	39.856
774.32	40.122
774.76	40.379
775.20	40.628
775.64	40.893
776.08	41.168
776.52	41.426
776.97	41.682
777.41	41.924
777.85	42.156
778.29	42.405
778.73	42.663
779.17	42.929
779.62	43.187
780.06	43.436
780.50	43.682
780.94	43.913
781.38	44.137
781.82	44.363
782.26	44.605
782.70	44.850
783.15	45.085
783.59	45.319
784.03	45.544
784.47	45.767
784.91	45.964
785.35	46.149
785.79	46.328
786.23	46.504
786.67	46.676
787.11	46.837
787.56	46.976
788.00	47.116
788.44	47.242
788.88	47.386
789.32	47.526
789.76	47.651
790.20	47.782
790.64	47.920
791.08	48.050
791.52	48.162
791.96	48.263
792.40	48.368
792.84	48.478
793.28	48.597
793.73	48.721
794.17	48.841
794.61	48.934
795.05	49.028
795.49	49.101
795.93	49.167
796.37	49.217
796.81	49.276
797.25	49.348
797.69	49.396
798.13	49.413
798.57	49.433
799.01	49.454
799.45	49.437
799.89	49.398
800.33	49.363
800.77	49.361
801.21	49.352
801.65	49.312
802.09	49.251
802.53	49.194
802.97	49.127
803.41	49.073
803.85	49.031
804.29	48.976
804.73	48.946
805.17	48.892
805.61	48.835
806.05	48.774
806.49	48.663
806.93	48.578
807.37	48.496
807.81	48.425
808.25	48.335
808.69	48.242
809.13	48.139
809.57	48.039
810.01	47.921
810.44	47.794
810.88	47.664
811.32	47.541
811.76	47.410
812.20	47.272
812.64	47.116
813.08	46.941
813.52	46.757
813.96	46.553
814.40	46.378
814.84	46.213
815.28	46.038
815.72	45.879
816.16	45.690
816.59	45.516
817.03	45.323
817.47	45.135
817.91	44.976
818.35	44.818
818.79	44.658
819.23	44.480
819.67	44.285
820.11	44.104
820.54	43.905
820.98	43.683
821.42	43.471
821.86	43.248
822.30	43.032
822.74	42.835
823.18	42.628
823.62	42.417
824.05	42.202
824.49	42.003
824.93	41.802
825.37	41.606
825.81	41.407
826.25	41.189
826.69	40.937
827.12	40.671
827.56	40.417
828.00	40.171
828.44	39.938
828.88	39.717
829.32	39.484
829.75	39.262
830.19	39.044
830.63	38.811
831.07	38.594
831.51	38.369
831.94	38.130
832.38	37.915
832.82	37.710
833.26	37.520
833.70	37.318
834.13	37.110
834.57	36.907
835.01	36.703
835.45	36.520
835.89	36.362
836.32	36.212
836.76	36.051
837.20	35.864
837.64	35.692
838.08	35.537
838.51	35.413
838.95	35.279
839.39	35.152
839.83	35.034
840.26	34.926
840.70	34.821
841.14	34.721
841.58	34.623
842.01	34.531
842.45	34.432
842.89	34.323
843.33	34.227
843.76	34.136
844.20	34.051
844.64	33.964
845.08	33.877
845.51	33.793
845.95	33.727
846.39	33.668
846.82	33.605
847.26	33.536
847.70	33.449
848.14	33.374
848.57	33.325
849.01	33.289
849.45	33.241
849.88	33.199
850.32	33.174
850.76	33.160
851.19	33.149
851.63	33.136
852.07	33.150
852.50	33.167
852.94	33.167
853.38	33.156
853.81	33.162
854.25	33.196
854.69	33.237
855.12	33.285
855.56	33.341
856.00	33.407
856.43	33.499
856.87	33.586
857.31	33.687
857.74	33.782
858.18	33.860
858.62	33.941
859.05	34.020
859.49	34.105
859.93	34.187
860.36	34.278
860.80	34.381
861.24	34.478
861.67	34.575
862.11	34.676
862.54	34.793
862.98	34.935
863.42	35.074
863.85	35.218
864.29	35.356
864.72	35.505
865.16	35.650
865.60	35.780
866.03	35.915
866.47	36.055
866.90	36.180
867.34	36.335
867.78	36.525
868.21	36.737
868.65	36.955
869.08	37.177
869.52	37.373
869.95	37.566
870.39	37.758
870.83	37.952
871.26	38.188
871.70	38.442
872.13	38.664
872.57	38.877
873.00	39.059
873.44	39.256
873.87	39.443
874.31	39.629
874.75	39.814
875.18	40.009
875.62	40.206
876.05	40.409
876.49	40.612
876.92	40.846
877.36	41.086
877.79	41.294
878.23	41.477
878.66	41.683
879.10	41.899
879.53	42.126
879.97	42.354
880.40	42.555
880.84	42.760
881.27	42.944
881.71	43.120
882.14	43.327
882.58	43.537
883.01	43.745
883.45	43.948
883.88	44.164
884.32	44.375
884.75	44.559
885.19	44.769
885.62	44.976
886.06	45.166
886.49	45.348
886.92	45.536
887.36	45.748
887.79	45.942
888.23	46.120
888.66	46.279
889.10	46.418
889.53	46.576
889.97	46.708
890.40	46.840
890.83	46.983
891.27	47.115
891.70	47.269
892.14	47.430
892.57	47.609
893.01	47.798
893.44	47.961
893.87	48.140
894.31	48.319
894.74	48.485
895.18	48.609
895.61	48.707
896.04	48.801
896.48	48.891
896.91	48.962
897.35	49.016
897.78	49.085
898.21	49.204
898.65	49.317
899.08	49.420
899.52	49.538
899.95	49.660
900.38	49.803
900.82	49.908
901.25	50.021
901.68	50.134
902.12	50.229
902.55	50.330
902.99	50.455
903.42	50.565
903.85	50.673
904.29	50.775
904.72	50.868
905.15	50.971
905.59	51.067
906.02	51.177
906.45	51.295
906.89	51.416
907.32	51.510
907.75	51.603
908.19	51.667
908.62	51.726
909.05	51.775
909.49	51.752
909.92	51.748
910.35	51.749
910.78	51.711
911.22	51.650
911.65	51.584
912.08	51.516
912.52	51.465
912.95	51.412
913.38	51.329
913.82	51.287
914.25	51.254
914.68	51.207
915.11	51.162
915.55	51.123
915.98	51.087
916.41	51.003
916.84	50.900
917.28	50.840
917.71	50.802
918.14	50.753
918.58	50.731
919.01	50.658
919.44	50.592
919.87	50.539
920.31	50.515
920.74	50.500
921.17	50.441
921.60	50.355
922.03	50.264
922.47	50.175
922.90	50.072
923.33	49.924
923.76	49.815
924.20	49.710
924.63	49.607
925.06	49.472
925.49	49.331
925.92	49.209
926.36	49.090
926.79	48.933
927.22	48.773
927.65	48.632
928.08	48.516
928.52	48.374
928.95	48.207
929.38	48.035
929.81	47.884
930.24	47.737
930.68	47.576
931.11	47.404
931.54	47.269
931.97	47.130
932.40	47.014
932.83	46.877
933.27	46.761
933.70	46.578
934.13	46.406
934.56	46.292
934.99	46.141
935.42	45.978
935.85	45.808
936.29	45.650
936.72	45.528
937.15	45.391
937.58	45.243
938.01	45.082
938.44	44.900
938.87	44.717
939.31	44.532
939.74	44.345
940.17	44.202
940.60	44.018
941.03	43.828
941.46	43.646
941.89	43.475
942.32	43.246
942.75	43.065
943.18	42.862
943.62	42.657
944.05	42.435
944.48	42.180
944.91	41.948
945.34	41.739
945.77	41.505
946.20	41.261
946.63	41.010
947.06	40.805
947.49	40.598
947.92	40.371
948.35	40.133
948.78	39.902
949.22	39.671
949.65	39.426
950.08	39.175
950.51	38.941
950.94	38.692
951.37	38.453
951.80	38.231
952.23	38.036
952.66	37.852
953.09	37.690
953.52	37.522
953.95	37.384
954.38	37.221
954.81	37.028
955.24	36.845
955.67	36.685
956.10	36.532
956.53	36.365
956.96	36.207
957.39	36.068
957.82	35.938
958.25	35.773
958.68	35.629
959.11	35.486
959.54	35.355
959.97	35.229
960.40	35.113
960.83	35.006
961.26	34.910
961.69	34.745
962.12	34.555
962.55	34.398
962.98	34.239
963.41	34.092
963.84	33.946
964.27	33.823
964.70	33.684
965.13	33.548
965.56	33.399
965.99	33.241
966.42	33.123
966.84	33.018
967.27	32.880
967.70	32.753
968.13	32.695
968.56	32.586
968.99	32.471
969.42	32.342
969.85	32.258
970.28	32.106
970.71	32.003
971.14	31.918
971.57	31.858
972.00	31.766
972.42	31.665
972.85	31.560
973.28	31.482
973.71	31.395
974.14	31.263
974.57	31.182
975.00	31.150
975.43	31.092
975.86	30.978
976.28	30.917
976.71	30.884
977.14	30.767
977.57	30.660
978.00	30.529
978.43	30.501
978.86	30.379
979.29	30.316
979.71	30.238
980.14	30.214
980.57	30.153
981.00	30.087
981.43	30.061
981.86	30.021
982.28	29.983
982.71	29.886
983.14	29.827
983.57	29.783
984.00	29.747
984.43	29.673
984.85	29.677
985.28	29.673
985.71	29.727
986.14	29.747
986.57	29.736
986.99	29.781
987.42	29.759
987.85	29.777
988.28	29.761
988.71	29.767
989.13	29.863
989.56	29.886
989.99	29.931
990.42	29.967
990.85	30.086
991.27	30.079
991.70	30.149
992.13	30.175
992.56	30.284
992.98	30.291
993.41	30.319
993.84	30.345
994.27	30.405
994.70	30.405
995.12	30.372
995.55	30.416
995.98	30.538
996.41	30.623
996.83	30.662
997.26	30.787
997.69	30.893
998.11	30.798
998.54	30.826
998.97	30.863
999.40	30.971
999.82	31.032
1000.25	31.139
1000.68	31.299
1001.11	31.476
1001.53	31.582
1001.96	31.657
1002.39	31.719
1002.81	31.834
1003.24	31.909
1003.67	31.875
1004.09	31.960
1004.52	32.115
1004.95	32.157
1005.38	32.156
1005.80	32.223
1006.23	32.345
1006.66	32.455
1007.08	32.527
1007.51	32.618
1007.94	32.752
1008.36	32.768
1008.79	32.650
1009.22	32.588
1009.64	32.626
1010.07	32.705
1010.50	32.629
1010.92	32.670
1011.35	32.766
1011.77	32.871
1012.20	32.798
1012.63	32.907
1013.05	33.030
1013.48	33.113
1013.91	33.087
1014.33	33.085
1014.76	33.154
1015.19	33.154
1015.61	33.080
1016.04	33.222
1016.46	33.351
1016.89	33.362
1017.32	33.319
1017.74	33.495
1018.17	33.640
1018.59	33.817
1019.02	33.786
1019.45	33.808
1019.87	33.875
1020.30	33.996
1020.72	33.924
1021.15	33.996
1021.58	34.084
1022.00	34.290
1022.43	34.250
1022.85	34.307
1023.28	34.466
1023.70	34.569
1024.13	34.505
1024.55	34.413
1024.98	34.298
1025.41	34.312
1025.83	34.289
1026.26	34.159
1026.68	34.105
1027.11	34.148
1027.53	33.920
1027.96	33.925
1028.38	33.996
1028.81	34.225
1029.23	34.155
1029.66	34.095
1030.08	34.174
1030.51	34.252
1030.94	34.248
1031.36	34.035
1031.79	33.975
1032.21	34.175
1032.64	34.105
1033.06	34.040
1033.49	34.107
1033.91	34.264
1034.34	34.240
1034.76	34.008
1035.19	34.031
1035.61	34.219
1036.03	34.216
1036.46	34.107
1036.88	33.915
1037.31	33.964
1037.73	33.751
1038.16	33.594
1038.58	33.471
1039.01	33.556
1039.43	33.600
1039.86	33.289
1040.28	33.291
1040.71	33.330
1041.13	33.066
1041.55	32.756
1041.98	32.702
1042.40	32.661
1042.83	32.531
1043.25	32.173
1043.68	32.236
1044.10	32.415
1044.52	32.204
1044.95	32.076
1045.37	31.926
1045.80	31.975
1046.22	32.040
1046.65	31.740
1047.07	31.592
1047.49	31.839
1047.92	31.578
1048.34	30.879
1048.77	30.488
1049.19	30.365
1049.61	30.150
1050.04	29.744
1050.46	29.571
1050.89	29.409
1051.31	29.396
1051.73	28.932
1052.16	28.432
1052.58	28.320
1053.00	28.190
1053.43	27.750
1053.85	27.153
1054.27	26.785
1054.70	26.688
1055.12	26.160
1055.55	25.514
1055.97	25.163
1056.39	24.765
1056.82	24.394
1057.24	24.264
1057.66	24.109
1058.09	24.173
1058.51	23.767
1058.93	23.153
1059.36	22.951
1059.78	22.668
1060.20	21.962
1060.62	21.599
1061.05	21.439
1061.47	21.424
1061.89	20.638
1062.32	20.002
1062.74	19.818
1063.16	19.871
1063.59	19.359
1064.01	18.429
1064.43	18.005
1064.85	18.194
1065.28	17.793
1065.70	17.190
1066.12	16.531
1066.55	16.260
1066.97	15.784
1067.39	14.997
1067.81	14.549
1068.24	14.217
1068.66	13.778
1069.08	12.868
1069.50	12.052
1069.93	11.685
1070.35	10.881
1070.77	9.754
1071.19	8.930
1071.62	8.992
1072.04	8.521
1072.46	6.853
1072.88	6.202
1073.31	6.092
1073.73	4.730
1074.15	2.884
1074.57	1.604
1075.00	1.118
1075.42	0.178
1075.84	-1.836
1076.26	-3.112
1076.68	-3.230
1077.11	-3.786
1077.53	-5.850
1077.95	-6.927
1078.37	-8.011
1078.79	-8.653
1079.22	-10.999
1079.64	-12.625
1080.06	-13.424
1080.48	-15.591
1080.90	-18.316
1081.32	-19.670
1081.75	-21.301
1082.17	-22.727
1082.59	-25.027
1083.01	-26.902
1083.43	-28.761
1083.85	-30.045
1084.28	-33.069
1084.70	-36.027
1085.12	-37.469
1085.54	-41.208
1085.96	-45.047
1086.38	-47.081
1086.80	-47.817
1087.23	-47.629
1087.65	-50.975
1088.07	-54.302
1088.49	-55.419
1088.91	-56.683
1089.33	-59.476
1089.75	-63.328
1090.17	-64.593
1090.60	-65.657
1091.02	-69.509
1091.44	-72.042
1091.86	-74.190
1092.28	-76.425
1092.70	-81.231
1093.12	-85.162
1093.54	-87.786
1093.96	-88.936
1094.38	-90.853
1094.81	-96.760
1095.23	-99.710
1095.65	-102.560
1096.07	-106.798
1096.49	-113.540
1096.91	-116.437
1097.33	-117.251
1097.75	-125.222
1098.17	-131.605
1098.59	-133.072
1099.01	-135.021
1099.43	-139.572
1099.85	-147.969
1100.27	-153.773
1100.69	-154.085
1101.11	-156.549
1101.53	-162.075
1101.95	-166.683
1102.38	-162.238
1102.80	-266.325
1103.22	-119.913
1103.64	-144.425
1104.06	-359.002
1104.48	-214.594
1104.90	-162.086
1105.32	-178.506
1105.74	-188.920
1106.16	-352.960
