188.40	-286.477
188.88	-367.885
189.35	616.156
189.83	1842.609
190.30	-2064.706
190.78	-470.673
191.26	-418.841
191.73	1713.208
192.21	-2810.145
192.68	-307.824
193.16	-1613.721
193.63	-1896.676
194.11	-2024.829
194.58	-1871.234
195.06	-1541.854
195.53	-1018.484
196.01	-826.362
196.48	-738.837
196.96	-619.616
197.43	-524.779
197.91	-475.369
198.38	-428.554
198.86	-360.949
199.33	-304.182
199.81	-293.342
200.28	-277.473
200.76	-247.817
201.23	-222.439
201.71	-206.316
202.18	-194.509
202.66	-177.842
203.13	-167.227
203.61	-161.035
204.08	-153.282
204.55	-142.753
205.03	-134.869
205.50	-133.362
205.98	-135.872
206.45	-133.795
206.93	-128.949
207.40	-127.343
207.88	-125.360
208.35	-124.392
208.82	-127.409
209.30	-130.317
209.77	-129.522
210.25	-128.876
210.72	-128.092
211.20	-130.985
211.67	-128.155
212.14	-127.766
212.62	-126.747
213.09	-122.503
213.57	-118.194
214.04	-116.019
214.52	-114.197
214.99	-109.607
215.46	-111.787
215.94	-112.642
216.41	-110.276
216.89	-108.037
217.36	-109.848
217.83	-111.715
218.31	-110.563
218.78	-105.783
219.25	-102.831
219.73	-103.364
220.20	-104.347
220.68	-100.034
221.15	-100.027
221.62	-102.321
222.10	-102.938
222.57	-99.076
223.04	-98.870
223.52	-103.934
223.99	-105.732
224.47	-104.265
224.94	-108.969
225.41	-108.746
225.89	-109.002
226.36	-109.668
226.83	-113.086
227.31	-113.810
227.78	-115.293
228.25	-111.521
228.73	-113.851
229.20	-114.835
229.67	-116.928
230.15	-116.644
230.62	-118.362
231.09	-122.095
231.57	-123.324
232.04	-120.368
232.51	-121.864
232.98	-124.960
233.46	-120.999
233.93	-119.848
234.40	-118.945
234.88	-117.584
235.35	-119.409
235.82	-115.866
236.30	-112.624
236.77	-114.396
237.24	-116.720
237.71	-113.544
238.19	-113.493
238.66	-113.261
239.13	-115.378
239.61	-113.929
240.08	-111.708
240.55	-111.754
241.02	-107.858
241.50	-104.707
241.97	-102.350
242.44	-102.764
242.91	-103.962
243.39	-104.174
243.86	-102.153
244.33	-104.172
244.80	-107.114
245.28	-105.691
245.75	-102.892
246.22	-105.915
246.69	-105.057
247.17	-100.937
247.64	-99.827
248.11	-102.642
248.58	-103.284
249.05	-102.998
249.53	-100.155
250.00	-101.182
250.47	-103.763
250.94	-106.378
251.42	-104.889
251.89	-104.025
252.36	-104.776
252.83	-102.420
253.30	-98.750
253.78	-97.342
254.25	-97.624
254.72	-96.838
255.19	-95.080
255.66	-96.538
256.13	-99.129
256.61	-98.567
257.08	-98.015
257.55	-98.783
258.02	-97.774
258.49	-99.280
258.97	-98.672
259.44	-98.980
259.91	-99.431
260.38	-98.394
260.85	-95.639
261.32	-96.470
261.79	-96.827
262.27	-97.050
262.74	-95.793
263.21	-95.043
263.68	-100.492
264.15	-103.207
264.62	-104.260
265.09	-105.385
265.57	-106.818
266.04	-106.358
266.51	-105.243
266.98	-107.115
267.45	-106.978
267.92	-108.716
268.39	-105.350
268.86	-104.784
269.34	-100.757
269.81	-102.175
270.28	-101.277
270.75	-97.917
271.22	-99.418
271.69	-99.284
272.16	-96.717
272.63	-94.916
273.10	-96.575
273.57	-95.403
274.05	-92.745
274.52	-86.706
274.99	-85.623
275.46	-85.962
275.93	-84.353
276.40	-83.993
276.87	-80.985
277.34	-81.905
277.81	-81.150
278.28	-82.045
278.75	-83.907
279.22	-87.217
279.69	-86.142
280.16	-85.510
280.63	-85.855
281.11	-87.658
281.58	-89.216
282.05	-89.040
282.52	-90.607
282.99	-89.666
283.46	-90.380
283.93	-88.714
284.40	-91.157
284.87	-91.254
285.34	-91.131
285.81	-90.498
286.28	-88.921
286.75	-88.675
287.22	-89.120
287.69	-88.031
288.16	-85.955
288.63	-84.689
289.10	-84.468
289.57	-81.808
290.04	-79.524
290.51	-79.183
290.98	-76.966
291.45	-76.308
291.92	-76.995
292.39	-77.139
292.86	-78.133
293.33	-76.605
293.80	-76.431
294.27	-76.386
294.74	-77.319
295.21	-75.378
295.68	-74.697
296.15	-75.907
296.62	-77.815
297.09	-76.310
297.56	-75.278
298.03	-74.323
298.49	-73.666
298.96	-73.727
299.43	-73.565
299.90	-76.579
300.37	-76.999
300.84	-77.127
301.31	-75.845
301.78	-74.417
302.25	-73.934
302.72	-72.325
303.19	-69.941
303.66	-67.523
304.13	-67.326
304.60	-66.367
305.07	-65.942
305.53	-63.938
306.00	-64.375
306.47	-63.781
306.94	-63.346
307.41	-63.044
307.88	-63.818
308.35	-63.784
308.82	-62.275
309.29	-62.296
309.76	-61.030
310.22	-61.161
310.69	-60.997
311.16	-60.106
311.63	-59.950
312.10	-60.921
312.57	-61.059
313.04	-61.176
313.51	-63.105
313.97	-62.562
314.44	-61.998
314.91	-62.384
315.38	-63.126
315.85	-61.923
316.32	-60.183
316.79	-58.959
317.25	-60.286
317.72	-60.616
318.19	-60.230
318.66	-59.776
319.13	-59.486
319.60	-60.337
320.07	-59.402
320.53	-57.007
321.00	-56.024
321.47	-54.854
321.94	-53.964
322.41	-53.335
322.87	-52.319
323.34	-51.241
323.81	-50.184
324.28	-49.381
324.75	-49.401
325.22	-48.425
325.68	-48.438
326.15	-48.466
326.62	-48.301
327.09	-46.073
327.56	-45.105
328.02	-43.755
328.49	-43.575
328.96	-43.409
329.43	-42.217
329.89	-42.985
330.36	-43.876
330.83	-44.432
331.30	-45.548
331.77	-44.983
332.23	-44.017
332.70	-43.496
333.17	-44.280
333.64	-43.884
334.10	-42.421
334.57	-40.703
335.04	-41.134
335.51	-40.205
335.97	-39.362
336.44	-37.994
336.91	-38.566
337.38	-38.356
337.84	-38.254
338.31	-37.314
338.78	-36.779
339.24	-36.427
339.71	-33.906
340.18	-32.116
340.65	-31.550
341.11	-29.496
341.58	-27.549
342.05	-27.032
342.52	-26.545
342.98	-25.729
343.45	-25.180
343.92	-24.946
344.38	-24.997
344.85	-23.985
345.32	-23.082
345.78	-22.763
346.25	-22.150
346.72	-21.266
347.18	-20.089
347.65	-19.117
348.12	-18.722
348.58	-17.808
349.05	-16.867
349.52	-16.547
349.99	-16.049
350.45	-15.546
350.92	-15.331
351.38	-15.207
351.85	-14.751
352.32	-14.451
352.78	-13.347
353.25	-12.336
353.72	-11.561
354.18	-11.166
354.65	-10.688
355.12	-10.480
355.58	-9.684
356.05	-9.442
356.52	-9.122
356.98	-9.003
357.45	-8.620
357.91	-8.432
358.38	-8.292
358.85	-7.999
359.31	-7.730
359.78	-7.540
360.25	-7.202
360.71	-6.725
361.18	-6.290
361.64	-6.242
362.11	-5.942
362.58	-5.845
363.04	-5.730
363.51	-5.504
363.97	-5.116
364.44	-4.875
364.91	-4.449
365.37	-4.413
365.84	-4.280
366.30	-3.878
366.77	-3.669
367.23	-3.506
367.70	-3.304
368.17	-2.997
368.63	-2.580
369.10	-2.472
369.56	-2.380
370.03	-2.200
370.49	-2.106
370.96	-2.142
371.42	-1.888
371.89	-1.745
372.36	-1.413
372.82	-1.276
373.29	-1.238
373.75	-1.090
374.22	-0.918
374.68	-0.776
375.15	-0.593
375.61	-0.390
376.08	-0.252
376.54	-0.101
377.01	0.004
377.47	0.226
377.94	0.371
378.40	0.373
378.87	0.432
379.33	0.590
379.80	0.710
380.26	0.804
380.73	0.946
381.19	1.074
381.66	1.244
382.12	1.217
382.59	1.228
383.05	1.285
383.52	1.332
383.98	1.401
384.45	1.397
384.91	1.411
385.38	1.521
385.84	1.571
386.31	1.588
386.77	1.633
387.24	1.734
387.70	1.852
388.16	1.960
388.63	2.124
389.09	2.213
389.56	2.316
390.02	2.348
390.49	2.396
390.95	2.459
391.42	2.553
391.88	2.638
392.34	2.774
392.81	2.949
393.27	3.117
393.74	3.200
394.20	3.313
394.67	3.468
395.13	3.568
395.59	3.676
396.06	3.719
396.52	3.840
396.99	3.909
397.45	3.874
397.91	3.913
398.38	3.864
398.84	3.949
399.31	3.978
399.77	4.044
400.23	4.098
400.70	4.166
401.16	4.136
401.63	4.108
402.09	4.087
402.55	4.071
403.02	3.984
403.48	3.918
403.94	3.897
404.41	3.861
404.87	3.830
405.33	3.758
405.80	3.794
406.26	3.761
406.73	3.735
407.19	3.758
407.65	3.793
408.12	3.887
408.58	3.918
409.04	3.969
409.51	4.021
409.97	4.134
410.43	4.225
410.90	4.375
411.36	4.567
411.82	4.758
412.29	4.952
412.75	5.175
413.21	5.399
413.67	5.632
414.14	5.860
414.60	6.067
415.06	6.326
415.53	6.600
415.99	6.837
416.45	7.079
416.92	7.291
417.38	7.483
417.84	7.684
418.30	7.799
418.77	7.932
419.23	8.052
419.69	8.145
420.16	8.191
420.62	8.211
421.08	8.216
421.54	8.169
422.01	8.103
422.47	8.020
422.93	7.964
423.39	7.848
423.86	7.727
424.32	7.572
424.78	7.425
425.24	7.243
425.71	7.092
426.17	6.938
426.63	6.804
427.09	6.664
427.56	6.492
428.02	6.359
428.48	6.241
428.94	6.111
429.41	5.926
429.87	5.825
430.33	5.849
430.79	5.916
431.25	6.039
431.72	6.169
432.18	6.348
432.64	6.574
433.10	6.829
433.56	7.096
434.03	7.425
434.49	7.776
434.95	8.147
435.41	8.521
435.87	8.909
436.34	9.327
436.80	9.748
437.26	10.194
437.72	10.652
438.18	11.122
438.64	11.607
439.11	12.109
439.57	12.577
440.03	12.970
440.49	13.314
440.95	13.615
441.41	13.884
441.88	14.152
442.34	14.368
442.80	14.550
443.26	14.694
443.72	14.813
444.18	14.862
444.64	14.873
445.11	14.874
445.57	14.837
446.03	14.757
446.49	14.640
446.95	14.503
447.41	14.347
447.87	14.140
448.33	13.911
448.79	13.664
449.26	13.427
449.72	13.164
450.18	12.911
450.64	12.663
451.10	12.437
451.56	12.190
452.02	11.959
452.48	11.739
452.94	11.551
453.40	11.390
453.87	11.267
454.33	11.178
454.79	11.116
455.25	11.079
455.71	11.079
456.17	11.133
456.63	11.237
457.09	11.372
457.55	11.560
458.01	11.787
458.47	12.068
458.93	12.374
459.39	12.714
459.85	13.077
460.31	13.482
460.77	13.909
461.24	14.369
461.70	14.856
462.16	15.365
462.62	15.895
463.08	16.398
463.54	16.926
464.00	17.465
464.46	17.990
464.92	18.512
465.38	19.018
465.84	19.509
466.30	19.975
466.76	20.421
467.22	20.833
467.68	21.218
468.14	21.571
468.60	21.894
469.06	22.184
469.52	22.430
469.98	22.643
470.44	22.813
470.90	22.936
471.36	23.018
471.82	23.067
472.28	23.065
472.74	23.043
473.20	22.978
473.66	22.873
474.12	22.739
474.58	22.549
475.04	22.343
475.50	22.109
475.95	21.847
476.41	21.562
476.87	21.262
477.33	20.947
477.79	20.624
478.25	20.288
478.71	19.945
479.17	19.602
479.63	19.257
480.09	18.923
480.55	18.602
481.01	18.296
481.47	18.008
481.93	17.742
482.39	17.503
482.84	17.292
483.30	17.114
483.76	16.965
484.22	16.859
484.68	16.785
485.14	16.748
485.60	16.750
486.06	16.792
486.52	16.872
486.98	16.999
487.44	17.166
487.89	17.372
488.35	17.621
488.81	17.908
489.27	18.229
489.73	18.585
490.19	18.975
490.65	19.399
491.11	19.847
491.56	20.318
492.02	20.812
492.48	21.319
492.94	21.845
493.40	22.381
493.86	22.921
494.32	23.466
494.77	24.013
495.23	24.555
495.69	25.098
496.15	25.637
496.61	26.161
497.07	26.668
497.52	27.160
497.98	27.638
498.44	28.093
498.90	28.526
499.36	28.935
499.82	29.310
500.27	29.657
500.73	29.970
501.19	30.250
501.65	30.497
502.11	30.711
502.56	30.894
503.02	31.039
503.48	31.150
503.94	31.234
504.40	31.286
504.85	31.301
505.31	31.287
505.77	31.236
506.23	31.145
506.69	31.031
507.14	30.888
507.60	30.711
508.06	30.506
508.52	30.274
508.97	30.014
509.43	29.737
509.89	29.428
510.35	29.114
510.80	28.783
511.26	28.444
511.72	28.094
512.18	27.728
512.63	27.357
513.09	26.985
513.55	26.607
514.01	26.228
514.46	25.860
514.92	25.490
515.38	25.138
515.84	24.804
516.29	24.482
516.75	24.173
517.21	23.886
517.66	23.616
518.12	23.376
518.58	23.164
519.04	22.982
519.49	22.836
519.95	22.714
520.41	22.621
520.86	22.559
521.32	22.533
521.78	22.547
522.23	22.597
522.69	22.682
523.15	22.808
523.61	22.969
524.06	23.159
524.52	23.390
524.98	23.648
525.43	23.943
525.89	24.260
526.35	24.600
526.80	24.971
527.26	25.372
527.72	25.789
528.17	26.229
528.63	26.680
529.09	27.147
529.54	27.628
530.00	28.130
530.45	28.636
530.91	29.149
531.37	29.660
531.82	30.169
532.28	30.678
532.74	31.181
533.19	31.678
533.65	32.162
534.10	32.628
534.56	33.077
535.02	33.506
535.47	33.924
535.93	34.333
536.39	34.723
536.84	35.093
537.30	35.440
537.75	35.758
538.21	36.053
538.67	36.320
539.12	36.566
539.58	36.787
540.03	36.986
540.49	37.162
540.94	37.317
541.40	37.442
541.86	37.537
542.31	37.601
542.77	37.643
543.22	37.665
543.68	37.664
544.13	37.637
544.59	37.589
545.05	37.511
545.50	37.410
545.96	37.275
546.41	37.115
546.87	36.943
547.32	36.747
547.78	36.534
548.23	36.300
548.69	36.043
549.14	35.766
549.60	35.467
550.06	35.151
550.51	34.820
550.97	34.482
551.42	34.128
551.88	33.770
552.33	33.394
552.79	33.015
553.24	32.637
553.70	32.262
554.15	31.886
554.61	31.516
555.06	31.150
555.52	30.787
555.97	30.436
556.43	30.091
556.88	29.761
557.34	29.446
557.79	29.151
558.25	28.874
558.70	28.616
559.15	28.381
559.61	28.162
560.06	27.968
560.52	27.800
560.97	27.662
561.43	27.551
561.88	27.470
562.34	27.416
562.79	27.382
563.25	27.380
563.70	27.402
564.16	27.457
564.61	27.542
565.06	27.656
565.52	27.794
565.97	27.965
566.43	28.167
566.88	28.395
567.34	28.647
567.79	28.922
568.24	29.224
568.70	29.544
569.15	29.884
569.61	30.242
570.06	30.614
570.51	31.010
570.97	31.423
571.42	31.852
571.88	32.294
572.33	32.742
572.78	33.202
573.24	33.675
573.69	34.145
574.15	34.622
574.60	35.101
575.05	35.588
575.51	36.074
575.96	36.560
576.42	37.049
576.87	37.536
577.32	38.020
577.78	38.489
578.23	38.955
578.68	39.419
579.14	39.867
579.59	40.301
580.04	40.721
580.50	41.122
580.95	41.507
581.40	41.874
581.86	42.238
582.31	42.577
582.76	42.908
583.22	43.221
583.67	43.512
584.12	43.787
584.58	44.033
585.03	44.252
585.48	44.442
585.94	44.601
586.39	44.733
586.84	44.851
587.30	44.959
587.75	45.037
588.20	45.096
588.66	45.135
589.11	45.153
589.56	45.151
590.01	45.128
590.47	45.082
590.92	45.020
591.37	44.932
591.83	44.823
592.28	44.681
592.73	44.528
593.18	44.356
593.64	44.171
594.09	43.965
594.54	43.753
594.99	43.532
595.45	43.297
595.90	43.038
596.35	42.759
596.80	42.463
597.26	42.155
597.71	41.832
598.16	41.497
598.61	41.155
599.07	40.802
599.52	40.434
599.97	40.062
600.42	39.686
600.88	39.304
601.33	38.917
601.78	38.534
602.23	38.139
602.69	37.740
603.14	37.336
603.59	36.936
604.04	36.539
604.49	36.138
604.95	35.740
605.40	35.369
605.85	35.012
606.30	34.655
606.75	34.311
607.21	33.982
607.66	33.668
608.11	33.365
608.56	33.072
609.01	32.799
609.46	32.544
609.92	32.307
610.37	32.089
610.82	31.894
611.27	31.719
611.72	31.567
612.17	31.444
612.63	31.336
613.08	31.252
613.53	31.188
613.98	31.158
614.43	31.152
614.88	31.161
615.34	31.189
615.79	31.235
616.24	31.302
616.69	31.391
617.14	31.506
617.59	31.639
618.04	31.796
618.49	31.976
618.95	32.171
619.40	32.380
619.85	32.617
620.30	32.867
620.75	33.126
621.20	33.408
621.65	33.698
622.10	34.007
622.55	34.332
623.00	34.669
623.46	35.011
623.91	35.357
624.36	35.717
624.81	36.080
625.26	36.458
625.71	36.838
626.16	37.234
626.61	37.624
627.06	38.021
627.51	38.430
627.96	38.832
628.41	39.235
628.86	39.633
629.32	40.027
629.77	40.425
630.22	40.822
630.67	41.212
631.12	41.597
631.57	41.985
632.02	42.361
632.47	42.723
632.92	43.087
633.37	43.450
633.82	43.802
634.27	44.140
634.72	44.469
635.17	44.790
635.62	45.093
636.07	45.389
636.52	45.664
636.97	45.929
637.42	46.178
637.87	46.414
638.32	46.639
638.77	46.859
639.22	47.058
639.67	47.239
640.12	47.409
640.57	47.565
641.02	47.697
641.47	47.817
641.92	47.932
642.37	48.016
642.82	48.076
643.27	48.115
643.72	48.150
644.17	48.168
644.62	48.169
645.07	48.150
645.52	48.126
645.97	48.092
646.42	48.036
646.87	47.975
647.32	47.921
647.77	47.864
648.22	47.776
648.66	47.663
649.11	47.534
649.56	47.386
650.01	47.234
650.46	47.070
650.91	46.896
651.36	46.702
651.81	46.498
652.26	46.294
652.71	46.070
653.16	45.831
653.61	45.580
654.06	45.325
654.50	45.064
654.95	44.783
655.40	44.496
655.85	44.201
656.30	43.895
656.75	43.560
657.20	43.211
657.65	42.868
658.10	42.519
658.55	42.185
658.99	41.852
659.44	41.514
659.89	41.170
660.34	40.818
660.79	40.466
661.24	40.117
661.69	39.772
662.13	39.439
662.58	39.098
663.03	38.766
663.48	38.430
663.93	38.097
664.38	37.766
664.83	37.446
665.27	37.126
665.72	36.806
666.17	36.502
666.62	36.208
667.07	35.911
667.52	35.635
667.96	35.347
668.41	35.066
668.86	34.795
669.31	34.540
669.76	34.305
670.21	34.080
670.65	33.869
671.10	33.661
671.55	33.471
672.00	33.302
672.45	33.143
672.89	33.001
673.34	32.861
673.79	32.741
674.24	32.627
674.68	32.531
675.13	32.452
675.58	32.392
676.03	32.346
676.48	32.309
676.92	32.282
677.37	32.280
677.82	32.298
678.27	32.316
678.71	32.352
679.16	32.402
679.61	32.466
680.06	32.547
680.50	32.639
680.95	32.750
681.40	32.870
681.85	32.988
682.29	33.124
682.74	33.280
683.19	33.447
683.64	33.630
684.08	33.831
684.53	34.039
684.98	34.265
685.43	34.503
685.87	34.750
686.32	35.001
686.77	35.255
687.21	35.502
687.66	35.778
688.11	36.064
688.55	36.344
689.00	36.624
689.45	36.925
689.90	37.237
690.34	37.542
690.79	37.850
691.24	38.174
691.68	38.500
692.13	38.818
692.58	39.126
693.02	39.447
693.47	39.762
693.92	40.074
694.36	40.364
694.81	40.665
695.26	40.975
695.70	41.270
696.15	41.570
696.60	41.884
697.04	42.191
697.49	42.476
697.94	42.748
698.38	43.036
698.83	43.313
699.27	43.586
699.72	43.837
700.17	44.093
700.61	44.344
701.06	44.592
701.51	44.838
701.95	45.090
702.40	45.338
702.84	45.565
703.29	45.791
703.74	46.013
704.18	46.222
704.63	46.419
705.07	46.617
705.52	46.805
705.97	46.977
706.41	47.130
706.86	47.277
707.30	47.439
707.75	47.593
708.20	47.727
708.64	47.840
709.09	47.946
709.53	48.041
709.98	48.134
710.42	48.201
710.87	48.247
711.32	48.288
711.76	48.303
712.21	48.324
712.65	48.339
713.10	48.355
713.54	48.350
713.99	48.337
714.43	48.318
714.88	48.277
715.33	48.214
715.77	48.164
716.22	48.115
716.66	48.043
717.11	47.955
717.55	47.869
718.00	47.775
718.44	47.677
718.89	47.562
719.33	47.444
719.78	47.328
720.22	47.212
720.67	47.084
721.11	46.956
721.56	46.818
722.00	46.659
722.45	46.482
722.89	46.303
723.34	46.121
723.78	45.956
724.23	45.787
724.67	45.615
725.12	45.415
725.56	45.203
726.01	44.998
726.45	44.780
726.90	44.537
727.34	44.298
727.78	44.072
728.23	43.834
728.67	43.577
729.12	43.316
729.56	43.061
730.01	42.793
730.45	42.502
730.90	42.205
731.34	41.933
731.79	41.665
732.23	41.385
732.67	41.090
733.12	40.780
733.56	40.503
734.01	40.229
734.45	39.939
734.89	39.662
735.34	39.398
735.78	39.135
736.23	38.867
736.67	38.592
737.12	38.316
737.56	38.049
738.00	37.785
738.45	37.530
738.89	37.277
739.34	37.049
739.78	36.848
740.22	36.643
740.67	36.413
741.11	36.179
741.55	35.969
742.00	35.761
742.44	35.554
742.89	35.331
743.33	35.120
743.77	34.944
744.22	34.771
744.66	34.573
745.10	34.382
745.55	34.199
745.99	34.048
746.43	33.906
746.88	33.761
747.32	33.615
747.76	33.486
748.21	33.381
748.65	33.262
749.09	33.136
749.54	33.015
749.98	32.927
750.42	32.856
750.87	32.776
751.31	32.707
751.75	32.662
752.20	32.636
752.64	32.623
753.08	32.599
753.53	32.575
753.97	32.577
754.41	32.592
754.85	32.623
755.30	32.652
755.74	32.684
756.18	32.752
756.63	32.848
757.07	32.944
757.51	33.017
757.95	33.102
758.40	33.210
758.84	33.334
759.28	33.459
759.72	33.586
760.17	33.729
760.61	33.885
761.05	34.039
761.50	34.183
761.94	34.325
762.38	34.478
762.82	34.658
763.26	34.840
763.71	35.021
764.15	35.195
764.59	35.368
765.03	35.543
765.48	35.713
765.92	35.876
766.36	36.038
766.80	36.227
767.25	36.432
767.69	36.635
768.13	36.855
768.57	37.080
769.01	37.314
769.46	37.544
769.90	37.770
770.34	37.994
770.78	38.224
771.22	38.473
771.67	38.744
772.11	39.002
772.55	39.255
772.99	39.493
773.43	39.729
773.87	39.990
774.32	40.257
774.76	40.517
775.20	40.770
775.64	41.031
776.08	41.308
776.52	41.575
776.97	41.833
777.41	42.069
777.85	42.303
778.29	42.548
778.73	42.807
779.17	43.074
779.62	43.330
780.06	43.584
780.50	43.830
780.94	44.055
781.38	44.278
781.82	44.499
782.26	44.737
782.70	44.984
783.15	45.222
783.59	45.456
784.03	45.678
784.47	45.895
784.91	46.085
785.35	46.261
785.79	46.438
786.23	46.610
786.67	46.783
787.11	46.947
787.56	47.091
788.00	47.222
788.44	47.356
788.88	47.503
789.32	47.643
789.76	47.777
790.20	47.917
790.64	48.056
791.08	48.198
791.52	48.317
791.96	48.414
792.40	48.513
792.84	48.618
793.28	48.737
793.73	48.853
794.17	48.971
794.61	49.071
795.05	49.172
795.49	49.254
795.93	49.329
796.37	49.382
796.81	49.435
797.25	49.501
797.69	49.536
798.13	49.549
798.57	49.555
799.01	49.563
799.45	49.540
799.89	49.498
800.33	49.460
800.77	49.448
801.21	49.447
801.65	49.410
802.09	49.346
802.53	49.282
802.97	49.214
803.41	49.162
803.85	49.107
804.29	49.039
804.73	48.997
805.17	48.925
805.61	48.855
806.05	48.786
806.49	48.681
806.93	48.588
807.37	48.510
807.81	48.457
808.25	48.368
808.69	48.272
809.13	48.172
809.57	48.061
810.01	47.942
810.44	47.801
810.88	47.671
811.32	47.545
811.76	47.410
812.20	47.260
812.64	47.095
813.08	46.927
813.52	46.748
813.96	46.550
814.40	46.383
814.84	46.226
815.28	46.054
815.72	45.888
816.16	45.711
816.59	45.529
817.03	45.327
817.47	45.145
817.91	44.984
818.35	44.822
818.79	44.661
819.23	44.478
819.67	44.297
820.11	44.113
820.54	43.914
820.98	43.696
821.42	43.492
821.86	43.278
822.30	43.059
822.74	42.858
823.18	42.651
823.62	42.428
824.05	42.207
824.49	42.003
824.93	41.797
825.37	41.605
825.81	41.406
826.25	41.184
826.69	40.921
827.12	40.649
827.56	40.400
828.00	40.145
828.44	39.915
828.88	39.686
829.32	39.446
829.75	39.220
830.19	39.002
830.63	38.774
831.07	38.557
831.51	38.335
831.94	38.098
832.38	37.873
832.82	37.670
833.26	37.473
833.70	37.270
834.13	37.076
834.57	36.864
835.01	36.658
835.45	36.473
835.89	36.324
836.32	36.181
836.76	36.013
837.20	35.831
837.64	35.657
838.08	35.502
838.51	35.381
838.95	35.249
839.39	35.128
839.83	35.017
840.26	34.911
840.70	34.813
841.14	34.722
841.58	34.626
842.01	34.533
842.45	34.443
842.89	34.346
843.33	34.242
843.76	34.157
844.20	34.077
844.64	33.997
845.08	33.911
845.51	33.831
845.95	33.768
846.39	33.727
846.82	33.668
847.26	33.607
847.70	33.520
848.14	33.451
848.57	33.402
849.01	33.364
849.45	33.316
849.88	33.273
850.32	33.244
850.76	33.229
851.19	33.222
851.63	33.216
852.07	33.229
852.50	33.251
852.94	33.253
853.38	33.248
853.81	33.268
854.25	33.301
854.69	33.339
855.12	33.395
855.56	33.440
856.00	33.515
856.43	33.607
856.87	33.703
857.31	33.804
857.74	33.906
858.18	33.980
858.62	34.072
859.05	34.163
859.49	34.256
859.93	34.343
860.36	34.440
860.80	34.533
861.24	34.631
861.67	34.726
862.11	34.834
862.54	34.949
862.98	35.070
863.42	35.210
863.85	35.356
864.29	35.493
864.72	35.648
865.16	35.786
865.60	35.919
866.03	36.057
866.47	36.195
866.90	36.329
867.34	36.492
867.78	36.675
868.21	36.889
868.65	37.101
869.08	37.328
869.52	37.518
869.95	37.715
870.39	37.905
870.83	38.103
871.26	38.330
871.70	38.574
872.13	38.806
872.57	39.019
873.00	39.211
873.44	39.405
873.87	39.592
874.31	39.773
874.75	39.954
875.18	40.149
875.62	40.346
876.05	40.536
876.49	40.745
876.92	40.980
877.36	41.209
877.79	41.424
878.23	41.618
878.66	41.828
879.10	42.052
879.53	42.273
879.97	42.500
880.40	42.702
880.84	42.915
881.27	43.096
881.71	43.273
882.14	43.473
882.58	43.679
883.01	43.884
883.45	44.106
883.88	44.322
884.32	44.523
884.75	44.714
885.19	44.922
885.62	45.125
886.06	45.310
886.49	45.493
886.92	45.678
887.36	45.873
887.79	46.072
888.23	46.242
888.66	46.414
889.10	46.569
889.53	46.733
889.97	46.868
890.40	47.020
890.83	47.168
891.27	47.306
891.70	47.463
892.14	47.623
892.57	47.794
893.01	47.979
893.44	48.153
893.87	48.337
894.31	48.531
894.74	48.711
895.18	48.841
895.61	48.936
896.04	49.029
896.48	49.114
896.91	49.187
897.35	49.248
897.78	49.311
898.21	49.409
898.65	49.507
899.08	49.613
899.52	49.706
899.95	49.808
900.38	49.932
900.82	50.029
901.25	50.146
901.68	50.252
902.12	50.352
902.55	50.459
902.99	50.572
903.42	50.668
903.85	50.762
904.29	50.842
904.72	50.945
905.15	51.038
905.59	51.136
906.02	51.242
906.45	51.363
906.89	51.475
907.32	51.568
907.75	51.661
908.19	51.714
908.62	51.787
909.05	51.843
909.49	51.855
909.92	51.861
910.35	51.850
910.78	51.802
911.22	51.726
911.65	51.659
912.08	51.592
912.52	51.537
912.95	51.486
913.38	51.427
913.82	51.370
914.25	51.345
914.68	51.306
915.11	51.261
915.55	51.198
915.98	51.155
916.41	51.080
916.84	50.990
917.28	50.934
917.71	50.890
918.14	50.846
918.58	50.807
919.01	50.741
919.44	50.662
919.87	50.614
920.31	50.578
920.74	50.546
921.17	50.469
921.60	50.392
922.03	50.289
922.47	50.194
922.90	50.077
923.33	49.924
923.76	49.791
924.20	49.662
924.63	49.565
925.06	49.434
925.49	49.278
925.92	49.139
926.36	49.019
926.79	48.869
927.22	48.722
927.65	48.577
928.08	48.452
928.52	48.350
928.95	48.188
929.38	48.035
929.81	47.896
930.24	47.766
930.68	47.591
931.11	47.407
931.54	47.265
931.97	47.128
932.40	47.017
932.83	46.913
933.27	46.803
933.70	46.634
934.13	46.477
934.56	46.373
934.99	46.225
935.42	46.060
935.85	45.871
936.29	45.676
936.72	45.523
937.15	45.387
937.58	45.213
938.01	45.072
938.44	44.904
938.87	44.708
939.31	44.529
939.74	44.360
940.17	44.206
940.60	44.035
941.03	43.852
941.46	43.656
941.89	43.462
942.32	43.264
942.75	43.067
943.18	42.858
943.62	42.636
944.05	42.428
944.48	42.177
944.91	41.968
945.34	41.775
945.77	41.571
946.20	41.326
946.63	41.102
947.06	40.869
947.49	40.634
947.92	40.423
948.35	40.169
948.78	39.916
949.22	39.698
949.65	39.457
950.08	39.226
950.51	38.984
950.94	38.729
951.37	38.482
951.80	38.293
952.23	38.104
952.66	37.930
953.09	37.782
953.52	37.646
953.95	37.497
954.38	37.357
954.81	37.163
955.24	36.998
955.67	36.827
956.10	36.683
956.53	36.546
956.96	36.389
957.39	36.242
957.82	36.133
958.25	35.973
958.68	35.815
959.11	35.671
959.54	35.554
959.97	35.385
960.40	35.266
960.83	35.135
961.26	35.018
961.69	34.879
962.12	34.677
962.55	34.497
962.98	34.356
963.41	34.168
963.84	34.055
964.27	33.902
964.70	33.769
965.13	33.631
965.56	33.469
965.99	33.357
966.42	33.282
966.84	33.161
967.27	33.029
967.70	32.900
968.13	32.809
968.56	32.696
968.99	32.661
969.42	32.559
969.85	32.432
970.28	32.294
970.71	32.176
971.14	32.106
971.57	32.024
972.00	31.920
972.42	31.823
972.85	31.666
973.28	31.575
973.71	31.452
974.14	31.328
974.57	31.272
975.00	31.143
975.43	31.021
975.86	30.944
976.28	30.886
976.71	30.856
977.14	30.773
977.57	30.700
978.00	30.589
978.43	30.538
978.86	30.495
979.29	30.454
979.71	30.365
980.14	30.331
980.57	30.283
981.00	30.194
981.43	30.154
981.86	30.138
982.28	30.102
982.71	30.051
983.14	30.051
983.57	30.027
984.00	30.047
984.43	30.048
984.85	30.043
985.28	30.087
985.71	30.090
986.14	30.061
986.57	30.036
986.99	30.037
987.42	30.002
987.85	29.989
988.28	30.000
988.71	30.040
989.13	30.075
989.56	30.117
989.99	30.224
990.42	30.275
990.85	30.421
991.27	30.488
991.70	30.542
992.13	30.523
992.56	30.591
992.98	30.529
993.41	30.603
993.84	30.641
994.27	30.623
994.70	30.651
995.12	30.698
995.55	30.791
995.98	30.953
996.41	31.038
996.83	31.076
997.26	31.172
997.69	31.331
998.11	31.335
998.54	31.384
998.97	31.407
999.40	31.524
999.82	31.531
1000.25	31.628
1000.68	31.755
1001.11	31.903
1001.53	31.994
1001.96	32.166
1002.39	32.194
1002.81	32.238
1003.24	32.303
1003.67	32.382
1004.09	32.478
1004.52	32.520
1004.95	32.451
1005.38	32.495
1005.80	32.574
1006.23	32.637
1006.66	32.647
1007.08	32.703
1007.51	32.688
1007.94	32.806
1008.36	32.902
1008.79	32.924
1009.22	32.943
1009.64	32.967
1010.07	33.032
1010.50	33.025
1010.92	33.065
1011.35	33.163
1011.77	33.251
1012.20	33.275
1012.63	33.340
1013.05	33.432
1013.48	33.560
1013.91	33.637
1014.33	33.698
1014.76	33.830
1015.19	33.937
1015.61	33.873
1016.04	33.980
1016.46	34.211
1016.89	34.254
1017.32	34.295
1017.74	34.346
1018.17	34.336
1018.59	34.491
1019.02	34.502
1019.45	34.509
1019.87	34.451
1020.30	34.420
1020.72	34.495
1021.15	34.590
1021.58	34.659
1022.00	34.653
1022.43	34.597
1022.85	34.641
1023.28	34.579
1023.70	34.587
1024.13	34.476
1024.55	34.563
1024.98	34.551
1025.41	34.608
1025.83	34.454
1026.26	34.360
1026.68	34.324
1027.11	34.494
1027.53	34.383
1027.96	34.261
1028.38	34.337
1028.81	34.540
1029.23	34.667
1029.66	34.648
1030.08	34.643
1030.51	34.854
1030.94	35.008
1031.36	34.990
1031.79	34.974
1032.21	35.131
1032.64	35.141
1033.06	35.040
1033.49	34.884
1033.91	34.867
1034.34	34.903
1034.76	35.011
1035.19	34.858
1035.61	34.909
1036.03	34.868
1036.46	34.928
1036.88	35.015
1037.31	35.024
1037.73	34.815
1038.16	34.442
1038.58	34.405
1039.01	34.372
1039.43	34.216
1039.86	34.145
1040.28	33.994
1040.71	34.186
1041.13	34.204
1041.55	33.944
1041.98	34.015
1042.40	34.061
1042.83	34.023
1043.25	33.515
1043.68	33.393
1044.10	33.530
1044.52	33.592
1044.95	33.192
1045.37	32.773
1045.80	32.555
1046.22	32.367
1046.65	32.232
1047.07	32.197
1047.49	32.076
1047.92	31.977
1048.34	31.366
1048.77	30.930
1049.19	30.847
1049.61	30.329
1050.04	29.833
1050.46	29.625
1050.89	29.447
1051.31	29.347
1051.73	28.930
1052.16	28.927
1052.58	28.606
1053.00	28.496
1053.43	27.829
1053.85	27.595
1054.27	27.628
1054.70	27.758
1055.12	27.519
1055.55	27.326
1055.97	27.128
1056.39	26.974
1056.82	26.598
1057.24	26.478
1057.66	26.182
1058.09	26.124
1058.51	25.876
1058.93	25.493
1059.36	25.346
1059.78	25.206
1060.20	24.477
1060.62	24.222
1061.05	23.563
1061.47	23.297
1061.89	22.585
1062.32	22.550
1062.74	22.289
1063.16	21.995
1063.59	21.552
1064.01	21.083
1064.43	20.504
1064.85	20.439
1065.28	19.848
1065.70	19.373
1066.12	18.931
1066.55	18.578
1066.97	18.230
1067.39	17.582
1067.81	16.860
1068.24	16.470
1068.66	15.495
1069.08	15.069
1069.50	14.363
1069.93	14.010
1070.35	13.611
1070.77	12.866
1071.19	11.734
1071.62	11.715
1072.04	11.013
1072.46	9.606
1072.88	8.589
1073.31	8.329
1073.73	7.296
1074.15	5.561
1074.57	4.157
1075.00	3.258
1075.42	2.749
1075.84	1.068
1076.26	0.006
1076.68	-0.175
1077.11	-1.441
1077.53	-2.862
1077.95	-4.111
1078.37	-4.979
1078.79	-5.863
1079.22	-7.416
1079.64	-8.893
1080.06	-9.681
1080.48	-11.894
1080.90	-13.633
1081.32	-14.980
1081.75	-16.655
1082.17	-18.515
1082.59	-21.224
1083.01	-22.895
1083.43	-24.492
1083.85	-25.725
1084.28	-29.360
1084.70	-31.975
1085.12	-33.859
1085.54	-37.194
1085.96	-39.191
1086.38	-41.627
1086.80	-42.989
1087.23	-44.541
1087.65	-46.780
1088.07	-49.951
1088.49	-52.163
1088.91	-54.851
1089.33	-57.098
1089.75	-62.197
1090.17	-64.749
1090.60	-65.657
1091.02	-68.871
1091.44	-70.768
1091.86	-73.157
1092.28	-74.811
1092.70	-78.540
1093.12	-82.139
1093.54	-84.322
1093.96	-85.868
1094.38	-87.375
1094.81	-93.337
1095.23	-95.876
1095.65	-98.799
1096.07	-101.894
1096.49	-108.558
1096.91	-111.465
1097.33	-113.092
1097.75	-119.071
1098.17	-123.762
1098.59	-123.790
1099.01	-123.956
1099.43	-128.132
1099.85	-135.439
1100.27	-140.518
1100.69	-142.228
1101.11	-145.255
1101.53	-148.286
1101.95	-150.472
1102.38	-120.692
1102.80	-239.949
1103.22	-100.727
1103.64	-128.546
1104.06	-310.517
1104.48	-201.439
1104.90	-214.110
1105.32	-166.322
1105.74	-134.836
1106.16	-284.160
