188.40	-167.279
188.88	-178.851
189.35	338.162
189.83	1053.043
190.30	-1166.667
190.78	-256.731
191.26	-240.580
191.73	926.415
192.21	-1685.507
192.68	-129.580
193.16	-858.007
193.63	-989.751
194.11	-1062.537
194.58	-961.265
195.06	-783.296
195.53	-512.566
196.01	-417.804
196.48	-366.400
196.96	-308.699
197.43	-260.687
197.91	-239.014
198.38	-217.960
198.86	-180.479
199.33	-150.381
199.81	-145.685
200.28	-138.928
200.76	-124.500
201.23	-110.991
201.71	-99.553
202.18	-93.665
202.66	-85.765
203.13	-80.780
203.61	-77.391
204.08	-71.473
204.55	-66.202
205.03	-63.651
205.50	-63.169
205.98	-62.601
206.45	-62.175
206.93	-58.584
207.40	-56.457
207.88	-55.387
208.35	-54.042
208.82	-56.638
209.30	-56.367
209.77	-54.735
210.25	-53.301
210.72	-52.966
211.20	-54.525
211.67	-52.837
212.14	-52.941
212.62	-51.372
213.09	-48.357
213.57	-47.127
214.04	-45.883
214.52	-45.733
214.99	-40.992
215.46	-40.068
215.94	-42.326
216.41	-41.887
216.89	-40.923
217.36	-40.492
217.83	-41.536
218.31	-40.634
218.78	-38.849
219.25	-38.594
219.73	-39.761
220.20	-41.652
220.68	-38.185
221.15	-37.060
221.62	-37.245
222.10	-36.211
222.57	-34.609
223.04	-34.407
223.52	-36.941
223.99	-39.791
224.47	-40.329
224.94	-43.097
225.41	-42.822
225.89	-41.841
226.36	-42.409
226.83	-44.508
227.31	-46.108
227.78	-44.800
228.25	-43.155
228.73	-43.669
229.20	-44.145
229.67	-44.764
230.15	-44.960
230.62	-47.015
231.09	-48.942
231.57	-52.783
232.04	-53.442
232.51	-54.143
232.98	-56.766
233.46	-54.221
233.93	-52.487
234.40	-51.357
234.88	-51.929
235.35	-54.392
235.82	-55.189
236.30	-52.503
236.77	-51.614
237.24	-54.267
237.71	-53.960
238.19	-53.259
238.66	-52.262
239.13	-53.979
239.61	-54.330
240.08	-50.930
240.55	-49.592
241.02	-47.969
241.50	-43.745
241.97	-41.274
242.44	-41.320
242.91	-40.056
243.39	-40.889
243.86	-40.574
244.33	-40.814
244.80	-41.798
245.28	-41.187
245.75	-37.547
246.22	-37.511
246.69	-37.244
247.17	-34.944
247.64	-35.309
248.11	-36.107
248.58	-37.332
249.05	-37.573
249.53	-34.819
250.00	-35.691
250.47	-37.686
250.94	-41.304
251.42	-42.912
251.89	-42.484
252.36	-42.294
252.83	-43.426
253.30	-41.427
253.78	-40.557
254.25	-40.450
254.72	-40.200
255.19	-39.764
255.66	-39.674
256.13	-41.485
256.61	-42.328
257.08	-42.035
257.55	-41.804
258.02	-42.079
258.49	-43.144
258.97	-44.077
259.44	-44.622
259.91	-45.657
260.38	-44.672
260.85	-40.859
261.32	-40.155
261.79	-40.111
262.27	-41.636
262.74	-39.717
263.21	-38.548
263.68	-39.562
264.15	-41.773
264.62	-42.293
265.09	-42.558
265.57	-43.568
266.04	-45.337
266.51	-45.373
266.98	-45.569
267.45	-44.866
267.92	-46.162
268.39	-44.759
268.86	-42.884
269.34	-41.628
269.81	-42.323
270.28	-43.217
270.75	-40.314
271.22	-39.194
271.69	-38.822
272.16	-37.191
272.63	-36.467
273.10	-36.457
273.57	-36.677
274.05	-35.733
274.52	-32.992
274.99	-32.407
275.46	-32.267
275.93	-30.218
276.40	-29.849
276.87	-27.932
277.34	-28.908
277.81	-28.384
278.28	-28.451
278.75	-28.406
279.22	-28.889
279.69	-28.150
280.16	-27.527
280.63	-29.349
281.11	-32.458
281.58	-34.656
282.05	-34.445
282.52	-34.376
282.99	-35.909
283.46	-36.234
283.93	-35.469
284.40	-36.535
284.87	-35.158
285.34	-37.486
285.81	-38.298
286.28	-36.786
286.75	-36.326
287.22	-35.845
287.69	-35.939
288.16	-33.602
288.63	-33.564
289.10	-33.394
289.57	-32.132
290.04	-29.680
290.51	-29.753
290.98	-28.659
291.45	-27.646
291.92	-27.382
292.39	-28.034
292.86	-29.158
293.33	-28.660
293.80	-28.327
294.27	-27.737
294.74	-29.810
295.21	-26.578
295.68	-24.337
296.15	-25.430
296.62	-27.514
297.09	-27.692
297.56	-26.431
298.03	-26.880
298.49	-26.347
298.96	-27.344
299.43	-25.941
299.90	-27.561
300.37	-27.507
300.84	-26.746
301.31	-26.611
301.78	-25.717
302.25	-24.725
302.72	-24.145
303.19	-23.088
303.66	-20.591
304.13	-20.735
304.60	-20.261
305.07	-20.216
305.53	-19.595
306.00	-19.604
306.47	-19.615
306.94	-18.102
307.41	-18.690
307.88	-18.815
308.35	-18.896
308.82	-17.174
309.29	-17.534
309.76	-17.287
310.22	-17.441
310.69	-17.229
311.16	-15.339
311.63	-15.054
312.10	-16.037
312.57	-15.099
313.04	-15.292
313.51	-16.012
313.97	-16.248
314.44	-15.729
314.91	-15.806
315.38	-17.175
315.85	-16.774
316.32	-15.306
316.79	-14.414
317.25	-13.469
317.72	-15.033
318.19	-15.113
318.66	-14.759
319.13	-14.889
319.60	-15.512
320.07	-15.563
320.53	-14.520
321.00	-15.923
321.47	-17.070
321.94	-17.128
322.41	-16.759
322.87	-16.330
323.34	-17.409
323.81	-16.883
324.28	-16.218
324.75	-16.438
325.22	-16.435
325.68	-16.176
326.15	-15.636
326.62	-16.113
327.09	-16.355
327.56	-15.128
328.02	-13.881
328.49	-14.567
328.96	-15.079
329.43	-15.500
329.89	-15.176
330.36	-15.076
330.83	-15.839
331.30	-15.524
331.77	-14.590
332.23	-13.727
332.70	-13.624
333.17	-13.665
333.64	-13.448
334.10	-12.375
334.57	-11.649
335.04	-11.870
335.51	-11.769
335.97	-11.398
336.44	-11.551
336.91	-12.199
337.38	-11.733
337.84	-11.805
338.31	-11.291
338.78	-11.044
339.24	-9.421
339.71	-8.043
340.18	-7.439
340.65	-6.393
341.11	-5.701
341.58	-5.196
342.05	-5.178
342.52	-5.313
342.98	-4.804
343.45	-4.362
343.92	-5.005
344.38	-5.545
344.85	-5.111
345.32	-4.898
345.78	-4.982
346.25	-4.545
346.72	-3.843
347.18	-3.544
347.65	-3.422
348.12	-3.175
348.58	-2.795
349.05	-2.323
349.52	-2.132
349.99	-2.510
350.45	-2.347
350.92	-2.041
351.38	-1.936
351.85	-1.537
352.32	-0.803
352.78	-0.330
353.25	0.265
353.72	0.628
354.18	1.040
354.65	1.426
355.12	1.811
355.58	2.193
356.05	2.308
356.52	2.358
356.98	2.485
357.45	2.532
357.91	2.554
358.38	2.532
358.85	2.487
359.31	2.460
359.78	2.436
360.25	2.505
360.71	2.664
361.18	2.617
361.64	2.474
362.11	2.359
362.58	2.393
363.04	2.198
363.51	2.192
363.97	2.354
364.44	2.476
364.91	2.414
365.37	2.209
365.84	2.312
366.30	2.431
366.77	2.441
367.23	2.484
367.70	2.666
368.17	2.859
368.63	2.901
369.10	2.894
369.56	2.970
370.03	3.138
370.49	3.111
370.96	3.139
371.42	3.179
371.89	3.272
372.36	3.312
372.82	3.445
373.29	3.486
373.75	3.526
374.22	3.609
374.68	3.663
375.15	3.673
375.61	3.752
376.08	3.851
376.54	3.834
377.01	3.886
377.47	3.935
377.94	3.974
378.40	3.967
378.87	4.016
379.33	4.199
379.80	4.133
380.26	4.099
380.73	4.131
381.19	4.178
381.66	4.162
382.12	4.162
382.59	4.108
383.05	4.143
383.52	4.149
383.98	4.144
384.45	4.161
384.91	4.220
385.38	4.220
385.84	4.215
386.31	4.198
386.77	4.248
387.24	4.260
387.70	4.309
388.16	4.349
388.63	4.385
389.09	4.383
389.56	4.469
390.02	4.537
390.49	4.611
390.95	4.662
391.42	4.701
391.88	4.752
392.34	4.835
392.81	4.934
393.27	5.021
393.74	5.071
394.20	5.151
394.67	5.183
395.13	5.246
395.59	5.321
396.06	5.383
396.52	5.399
396.99	5.428
397.45	5.412
397.91	5.402
398.38	5.315
398.84	5.327
399.31	5.306
399.77	5.300
400.23	5.287
400.70	5.287
401.16	5.258
401.63	5.223
402.09	5.173
402.55	5.120
403.02	5.019
403.48	4.937
403.94	4.901
404.41	4.863
404.87	4.858
405.33	4.797
405.80	4.799
406.26	4.816
406.73	4.824
407.19	4.854
407.65	4.943
408.12	5.062
408.58	5.137
409.04	5.238
409.51	5.349
409.97	5.512
410.43	5.642
410.90	5.820
411.36	5.976
411.82	6.177
412.29	6.362
412.75	6.583
413.21	6.831
413.67	7.041
414.14	7.272
414.60	7.445
415.06	7.659
415.53	7.860
415.99	8.031
416.45	8.208
416.92	8.339
417.38	8.431
417.84	8.559
418.30	8.603
418.77	8.660
419.23	8.680
419.69	8.651
420.16	8.605
420.62	8.550
421.08	8.507
421.54	8.400
422.01	8.297
422.47	8.174
422.93	8.032
423.39	7.879
423.86	7.746
424.32	7.602
424.78	7.474
425.24	7.322
425.71	7.198
426.17	7.058
426.63	6.948
427.09	6.875
427.56	6.779
428.02	6.729
428.48	6.682
428.94	6.625
429.41	6.558
429.87	6.564
430.33	6.682
430.79	6.854
431.25	7.062
431.72	7.282
432.18	7.534
432.64	7.827
433.10	8.162
433.56	8.481
434.03	8.842
434.49	9.206
434.95	9.597
435.41	9.967
435.87	10.373
436.34	10.796
436.80	11.199
437.26	11.603
437.72	12.010
438.18	12.399
438.64	12.809
439.11	13.215
439.57	13.582
440.03	13.855
440.49	14.070
440.95	14.250
441.41	14.411
441.88	14.552
442.34	14.654
442.80	14.711
443.26	14.733
443.72	14.718
444.18	14.659
444.64	14.556
445.11	14.448
445.57	14.298
446.03	14.127
446.49	13.928
446.95	13.720
447.41	13.496
447.87	13.262
448.33	13.029
448.79	12.781
449.26	12.535
449.72	12.297
450.18	12.088
450.64	11.893
451.10	11.705
451.56	11.531
452.02	11.388
452.48	11.265
452.94	11.176
453.40	11.120
453.87	11.123
454.33	11.176
454.79	11.252
455.25	11.359
455.71	11.486
456.17	11.675
456.63	11.917
457.09	12.176
457.55	12.494
458.01	12.831
458.47	13.211
458.93	13.625
459.39	14.065
459.85	14.506
460.31	14.975
460.77	15.449
461.24	15.955
461.70	16.464
462.16	16.966
462.62	17.489
463.08	18.002
463.54	18.489
464.00	18.977
464.46	19.445
464.92	19.890
465.38	20.318
465.84	20.711
466.30	21.070
466.76	21.409
467.22	21.688
467.68	21.944
468.14	22.162
468.60	22.338
469.06	22.476
469.52	22.581
469.98	22.646
470.44	22.686
470.90	22.673
471.36	22.624
471.82	22.540
472.28	22.423
472.74	22.269
473.20	22.085
473.66	21.870
474.12	21.630
474.58	21.358
475.04	21.081
475.50	20.779
475.95	20.463
476.41	20.137
476.87	19.813
477.33	19.485
477.79	19.165
478.25	18.852
478.71	18.543
479.17	18.245
479.63	17.965
480.09	17.694
480.55	17.446
481.01	17.228
481.47	17.045
481.93	16.888
482.39	16.768
482.84	16.689
483.30	16.653
483.76	16.654
484.22	16.692
484.68	16.763
485.14	16.881
485.60	17.040
486.06	17.249
486.52	17.488
486.98	17.765
487.44	18.080
487.89	18.418
488.35	18.798
488.81	19.196
489.27	19.628
489.73	20.087
490.19	20.569
490.65	21.076
491.11	21.598
491.56	22.127
492.02	22.664
492.48	23.197
492.94	23.732
493.40	24.268
493.86	24.804
494.32	25.335
494.77	25.851
495.23	26.350
495.69	26.824
496.15	27.282
496.61	27.717
497.07	28.130
497.52	28.525
497.98	28.891
498.44	29.238
498.90	29.550
499.36	29.840
499.82	30.087
500.27	30.292
500.73	30.464
501.19	30.598
501.65	30.702
502.11	30.778
502.56	30.823
503.02	30.827
503.48	30.800
503.94	30.746
504.40	30.661
504.85	30.541
505.31	30.395
505.77	30.225
506.23	30.029
506.69	29.806
507.14	29.558
507.60	29.290
508.06	28.995
508.52	28.684
508.97	28.350
509.43	28.013
509.89	27.662
510.35	27.309
510.80	26.953
511.26	26.599
511.72	26.243
512.18	25.884
512.63	25.532
513.09	25.184
513.55	24.843
514.01	24.519
514.46	24.213
514.92	23.925
515.38	23.655
515.84	23.411
516.29	23.195
516.75	23.007
517.21	22.843
517.66	22.705
518.12	22.601
518.58	22.527
519.04	22.495
519.49	22.498
519.95	22.529
520.41	22.594
520.86	22.694
521.32	22.826
521.78	22.990
522.23	23.190
522.69	23.429
523.15	23.704
523.61	24.005
524.06	24.332
524.52	24.688
524.98	25.070
525.43	25.471
525.89	25.881
526.35	26.313
526.80	26.763
527.26	27.228
527.72	27.712
528.17	28.207
528.63	28.699
529.09	29.198
529.54	29.702
530.00	30.209
530.45	30.710
530.91	31.210
531.37	31.699
531.82	32.179
532.28	32.651
532.74	33.103
533.19	33.539
533.65	33.951
534.10	34.342
534.56	34.708
535.02	35.048
535.47	35.377
535.93	35.682
536.39	35.968
536.84	36.229
537.30	36.456
537.75	36.657
538.21	36.824
538.67	36.968
539.12	37.086
539.58	37.178
540.03	37.243
540.49	37.288
540.94	37.308
541.40	37.294
541.86	37.249
542.31	37.181
542.77	37.095
543.22	36.993
543.68	36.869
544.13	36.725
544.59	36.566
545.05	36.381
545.50	36.170
545.96	35.938
546.41	35.693
546.87	35.435
547.32	35.159
547.78	34.872
548.23	34.570
548.69	34.253
549.14	33.926
549.60	33.588
550.06	33.243
550.51	32.895
550.97	32.546
551.42	32.191
551.88	31.833
552.33	31.467
552.79	31.110
553.24	30.760
553.70	30.420
554.15	30.090
554.61	29.773
555.06	29.468
555.52	29.172
555.97	28.893
556.43	28.632
556.88	28.390
557.34	28.177
557.79	27.986
558.25	27.820
558.70	27.676
559.15	27.560
559.61	27.469
560.06	27.403
560.52	27.368
560.97	27.366
561.43	27.392
561.88	27.455
562.34	27.544
562.79	27.653
563.25	27.795
563.70	27.955
564.16	28.151
564.61	28.378
565.06	28.636
565.52	28.911
565.97	29.210
566.43	29.538
566.88	29.880
567.34	30.247
567.79	30.633
568.24	31.033
568.70	31.446
569.15	31.868
569.61	32.304
570.06	32.746
570.51	33.204
570.97	33.677
571.42	34.148
571.88	34.633
572.33	35.117
572.78	35.596
573.24	36.085
573.69	36.556
574.15	37.030
574.60	37.490
575.05	37.951
575.51	38.411
575.96	38.860
576.42	39.305
576.87	39.733
577.32	40.153
577.78	40.558
578.23	40.957
578.68	41.344
579.14	41.714
579.59	42.065
580.04	42.395
580.50	42.695
580.95	42.976
581.40	43.231
581.86	43.483
582.31	43.716
582.76	43.933
583.22	44.135
583.67	44.313
584.12	44.474
584.58	44.607
585.03	44.708
585.48	44.783
585.94	44.832
586.39	44.851
586.84	44.857
587.30	44.855
587.75	44.823
588.20	44.773
588.66	44.703
589.11	44.612
589.56	44.507
590.01	44.388
590.47	44.243
590.92	44.088
591.37	43.903
591.83	43.695
592.28	43.466
592.73	43.225
593.18	42.966
593.64	42.693
594.09	42.404
594.54	42.117
594.99	41.823
595.45	41.518
595.90	41.205
596.35	40.873
596.80	40.522
597.26	40.172
597.71	39.808
598.16	39.437
598.61	39.070
599.07	38.693
599.52	38.311
599.97	37.934
600.42	37.551
600.88	37.171
601.33	36.796
601.78	36.430
602.23	36.061
602.69	35.696
603.14	35.338
603.59	34.991
604.04	34.650
604.49	34.309
604.95	33.973
605.40	33.665
605.85	33.376
606.30	33.102
606.75	32.840
607.21	32.603
607.66	32.385
608.11	32.181
608.56	31.994
609.01	31.831
609.46	31.692
609.92	31.570
610.37	31.473
610.82	31.398
611.27	31.346
611.72	31.320
612.17	31.317
612.63	31.336
613.08	31.373
613.53	31.432
613.98	31.526
614.43	31.644
614.88	31.774
615.34	31.922
615.79	32.088
616.24	32.274
616.69	32.480
617.14	32.705
617.59	32.947
618.04	33.204
618.49	33.478
618.95	33.763
619.40	34.066
619.85	34.389
620.30	34.719
620.75	35.056
621.20	35.404
621.65	35.761
622.10	36.129
622.55	36.510
623.00	36.895
623.46	37.288
623.91	37.674
624.36	38.066
624.81	38.459
625.26	38.855
625.71	39.247
626.16	39.647
626.61	40.043
627.06	40.433
627.51	40.829
627.96	41.213
628.41	41.597
628.86	41.969
629.32	42.335
629.77	42.697
630.22	43.055
630.67	43.403
631.12	43.738
631.57	44.071
632.02	44.394
632.47	44.695
632.92	44.991
633.37	45.293
633.82	45.579
634.27	45.845
634.72	46.100
635.17	46.348
635.62	46.569
636.07	46.776
636.52	46.964
636.97	47.137
637.42	47.301
637.87	47.447
638.32	47.580
638.77	47.702
639.22	47.814
639.67	47.903
640.12	47.981
640.57	48.048
641.02	48.090
641.47	48.115
641.92	48.142
642.37	48.138
642.82	48.106
643.27	48.055
643.72	48.000
644.17	47.927
644.62	47.839
645.07	47.735
645.52	47.630
645.97	47.524
646.42	47.393
646.87	47.251
647.32	47.119
647.77	46.984
648.22	46.823
648.66	46.642
649.11	46.439
649.56	46.217
650.01	45.995
650.46	45.770
650.91	45.535
651.36	45.276
651.81	45.009
652.26	44.747
652.71	44.471
653.16	44.191
653.61	43.904
654.06	43.606
654.50	43.307
654.95	42.988
655.40	42.660
655.85	42.332
656.30	41.998
656.75	41.648
657.20	41.290
657.65	40.932
658.10	40.571
658.55	40.232
658.99	39.903
659.44	39.570
659.89	39.236
660.34	38.894
660.79	38.557
661.24	38.233
661.69	37.913
662.13	37.605
662.58	37.291
663.03	36.984
663.48	36.687
663.93	36.393
664.38	36.116
664.83	35.849
665.27	35.588
665.72	35.331
666.17	35.083
666.62	34.844
667.07	34.621
667.52	34.414
667.96	34.199
668.41	33.992
668.86	33.799
669.31	33.621
669.76	33.468
670.21	33.330
670.65	33.204
671.10	33.085
671.55	32.982
672.00	32.901
672.45	32.834
672.89	32.781
673.34	32.740
673.79	32.708
674.24	32.686
674.68	32.680
675.13	32.695
675.58	32.730
676.03	32.776
676.48	32.826
676.92	32.888
677.37	32.978
677.82	33.080
678.27	33.184
678.71	33.296
679.16	33.422
679.61	33.563
680.06	33.714
680.50	33.876
680.95	34.064
681.40	34.257
681.85	34.447
682.29	34.652
682.74	34.874
683.19	35.101
683.64	35.343
684.08	35.603
684.53	35.865
684.98	36.140
685.43	36.425
685.87	36.712
686.32	37.003
686.77	37.287
687.21	37.561
687.66	37.861
688.11	38.177
688.55	38.479
689.00	38.783
689.45	39.107
689.90	39.442
690.34	39.754
690.79	40.065
691.24	40.393
691.68	40.716
692.13	41.022
692.58	41.319
693.02	41.628
693.47	41.915
693.92	42.200
694.36	42.469
694.81	42.753
695.26	43.038
695.70	43.311
696.15	43.585
696.60	43.872
697.04	44.141
697.49	44.382
697.94	44.617
698.38	44.865
698.83	45.092
699.27	45.315
699.72	45.520
700.17	45.727
700.61	45.931
701.06	46.126
701.51	46.318
701.95	46.518
702.40	46.709
702.84	46.897
703.29	47.078
703.74	47.240
704.18	47.389
704.63	47.528
705.07	47.661
705.52	47.785
705.97	47.895
706.41	47.984
706.86	48.070
707.30	48.172
707.75	48.260
708.20	48.332
708.64	48.376
709.09	48.417
709.53	48.444
709.98	48.459
710.42	48.454
710.87	48.429
711.32	48.402
711.76	48.349
712.21	48.299
712.65	48.239
713.10	48.184
713.54	48.113
713.99	48.040
714.43	47.966
714.88	47.859
715.33	47.736
715.77	47.625
716.22	47.519
716.66	47.383
717.11	47.231
717.55	47.088
718.00	46.940
718.44	46.786
718.89	46.619
719.33	46.450
719.78	46.293
720.22	46.137
720.67	45.966
721.11	45.796
721.56	45.621
722.00	45.423
722.45	45.216
722.89	45.008
723.34	44.794
723.78	44.587
724.23	44.393
724.67	44.189
725.12	43.969
725.56	43.734
726.01	43.502
726.45	43.261
726.90	43.000
727.34	42.734
727.78	42.487
728.23	42.238
728.67	41.973
729.12	41.705
729.56	41.446
730.01	41.173
730.45	40.884
730.90	40.578
731.34	40.310
731.79	40.041
732.23	39.754
732.67	39.460
733.12	39.159
733.56	38.884
734.01	38.621
734.45	38.342
734.89	38.079
735.34	37.840
735.78	37.602
736.23	37.363
736.67	37.117
737.12	36.871
737.56	36.631
738.00	36.395
738.45	36.169
738.89	35.945
739.34	35.749
739.78	35.580
740.22	35.412
740.67	35.228
741.11	35.038
741.55	34.875
742.00	34.718
742.44	34.562
742.89	34.392
743.33	34.240
743.77	34.123
744.22	34.008
744.66	33.864
745.10	33.731
745.55	33.608
745.99	33.518
746.43	33.439
746.88	33.359
747.32	33.282
747.76	33.220
748.21	33.185
748.65	33.138
749.09	33.077
749.54	33.022
749.98	32.993
750.42	32.990
750.87	32.974
751.31	32.962
751.75	32.976
752.20	33.014
752.64	33.060
753.08	33.097
753.53	33.124
753.97	33.194
754.41	33.268
754.85	33.359
755.30	33.447
755.74	33.537
756.18	33.659
756.63	33.807
757.07	33.953
757.51	34.070
757.95	34.204
758.40	34.366
758.84	34.543
759.28	34.714
759.72	34.876
760.17	35.057
760.61	35.256
761.05	35.456
761.50	35.644
761.94	35.823
762.38	36.008
762.82	36.234
763.26	36.447
763.71	36.665
764.15	36.873
764.59	37.073
765.03	37.280
765.48	37.482
765.92	37.672
766.36	37.853
766.80	38.063
767.25	38.284
767.69	38.497
768.13	38.729
768.57	38.968
769.01	39.214
769.46	39.454
769.90	39.685
770.34	39.911
770.78	40.140
771.22	40.393
771.67	40.670
772.11	40.924
772.55	41.175
772.99	41.403
773.43	41.629
773.87	41.889
774.32	42.147
774.76	42.394
775.20	42.629
775.64	42.874
776.08	43.131
776.52	43.377
776.97	43.618
777.41	43.836
777.85	44.048
778.29	44.269
778.73	44.503
779.17	44.746
779.62	44.974
780.06	45.193
780.50	45.401
780.94	45.596
781.38	45.782
781.82	45.963
782.26	46.167
782.70	46.373
783.15	46.561
783.59	46.747
784.03	46.919
784.47	47.086
784.91	47.240
785.35	47.379
785.79	47.521
786.23	47.664
786.67	47.797
787.11	47.928
787.56	48.046
788.00	48.155
788.44	48.252
788.88	48.356
789.32	48.456
789.76	48.553
790.20	48.639
790.64	48.735
791.08	48.835
791.52	48.911
791.96	48.964
792.40	49.014
792.84	49.073
793.28	49.146
793.73	49.229
794.17	49.296
794.61	49.348
795.05	49.395
795.49	49.414
795.93	49.425
796.37	49.422
796.81	49.425
797.25	49.432
797.69	49.426
798.13	49.405
798.57	49.380
799.01	49.349
799.45	49.294
799.89	49.212
800.33	49.129
800.77	49.076
801.21	49.036
801.65	48.969
802.09	48.872
802.53	48.771
802.97	48.662
803.41	48.565
803.85	48.475
804.29	48.381
804.73	48.307
805.17	48.204
805.61	48.096
806.05	47.976
806.49	47.822
806.93	47.694
807.37	47.574
807.81	47.474
808.25	47.355
808.69	47.219
809.13	47.088
809.57	46.952
810.01	46.793
810.44	46.622
810.88	46.459
811.32	46.308
811.76	46.150
812.20	45.982
812.64	45.812
813.08	45.627
813.52	45.417
813.96	45.193
814.40	45.011
814.84	44.837
815.28	44.657
815.72	44.484
816.16	44.291
816.59	44.100
817.03	43.896
817.47	43.696
817.91	43.517
818.35	43.344
818.79	43.165
819.23	42.979
819.67	42.791
820.11	42.608
820.54	42.398
820.98	42.184
821.42	41.980
821.86	41.761
822.30	41.547
822.74	41.356
823.18	41.155
823.62	40.943
824.05	40.728
824.49	40.528
824.93	40.332
825.37	40.137
825.81	39.945
826.25	39.730
826.69	39.489
827.12	39.241
827.56	39.001
828.00	38.767
828.44	38.557
828.88	38.350
829.32	38.130
829.75	37.931
830.19	37.729
830.63	37.526
831.07	37.336
831.51	37.140
831.94	36.926
832.38	36.722
832.82	36.533
833.26	36.360
833.70	36.190
834.13	36.020
834.57	35.857
835.01	35.682
835.45	35.539
835.89	35.412
836.32	35.308
836.76	35.183
837.20	35.044
837.64	34.908
838.08	34.790
838.51	34.708
838.95	34.619
839.39	34.539
839.83	34.462
840.26	34.389
840.70	34.325
841.14	34.273
841.58	34.241
842.01	34.193
842.45	34.155
842.89	34.106
843.33	34.048
843.76	33.996
844.20	33.968
844.64	33.935
845.08	33.911
845.51	33.877
845.95	33.863
846.39	33.863
846.82	33.851
847.26	33.836
847.70	33.801
848.14	33.776
848.57	33.761
849.01	33.756
849.45	33.749
849.88	33.743
850.32	33.758
850.76	33.783
851.19	33.835
851.63	33.876
852.07	33.928
852.50	34.002
852.94	34.055
853.38	34.089
853.81	34.140
854.25	34.207
854.69	34.295
855.12	34.390
855.56	34.481
856.00	34.588
856.43	34.711
856.87	34.835
857.31	34.975
857.74	35.122
858.18	35.249
858.62	35.378
859.05	35.509
859.49	35.632
859.93	35.738
860.36	35.854
860.80	35.982
861.24	36.120
861.67	36.239
862.11	36.368
862.54	36.506
862.98	36.652
863.42	36.819
863.85	36.976
864.29	37.135
864.72	37.309
865.16	37.472
865.60	37.617
866.03	37.777
866.47	37.930
866.90	38.068
867.34	38.245
867.78	38.443
868.21	38.669
868.65	38.906
869.08	39.140
869.52	39.352
869.95	39.536
870.39	39.715
870.83	39.925
871.26	40.161
871.70	40.414
872.13	40.640
872.57	40.849
873.00	41.041
873.44	41.229
873.87	41.415
874.31	41.610
874.75	41.812
875.18	42.004
875.62	42.187
876.05	42.394
876.49	42.596
876.92	42.832
877.36	43.059
877.79	43.259
878.23	43.456
878.66	43.650
879.10	43.885
879.53	44.110
879.97	44.318
880.40	44.510
880.84	44.705
881.27	44.890
881.71	45.054
882.14	45.243
882.58	45.428
883.01	45.619
883.45	45.809
883.88	45.987
884.32	46.154
884.75	46.337
885.19	46.518
885.62	46.707
886.06	46.867
886.49	47.022
886.92	47.187
887.36	47.352
887.79	47.526
888.23	47.669
888.66	47.804
889.10	47.941
889.53	48.065
889.97	48.181
890.40	48.293
890.83	48.419
891.27	48.528
891.70	48.654
892.14	48.787
892.57	48.921
893.01	49.085
893.44	49.269
893.87	49.431
894.31	49.591
894.74	49.734
895.18	49.845
895.61	49.914
896.04	49.990
896.48	50.051
896.91	50.106
897.35	50.147
897.78	50.208
898.21	50.281
898.65	50.385
899.08	50.472
899.52	50.561
899.95	50.637
900.38	50.749
900.82	50.868
901.25	50.979
901.68	51.068
902.12	51.140
902.55	51.194
902.99	51.281
903.42	51.360
903.85	51.413
904.29	51.472
904.72	51.550
905.15	51.604
905.59	51.672
906.02	51.741
906.45	51.834
906.89	51.907
907.32	51.961
907.75	52.010
908.19	52.033
908.62	52.063
909.05	52.083
909.49	52.053
909.92	52.010
910.35	51.943
910.78	51.888
911.22	51.793
911.65	51.700
912.08	51.608
912.52	51.526
912.95	51.457
913.38	51.365
913.82	51.284
914.25	51.222
914.68	51.155
915.11	51.089
915.55	50.993
915.98	50.918
916.41	50.834
916.84	50.739
917.28	50.643
917.71	50.560
918.14	50.503
918.58	50.446
919.01	50.343
919.44	50.243
919.87	50.139
920.31	50.100
920.74	50.050
921.17	49.934
921.60	49.821
922.03	49.687
922.47	49.570
922.90	49.440
923.33	49.299
923.76	49.165
924.20	49.042
924.63	48.935
925.06	48.789
925.49	48.617
925.92	48.460
926.36	48.329
926.79	48.171
927.22	48.021
927.65	47.860
928.08	47.712
928.52	47.592
928.95	47.448
929.38	47.276
929.81	47.102
930.24	46.968
930.68	46.809
931.11	46.655
931.54	46.508
931.97	46.364
932.40	46.221
932.83	46.081
933.27	45.921
933.70	45.736
934.13	45.584
934.56	45.458
934.99	45.271
935.42	45.093
935.85	44.895
936.29	44.720
936.72	44.554
937.15	44.422
937.58	44.247
938.01	44.094
938.44	43.926
938.87	43.761
939.31	43.584
939.74	43.418
940.17	43.241
940.60	43.062
941.03	42.886
941.46	42.698
941.89	42.522
942.32	42.328
942.75	42.143
943.18	41.958
943.62	41.773
944.05	41.586
944.48	41.385
944.91	41.228
945.34	40.993
945.77	40.791
946.20	40.578
946.63	40.374
947.06	40.175
947.49	39.976
947.92	39.784
948.35	39.582
948.78	39.351
949.22	39.154
949.65	38.929
950.08	38.714
950.51	38.500
950.94	38.280
951.37	38.082
951.80	37.905
952.23	37.735
952.66	37.555
953.09	37.434
953.52	37.296
953.95	37.142
954.38	37.040
954.81	36.886
955.24	36.743
955.67	36.589
956.10	36.437
956.53	36.290
956.96	36.171
957.39	36.035
957.82	35.930
958.25	35.794
958.68	35.683
959.11	35.570
959.54	35.464
959.97	35.352
960.40	35.283
960.83	35.196
961.26	35.084
961.69	34.954
962.12	34.807
962.55	34.659
962.98	34.500
963.41	34.339
963.84	34.254
964.27	34.145
964.70	34.052
965.13	33.941
965.56	33.860
965.99	33.776
966.42	33.690
966.84	33.596
967.27	33.538
967.70	33.503
968.13	33.436
968.56	33.386
968.99	33.337
969.42	33.213
969.85	33.135
970.28	33.068
970.71	33.056
971.14	32.979
971.57	32.950
972.00	32.921
972.42	32.902
972.85	32.852
973.28	32.794
973.71	32.731
974.14	32.702
974.57	32.652
975.00	32.579
975.43	32.546
975.86	32.515
976.28	32.470
976.71	32.407
977.14	32.359
977.57	32.310
978.00	32.246
978.43	32.265
978.86	32.244
979.29	32.205
979.71	32.200
980.14	32.201
980.57	32.191
981.00	32.187
981.43	32.226
981.86	32.213
982.28	32.204
982.71	32.202
983.14	32.210
983.57	32.210
984.00	32.233
984.43	32.274
984.85	32.359
985.28	32.464
985.71	32.533
986.14	32.571
986.57	32.627
986.99	32.720
987.42	32.692
987.85	32.718
988.28	32.822
988.71	32.803
989.13	32.904
989.56	33.016
989.99	33.139
990.42	33.191
990.85	33.296
991.27	33.369
991.70	33.465
992.13	33.519
992.56	33.601
992.98	33.639
993.41	33.749
993.84	33.804
994.27	33.814
994.70	33.884
995.12	33.983
995.55	34.058
995.98	34.097
996.41	34.214
996.83	34.361
997.26	34.421
997.69	34.535
998.11	34.570
998.54	34.585
998.97	34.665
999.40	34.782
999.82	34.865
1000.25	35.088
1000.68	35.212
1001.11	35.326
1001.53	35.441
1001.96	35.606
1002.39	35.685
1002.81	35.753
1003.24	35.840
1003.67	35.949
1004.09	36.054
1004.52	36.153
1004.95	36.292
1005.38	36.457
1005.80	36.511
1006.23	36.577
1006.66	36.704
1007.08	36.827
1007.51	36.950
1007.94	37.080
1008.36	37.109
1008.79	37.222
1009.22	37.239
1009.64	37.337
1010.07	37.470
1010.50	37.540
1010.92	37.604
1011.35	37.694
1011.77	37.794
1012.20	37.896
1012.63	37.977
1013.05	38.093
1013.48	38.214
1013.91	38.349
1014.33	38.484
1014.76	38.670
1015.19	38.737
1015.61	38.729
1016.04	38.853
1016.46	38.950
1016.89	38.983
1017.32	39.075
1017.74	39.181
1018.17	39.301
1018.59	39.431
1019.02	39.468
1019.45	39.542
1019.87	39.539
1020.30	39.613
1020.72	39.745
1021.15	39.861
1021.58	39.992
1022.00	40.075
1022.43	40.102
1022.85	40.133
1023.28	40.146
1023.70	40.118
1024.13	40.192
1024.55	40.332
1024.98	40.400
1025.41	40.542
1025.83	40.479
1026.26	40.544
1026.68	40.627
1027.11	40.670
1027.53	40.541
1027.96	40.618
1028.38	40.679
1028.81	40.738
1029.23	40.783
1029.66	40.744
1030.08	40.783
1030.51	40.888
1030.94	40.858
1031.36	40.806
1031.79	40.843
1032.21	40.850
1032.64	40.757
1033.06	40.787
1033.49	40.691
1033.91	40.610
1034.34	40.406
1034.76	40.480
1035.19	40.463
1035.61	40.255
1036.03	40.172
1036.46	40.270
1036.88	40.122
1037.31	40.077
1037.73	39.988
1038.16	39.940
1038.58	39.912
1039.01	39.729
1039.43	39.547
1039.86	39.627
1040.28	39.770
1040.71	39.899
1041.13	39.946
1041.55	39.896
1041.98	39.856
1042.40	39.782
1042.83	39.701
1043.25	39.778
1043.68	39.781
1044.10	39.768
1044.52	39.903
1044.95	39.750
1045.37	39.733
1045.80	39.782
1046.22	39.795
1046.65	39.859
1047.07	39.861
1047.49	40.032
1047.92	40.157
1048.34	40.016
1048.77	39.874
1049.19	39.484
1049.61	39.041
1050.04	38.751
1050.46	38.744
1050.89	38.806
1051.31	38.776
1051.73	38.818
1052.16	38.708
1052.58	38.574
1053.00	38.394
1053.43	38.189
1053.85	38.226
1054.27	38.089
1054.70	37.908
1055.12	37.830
1055.55	37.862
1055.97	37.639
1056.39	37.223
1056.82	37.296
1057.24	37.424
1057.66	37.448
1058.09	37.523
1058.51	37.371
1058.93	36.991
1059.36	37.060
1059.78	37.029
1060.20	36.966
1060.62	36.694
1061.05	36.623
1061.47	36.072
1061.89	35.956
1062.32	35.853
1062.74	35.585
1063.16	35.501
1063.59	35.464
1064.01	35.132
1064.43	34.994
1064.85	34.806
1065.28	34.620
1065.70	33.927
1066.12	33.163
1066.55	32.682
1066.97	32.596
1067.39	32.373
1067.81	32.362
1068.24	31.378
1068.66	30.565
1069.08	29.508
1069.50	28.990
1069.93	28.437
1070.35	28.522
1070.77	27.824
1071.19	27.146
1071.62	26.652
1072.04	25.854
1072.46	25.391
1072.88	24.630
1073.31	24.189
1073.73	23.704
1074.15	22.717
1074.57	22.048
1075.00	21.997
1075.42	21.222
1075.84	19.803
1076.26	18.830
1076.68	17.972
1077.11	17.532
1077.53	16.714
1077.95	17.170
1078.37	16.472
1078.79	15.722
1079.22	14.946
1079.64	13.907
1080.06	13.049
1080.48	11.499
1080.90	10.862
1081.32	9.747
1081.75	8.755
1082.17	7.209
1082.59	5.615
1083.01	4.446
1083.43	3.569
1083.85	1.533
1084.28	0.280
1084.70	-0.289
1085.12	-0.755
1085.54	-1.401
1085.96	-1.864
1086.38	-3.093
1086.80	-3.809
1087.23	-5.144
1087.65	-6.494
1088.07	-8.487
1088.49	-9.756
1088.91	-10.728
1089.33	-11.731
1089.75	-14.429
1090.17	-15.662
1090.60	-16.435
1091.02	-18.507
1091.44	-19.548
1091.86	-20.295
1092.28	-22.642
1092.70	-24.061
1093.12	-27.074
1093.54	-28.457
1093.96	-30.959
1094.38	-33.456
1094.81	-37.858
1095.23	-40.127
1095.65	-42.418
1096.07	-43.345
1096.49	-46.627
1096.91	-48.864
1097.33	-51.038
1097.75	-55.381
1098.17	-57.944
1098.59	-58.127
1099.01	-57.817
1099.43	-59.618
1099.85	-63.975
1100.27	-66.472
1100.69	-68.210
1101.11	-68.642
1101.53	-70.096
1101.95	-71.090
1102.38	-66.425
1102.80	-97.567
1103.22	-22.384
1103.64	-53.613
1104.06	-183.601
1104.48	-68.037
1104.90	-100.736
1105.32	-77.816
1105.74	-67.981
1106.16	-156.160
