188.40	-78.798
188.88	-34.726
189.35	217.270
189.83	670.435
190.30	-817.647
190.78	-137.019
191.26	-42.995
191.73	398.113
192.21	-308.696
192.68	-44.466
193.16	-362.159
193.63	-426.316
194.11	-469.491
194.58	-433.091
195.06	-334.122
195.53	-205.641
196.01	-160.280
196.48	-142.441
196.96	-115.602
197.43	-90.239
197.91	-78.438
198.38	-66.575
198.86	-51.446
199.33	-38.126
199.81	-36.100
200.28	-34.906
200.76	-28.404
201.23	-26.489
201.71	-21.898
202.18	-21.249
202.66	-16.748
203.13	-17.082
203.61	-14.221
204.08	-11.706
204.55	-8.946
205.03	-7.846
205.50	-7.780
205.98	-7.730
206.45	-6.643
206.93	-5.677
207.40	-7.558
207.88	-7.151
208.35	-8.448
208.82	-9.892
209.30	-10.084
209.77	-10.212
210.25	-8.911
210.72	-7.933
211.20	-7.988
211.67	-6.752
212.14	-6.225
212.62	-4.846
213.09	-3.343
213.57	-3.293
214.04	-2.145
214.52	-1.656
214.99	0.299
215.46	0.441
215.94	-0.720
216.41	-0.747
216.89	0.161
217.36	2.326
217.83	2.215
218.31	2.238
218.78	5.032
219.25	5.480
219.73	4.964
220.20	3.670
220.68	3.513
221.15	4.494
221.62	3.740
222.10	3.461
222.57	3.898
223.04	5.306
223.52	4.847
223.99	3.251
224.47	2.653
224.94	0.825
225.41	1.215
225.89	1.054
226.36	1.913
226.83	0.718
227.31	-1.666
227.78	-2.548
228.25	-0.784
228.73	-1.505
229.20	-1.081
229.67	-1.364
230.15	-1.756
230.62	-1.211
231.09	-3.374
231.57	-5.178
232.04	-4.848
232.51	-6.779
232.98	-8.727
233.46	-9.330
233.93	-6.691
234.40	-4.737
234.88	-4.694
235.35	-5.332
235.82	-4.766
236.30	-4.448
236.77	-3.260
237.24	-5.933
237.71	-5.979
238.19	-5.984
238.66	-6.179
239.13	-8.287
239.61	-9.778
240.08	-7.803
240.55	-8.059
241.02	-7.179
241.50	-4.921
241.97	-5.143
242.44	-4.249
242.91	-3.754
243.39	-3.513
243.86	-4.414
244.33	-5.268
244.80	-6.739
245.28	-6.672
245.75	-3.940
246.22	-3.641
246.69	-4.019
247.17	-2.076
247.64	-1.787
248.11	-1.050
248.58	-0.942
249.05	-0.302
249.53	2.953
250.00	1.557
250.47	1.511
250.94	0.551
251.42	0.527
251.89	2.119
252.36	2.655
252.83	2.942
253.30	4.233
253.78	5.443
254.25	4.651
254.72	5.015
255.19	5.572
255.66	5.250
256.13	3.202
256.61	3.037
257.08	2.640
257.55	2.381
258.02	2.619
258.49	0.581
258.97	0.483
259.44	-0.550
259.91	-1.184
260.38	-1.718
260.85	-1.671
261.32	-1.221
261.79	-0.711
262.27	0.032
262.74	-0.253
263.21	0.550
263.68	-1.607
264.15	-2.355
264.62	-2.609
265.09	-3.449
265.57	-5.614
266.04	-6.596
266.51	-7.137
266.98	-5.803
267.45	-4.892
267.92	-7.150
268.39	-7.311
268.86	-7.329
269.34	-6.349
269.81	-6.057
270.28	-5.945
270.75	-3.124
271.22	-3.433
271.69	-3.839
272.16	-5.440
272.63	-4.040
273.10	-4.449
273.57	-4.033
274.05	-2.470
274.52	-1.613
274.99	-0.652
275.46	0.993
275.93	2.956
276.40	4.347
276.87	4.621
277.34	3.220
277.81	4.298
278.28	4.723
278.75	5.218
279.22	5.212
279.69	5.227
280.16	4.120
280.63	3.875
281.11	2.981
281.58	1.545
282.05	3.195
282.52	2.258
282.99	2.695
283.46	1.679
283.93	1.571
284.40	3.214
284.87	3.030
285.34	2.094
285.81	0.804
286.28	0.434
286.75	2.180
287.22	2.554
287.69	2.272
288.16	4.498
288.63	5.225
289.10	4.322
289.57	3.324
290.04	6.406
290.51	6.975
290.98	6.886
291.45	6.612
291.92	5.587
292.39	4.918
292.86	4.175
293.33	6.213
293.80	6.766
294.27	6.508
294.74	5.918
295.21	6.816
295.68	8.205
296.15	6.751
296.62	5.492
297.09	6.438
297.56	6.345
298.03	5.441
298.49	5.127
298.96	5.813
299.43	7.176
299.90	6.038
300.37	5.317
300.84	5.884
301.31	8.161
301.78	8.671
302.25	10.310
302.72	10.535
303.19	10.145
303.66	10.511
304.13	10.195
304.60	10.162
305.07	11.404
305.53	11.749
306.00	12.035
306.47	10.817
306.94	11.522
307.41	12.273
307.88	12.602
308.35	11.554
308.82	11.467
309.29	11.372
309.76	10.647
310.22	10.874
310.69	9.674
311.16	10.123
311.63	10.812
312.10	10.035
312.57	10.315
313.04	9.453
313.51	10.078
313.97	9.841
314.44	9.877
314.91	8.346
315.38	7.378
315.85	8.140
316.32	9.193
316.79	9.142
317.25	8.629
317.72	7.816
318.19	8.228
318.66	9.272
319.13	9.697
319.60	9.562
320.07	9.308
320.53	11.301
321.00	9.875
321.47	9.959
321.94	10.049
322.41	9.868
322.87	10.443
323.34	10.186
323.81	10.131
324.28	10.603
324.75	9.907
325.22	9.933
325.68	8.892
326.15	9.070
326.62	8.914
327.09	8.694
327.56	8.472
328.02	9.074
328.49	8.308
328.96	8.453
329.43	8.276
329.89	7.841
330.36	7.532
330.83	8.057
331.30	7.234
331.77	7.230
332.23	6.964
332.70	7.272
333.17	5.634
333.64	5.479
334.10	6.222
334.57	7.286
335.04	7.168
335.51	7.587
335.97	7.016
336.44	6.760
336.91	6.972
337.38	7.428
337.84	6.988
338.31	7.488
338.78	6.685
339.24	7.037
339.71	8.387
340.18	8.506
340.65	8.219
341.11	8.416
341.58	8.298
342.05	8.585
342.52	8.381
342.98	9.040
343.45	9.003
343.92	8.355
344.38	7.927
344.85	7.812
345.32	8.103
345.78	8.732
346.25	8.915
346.72	8.757
347.18	8.888
347.65	9.134
348.12	8.994
348.58	9.551
349.05	9.900
349.52	9.767
349.99	9.441
350.45	9.168
350.92	9.259
351.38	9.295
351.85	9.291
352.32	9.284
352.78	8.922
353.25	9.380
353.72	9.173
354.18	8.989
354.65	9.473
355.12	9.225
355.58	9.007
356.05	8.757
356.52	8.759
356.98	8.718
357.45	8.672
357.91	8.373
358.38	8.231
358.85	8.079
359.31	7.900
359.78	7.814
360.25	7.871
360.71	7.770
361.18	7.803
361.64	7.435
362.11	7.301
362.58	7.425
363.04	7.196
363.51	7.289
363.97	7.282
364.44	6.944
364.91	6.997
365.37	6.691
365.84	6.684
366.30	6.777
366.77	6.574
367.23	6.438
367.70	6.361
368.17	6.342
368.63	6.400
369.10	6.301
369.56	6.203
370.03	6.227
370.49	6.252
370.96	6.092
371.42	6.190
371.89	6.335
372.36	6.412
372.82	6.370
373.29	6.399
373.75	6.478
374.22	6.665
374.68	6.708
375.15	6.827
375.61	6.778
376.08	6.693
376.54	6.696
377.01	6.703
377.47	6.798
377.94	6.812
378.40	6.691
378.87	6.569
379.33	6.657
379.80	6.603
380.26	6.483
380.73	6.482
381.19	6.477
381.66	6.326
382.12	6.272
382.59	6.217
383.05	6.152
383.52	6.106
383.98	5.999
384.45	5.979
384.91	5.930
385.38	5.958
385.84	5.959
386.31	5.904
386.77	5.827
387.24	5.814
387.70	5.854
388.16	5.863
388.63	5.943
389.09	5.949
389.56	6.027
390.02	6.037
390.49	6.041
390.95	6.052
391.42	6.143
391.88	6.158
392.34	6.174
392.81	6.256
393.27	6.302
393.74	6.302
394.20	6.326
394.67	6.420
395.13	6.460
395.59	6.530
396.06	6.569
396.52	6.611
396.99	6.622
397.45	6.526
397.91	6.493
398.38	6.395
398.84	6.358
399.31	6.294
399.77	6.265
400.23	6.250
400.70	6.215
401.16	6.114
401.63	6.060
402.09	6.037
402.55	5.982
403.02	5.882
403.48	5.791
403.94	5.740
404.41	5.686
404.87	5.651
405.33	5.568
405.80	5.597
406.26	5.583
406.73	5.601
407.19	5.643
407.65	5.739
408.12	5.849
408.58	5.960
409.04	6.087
409.51	6.214
409.97	6.339
410.43	6.496
410.90	6.659
411.36	6.827
411.82	7.016
412.29	7.206
412.75	7.412
413.21	7.643
413.67	7.840
414.14	8.042
414.60	8.198
415.06	8.425
415.53	8.599
415.99	8.784
416.45	8.931
416.92	9.055
417.38	9.136
417.84	9.234
418.30	9.250
418.77	9.255
419.23	9.276
419.69	9.251
420.16	9.195
420.62	9.139
421.08	9.058
421.54	8.943
422.01	8.807
422.47	8.665
422.93	8.526
423.39	8.361
423.86	8.177
424.32	8.040
424.78	7.866
425.24	7.700
425.71	7.545
426.17	7.420
426.63	7.320
427.09	7.253
427.56	7.161
428.02	7.118
428.48	7.081
428.94	7.023
429.41	6.981
429.87	6.976
430.33	7.108
430.79	7.291
431.25	7.504
431.72	7.724
432.18	7.993
432.64	8.302
433.10	8.639
433.56	8.981
434.03	9.338
434.49	9.730
434.95	10.118
435.41	10.520
435.87	10.918
436.34	11.310
436.80	11.684
437.26	12.082
437.72	12.469
438.18	12.856
438.64	13.254
439.11	13.628
439.57	13.973
440.03	14.217
440.49	14.417
440.95	14.586
441.41	14.729
441.88	14.840
442.34	14.925
442.80	14.949
443.26	14.944
443.72	14.913
444.18	14.828
444.64	14.716
445.11	14.585
445.57	14.412
446.03	14.242
446.49	14.042
446.95	13.825
447.41	13.590
447.87	13.350
448.33	13.102
448.79	12.863
449.26	12.635
449.72	12.414
450.18	12.206
450.64	12.014
451.10	11.841
451.56	11.688
452.02	11.539
452.48	11.430
452.94	11.362
453.40	11.334
453.87	11.339
454.33	11.395
454.79	11.484
455.25	11.610
455.71	11.757
456.17	11.961
456.63	12.216
457.09	12.505
457.55	12.814
458.01	13.171
458.47	13.564
458.93	13.981
459.39	14.409
459.85	14.855
460.31	15.313
460.77	15.801
461.24	16.299
461.70	16.809
462.16	17.310
462.62	17.827
463.08	18.317
463.54	18.802
464.00	19.279
464.46	19.736
464.92	20.162
465.38	20.564
465.84	20.940
466.30	21.278
466.76	21.592
467.22	21.864
467.68	22.100
468.14	22.298
468.60	22.453
469.06	22.581
469.52	22.654
469.98	22.702
470.44	22.712
470.90	22.676
471.36	22.608
471.82	22.514
472.28	22.368
472.74	22.197
473.20	21.995
473.66	21.765
474.12	21.511
474.58	21.231
475.04	20.947
475.50	20.645
475.95	20.334
476.41	20.009
476.87	19.690
477.33	19.363
477.79	19.053
478.25	18.742
478.71	18.431
479.17	18.150
479.63	17.877
480.09	17.615
480.55	17.384
481.01	17.183
481.47	17.014
481.93	16.874
482.39	16.770
482.84	16.710
483.30	16.691
483.76	16.706
484.22	16.764
484.68	16.852
485.14	16.980
485.60	17.153
486.06	17.368
486.52	17.620
486.98	17.911
487.44	18.228
487.89	18.581
488.35	18.966
488.81	19.377
489.27	19.817
489.73	20.283
490.19	20.772
490.65	21.276
491.11	21.792
491.56	22.321
492.02	22.853
492.48	23.391
492.94	23.929
493.40	24.463
493.86	24.996
494.32	25.521
494.77	26.028
495.23	26.510
495.69	26.972
496.15	27.416
496.61	27.842
497.07	28.243
497.52	28.623
497.98	28.984
498.44	29.318
498.90	29.621
499.36	29.889
499.82	30.117
500.27	30.312
500.73	30.474
501.19	30.600
501.65	30.693
502.11	30.750
502.56	30.775
503.02	30.766
503.48	30.723
503.94	30.649
504.40	30.550
504.85	30.423
505.31	30.272
505.77	30.090
506.23	29.880
506.69	29.645
507.14	29.387
507.60	29.110
508.06	28.804
508.52	28.479
508.97	28.146
509.43	27.803
509.89	27.447
510.35	27.091
510.80	26.737
511.26	26.383
511.72	26.030
512.18	25.673
512.63	25.322
513.09	24.982
513.55	24.653
514.01	24.340
514.46	24.043
514.92	23.768
515.38	23.514
515.84	23.288
516.29	23.089
516.75	22.911
517.21	22.764
517.66	22.645
518.12	22.559
518.58	22.505
519.04	22.486
519.49	22.506
519.95	22.557
520.41	22.634
520.86	22.744
521.32	22.894
521.78	23.076
522.23	23.295
522.69	23.543
523.15	23.825
523.61	24.137
524.06	24.478
524.52	24.842
524.98	25.230
525.43	25.636
525.89	26.060
526.35	26.501
526.80	26.953
527.26	27.421
527.72	27.909
528.17	28.400
528.63	28.895
529.09	29.392
529.54	29.888
530.00	30.391
530.45	30.896
530.91	31.388
531.37	31.874
531.82	32.350
532.28	32.815
532.74	33.267
533.19	33.694
533.65	34.091
534.10	34.471
534.56	34.825
535.02	35.154
535.47	35.464
535.93	35.756
536.39	36.025
536.84	36.268
537.30	36.486
537.75	36.677
538.21	36.836
538.67	36.972
539.12	37.084
539.58	37.163
540.03	37.210
540.49	37.241
540.94	37.247
541.40	37.216
541.86	37.161
542.31	37.072
542.77	36.971
543.22	36.856
543.68	36.721
544.13	36.570
544.59	36.400
545.05	36.205
545.50	35.989
545.96	35.754
546.41	35.499
546.87	35.233
547.32	34.950
547.78	34.658
548.23	34.346
548.69	34.019
549.14	33.690
549.60	33.353
550.06	33.007
550.51	32.654
550.97	32.306
551.42	31.951
551.88	31.595
552.33	31.237
552.79	30.889
553.24	30.540
553.70	30.201
554.15	29.877
554.61	29.571
555.06	29.275
555.52	28.989
555.97	28.722
556.43	28.471
556.88	28.241
557.34	28.039
557.79	27.861
558.25	27.711
558.70	27.581
559.15	27.479
559.61	27.401
560.06	27.351
560.52	27.329
560.97	27.344
561.43	27.389
561.88	27.468
562.34	27.571
562.79	27.703
563.25	27.864
563.70	28.044
564.16	28.249
564.61	28.488
565.06	28.753
565.52	29.040
565.97	29.347
566.43	29.683
566.88	30.036
567.34	30.409
567.79	30.798
568.24	31.207
568.70	31.627
569.15	32.057
569.61	32.508
570.06	32.961
570.51	33.422
570.97	33.894
571.42	34.366
571.88	34.854
572.33	35.338
572.78	35.817
573.24	36.297
573.69	36.769
574.15	37.239
574.60	37.700
575.05	38.156
575.51	38.613
575.96	39.054
576.42	39.498
576.87	39.924
577.32	40.341
577.78	40.736
578.23	41.125
578.68	41.494
579.14	41.848
579.59	42.190
580.04	42.501
580.50	42.794
580.95	43.064
581.40	43.309
581.86	43.543
582.31	43.761
582.76	43.972
583.22	44.164
583.67	44.327
584.12	44.476
584.58	44.597
585.03	44.684
585.48	44.751
585.94	44.785
586.39	44.795
586.84	44.790
587.30	44.775
587.75	44.734
588.20	44.677
588.66	44.599
589.11	44.494
589.56	44.379
590.01	44.241
590.47	44.081
590.92	43.909
591.37	43.718
591.83	43.505
592.28	43.266
592.73	43.014
593.18	42.747
593.64	42.464
594.09	42.169
594.54	41.875
594.99	41.572
595.45	41.253
595.90	40.929
596.35	40.591
596.80	40.241
597.26	39.882
597.71	39.516
598.16	39.142
598.61	38.772
599.07	38.400
599.52	38.027
599.97	37.658
600.42	37.283
600.88	36.906
601.33	36.535
601.78	36.171
602.23	35.805
602.69	35.449
603.14	35.102
603.59	34.762
604.04	34.430
604.49	34.096
604.95	33.775
605.40	33.480
605.85	33.199
606.30	32.930
606.75	32.680
607.21	32.453
607.66	32.247
608.11	32.055
608.56	31.884
609.01	31.737
609.46	31.608
609.92	31.496
610.37	31.408
610.82	31.349
611.27	31.312
611.72	31.302
612.17	31.315
612.63	31.346
613.08	31.402
613.53	31.476
613.98	31.586
614.43	31.718
614.88	31.864
615.34	32.028
615.79	32.211
616.24	32.410
616.69	32.630
617.14	32.863
617.59	33.113
618.04	33.377
618.49	33.653
618.95	33.944
619.40	34.255
619.85	34.584
620.30	34.918
620.75	35.256
621.20	35.606
621.65	35.964
622.10	36.336
622.55	36.718
623.00	37.107
623.46	37.499
623.91	37.883
624.36	38.273
624.81	38.670
625.26	39.065
625.71	39.464
626.16	39.865
626.61	40.261
627.06	40.659
627.51	41.055
627.96	41.446
628.41	41.834
628.86	42.207
629.32	42.573
629.77	42.931
630.22	43.285
630.67	43.628
631.12	43.964
631.57	44.295
632.02	44.613
632.47	44.912
632.92	45.206
633.37	45.503
633.82	45.781
634.27	46.035
634.72	46.286
635.17	46.518
635.62	46.727
636.07	46.925
636.52	47.095
636.97	47.258
637.42	47.405
637.87	47.539
638.32	47.657
638.77	47.770
639.22	47.874
639.67	47.955
640.12	48.024
640.57	48.073
641.02	48.101
641.47	48.111
641.92	48.116
642.37	48.093
642.82	48.050
643.27	47.990
643.72	47.926
644.17	47.838
644.62	47.743
645.07	47.631
645.52	47.514
645.97	47.398
646.42	47.260
646.87	47.114
647.32	46.972
647.77	46.822
648.22	46.647
648.66	46.452
649.11	46.243
649.56	46.014
650.01	45.781
650.46	45.544
650.91	45.305
651.36	45.047
651.81	44.777
652.26	44.508
652.71	44.225
653.16	43.938
653.61	43.647
654.06	43.348
654.50	43.042
654.95	42.721
655.40	42.390
655.85	42.063
656.30	41.728
656.75	41.376
657.20	41.025
657.65	40.677
658.10	40.321
658.55	39.981
658.99	39.651
659.44	39.320
659.89	38.989
660.34	38.648
660.79	38.311
661.24	37.993
661.69	37.676
662.13	37.373
662.58	37.061
663.03	36.759
663.48	36.459
663.93	36.175
664.38	35.903
664.83	35.643
665.27	35.383
665.72	35.133
666.17	34.893
666.62	34.661
667.07	34.440
667.52	34.237
667.96	34.033
668.41	33.838
668.86	33.660
669.31	33.488
669.76	33.343
670.21	33.216
670.65	33.108
671.10	33.007
671.55	32.914
672.00	32.841
672.45	32.785
672.89	32.744
673.34	32.709
673.79	32.690
674.24	32.680
674.68	32.688
675.13	32.712
675.58	32.754
676.03	32.810
676.48	32.870
676.92	32.942
677.37	33.034
677.82	33.147
678.27	33.261
678.71	33.377
679.16	33.511
679.61	33.659
680.06	33.809
680.50	33.971
680.95	34.168
681.40	34.372
681.85	34.569
682.29	34.784
682.74	35.017
683.19	35.255
683.64	35.503
684.08	35.766
684.53	36.038
684.98	36.318
685.43	36.611
685.87	36.911
686.32	37.205
686.77	37.501
687.21	37.785
687.66	38.087
688.11	38.418
688.55	38.733
689.00	39.044
689.45	39.371
689.90	39.709
690.34	40.025
690.79	40.337
691.24	40.664
691.68	40.989
692.13	41.294
692.58	41.586
693.02	41.889
693.47	42.180
693.92	42.458
694.36	42.722
694.81	42.995
695.26	43.267
695.70	43.539
696.15	43.811
696.60	44.090
697.04	44.355
697.49	44.595
697.94	44.822
698.38	45.054
698.83	45.272
699.27	45.484
699.72	45.679
700.17	45.883
700.61	46.076
701.06	46.257
701.51	46.440
701.95	46.626
702.40	46.806
702.84	46.984
703.29	47.164
703.74	47.326
704.18	47.467
704.63	47.602
705.07	47.727
705.52	47.844
705.97	47.944
706.41	48.030
706.86	48.096
707.30	48.174
707.75	48.256
708.20	48.322
708.64	48.359
709.09	48.393
709.53	48.412
709.98	48.429
710.42	48.428
710.87	48.399
711.32	48.373
711.76	48.322
712.21	48.265
712.65	48.190
713.10	48.130
713.54	48.056
713.99	47.975
714.43	47.894
714.88	47.780
715.33	47.650
715.77	47.532
716.22	47.425
716.66	47.299
717.11	47.147
717.55	46.998
718.00	46.853
718.44	46.699
718.89	46.521
719.33	46.345
719.78	46.180
720.22	46.024
720.67	45.844
721.11	45.665
721.56	45.482
722.00	45.284
722.45	45.065
722.89	44.849
723.34	44.627
723.78	44.414
724.23	44.213
724.67	44.004
725.12	43.773
725.56	43.534
726.01	43.296
726.45	43.049
726.90	42.784
727.34	42.515
727.78	42.258
728.23	42.008
728.67	41.739
729.12	41.463
729.56	41.196
730.01	40.933
730.45	40.647
730.90	40.345
731.34	40.072
731.79	39.805
732.23	39.530
732.67	39.245
733.12	38.947
733.56	38.667
734.01	38.406
734.45	38.135
734.89	37.877
735.34	37.636
735.78	37.407
736.23	37.169
736.67	36.928
737.12	36.689
737.56	36.455
738.00	36.220
738.45	35.998
738.89	35.780
739.34	35.580
739.78	35.414
740.22	35.245
740.67	35.062
741.11	34.879
741.55	34.716
742.00	34.563
742.44	34.416
742.89	34.262
743.33	34.116
743.77	34.000
744.22	33.891
744.66	33.764
745.10	33.641
745.55	33.532
745.99	33.448
746.43	33.378
746.88	33.307
747.32	33.244
747.76	33.189
748.21	33.156
748.65	33.114
749.09	33.063
749.54	33.020
749.98	33.008
750.42	33.014
750.87	33.006
751.31	32.998
751.75	33.018
752.20	33.055
752.64	33.109
753.08	33.154
753.53	33.190
753.97	33.254
754.41	33.330
754.85	33.423
755.30	33.517
755.74	33.612
756.18	33.730
756.63	33.876
757.07	34.022
757.51	34.144
757.95	34.284
758.40	34.445
758.84	34.621
759.28	34.790
759.72	34.950
760.17	35.136
760.61	35.348
761.05	35.555
761.50	35.753
761.94	35.936
762.38	36.131
762.82	36.357
763.26	36.580
763.71	36.800
764.15	37.012
764.59	37.216
765.03	37.416
765.48	37.626
765.92	37.825
766.36	38.020
766.80	38.240
767.25	38.465
767.69	38.686
768.13	38.920
768.57	39.167
769.01	39.421
769.46	39.653
769.90	39.877
770.34	40.102
770.78	40.327
771.22	40.581
771.67	40.849
772.11	41.108
772.55	41.358
772.99	41.586
773.43	41.817
773.87	42.083
774.32	42.354
774.76	42.610
775.20	42.846
775.64	43.094
776.08	43.351
776.52	43.590
776.97	43.827
777.41	44.042
777.85	44.248
778.29	44.466
778.73	44.707
779.17	44.942
779.62	45.153
780.06	45.367
780.50	45.569
780.94	45.767
781.38	45.947
781.82	46.121
782.26	46.324
782.70	46.523
783.15	46.707
783.59	46.877
784.03	47.026
784.47	47.181
784.91	47.308
785.35	47.431
785.79	47.569
786.23	47.703
786.67	47.837
787.11	47.972
787.56	48.090
788.00	48.198
788.44	48.300
788.88	48.413
789.32	48.514
789.76	48.607
790.20	48.690
790.64	48.783
791.08	48.880
791.52	48.953
791.96	49.002
792.40	49.040
792.84	49.091
793.28	49.166
793.73	49.234
794.17	49.297
794.61	49.346
795.05	49.386
795.49	49.407
795.93	49.412
796.37	49.391
796.81	49.388
797.25	49.387
797.69	49.370
798.13	49.340
798.57	49.313
799.01	49.279
799.45	49.218
799.89	49.135
800.33	49.052
800.77	48.983
801.21	48.937
801.65	48.868
802.09	48.786
802.53	48.688
802.97	48.583
803.41	48.493
803.85	48.403
804.29	48.315
804.73	48.236
805.17	48.133
805.61	48.022
806.05	47.886
806.49	47.727
806.93	47.597
807.37	47.472
807.81	47.355
808.25	47.225
808.69	47.084
809.13	46.940
809.57	46.789
810.01	46.629
810.44	46.445
810.88	46.263
811.32	46.092
811.76	45.919
812.20	45.751
812.64	45.574
813.08	45.388
813.52	45.169
813.96	44.934
814.40	44.743
814.84	44.565
815.28	44.387
815.72	44.215
816.16	44.019
816.59	43.829
817.03	43.624
817.47	43.429
817.91	43.254
818.35	43.085
818.79	42.919
819.23	42.740
819.67	42.556
820.11	42.383
820.54	42.179
820.98	41.964
821.42	41.753
821.86	41.532
822.30	41.321
822.74	41.134
823.18	40.940
823.62	40.730
824.05	40.516
824.49	40.315
824.93	40.115
825.37	39.921
825.81	39.726
826.25	39.520
826.69	39.284
827.12	39.040
827.56	38.810
828.00	38.579
828.44	38.368
828.88	38.174
829.32	37.971
829.75	37.782
830.19	37.601
830.63	37.410
831.07	37.231
831.51	37.044
831.94	36.836
832.38	36.641
832.82	36.454
833.26	36.282
833.70	36.117
834.13	35.956
834.57	35.801
835.01	35.637
835.45	35.497
835.89	35.378
836.32	35.260
836.76	35.126
837.20	34.982
837.64	34.853
838.08	34.737
838.51	34.645
838.95	34.555
839.39	34.468
839.83	34.397
840.26	34.326
840.70	34.264
841.14	34.222
841.58	34.190
842.01	34.157
842.45	34.124
842.89	34.081
843.33	34.030
843.76	33.982
844.20	33.957
844.64	33.931
845.08	33.910
845.51	33.889
845.95	33.876
846.39	33.878
846.82	33.876
847.26	33.868
847.70	33.839
848.14	33.825
848.57	33.822
849.01	33.827
849.45	33.820
849.88	33.814
850.32	33.819
850.76	33.843
851.19	33.886
851.63	33.930
852.07	33.978
852.50	34.047
852.94	34.102
853.38	34.144
853.81	34.195
854.25	34.255
854.69	34.340
855.12	34.435
855.56	34.539
856.00	34.635
856.43	34.748
856.87	34.874
857.31	35.008
857.74	35.149
858.18	35.269
858.62	35.407
859.05	35.549
859.49	35.682
859.93	35.801
860.36	35.934
860.80	36.072
861.24	36.209
861.67	36.332
862.11	36.457
862.54	36.599
862.98	36.753
863.42	36.926
863.85	37.087
864.29	37.251
864.72	37.430
865.16	37.602
865.60	37.762
866.03	37.921
866.47	38.079
866.90	38.230
867.34	38.414
867.78	38.616
868.21	38.838
868.65	39.078
869.08	39.312
869.52	39.502
869.95	39.693
870.39	39.885
870.83	40.087
871.26	40.322
871.70	40.562
872.13	40.792
872.57	40.998
873.00	41.203
873.44	41.410
873.87	41.598
874.31	41.801
874.75	42.001
875.18	42.193
875.62	42.372
876.05	42.565
876.49	42.777
876.92	43.001
877.36	43.230
877.79	43.424
878.23	43.616
878.66	43.825
879.10	44.036
879.53	44.256
879.97	44.478
880.40	44.670
880.84	44.859
881.27	45.038
881.71	45.215
882.14	45.384
882.58	45.562
883.01	45.736
883.45	45.917
883.88	46.093
884.32	46.271
884.75	46.453
885.19	46.628
885.62	46.803
886.06	46.972
886.49	47.126
886.92	47.291
887.36	47.456
887.79	47.631
888.23	47.787
888.66	47.943
889.10	48.075
889.53	48.207
889.97	48.329
890.40	48.450
890.83	48.572
891.27	48.701
891.70	48.841
892.14	48.996
892.57	49.139
893.01	49.307
893.44	49.470
893.87	49.632
894.31	49.819
894.74	49.970
895.18	50.085
895.61	50.169
896.04	50.252
896.48	50.337
896.91	50.405
897.35	50.454
897.78	50.489
898.21	50.572
898.65	50.657
899.08	50.732
899.52	50.818
899.95	50.912
900.38	51.024
900.82	51.144
901.25	51.246
901.68	51.325
902.12	51.392
902.55	51.455
902.99	51.553
903.42	51.611
903.85	51.663
904.29	51.712
904.72	51.768
905.15	51.809
905.59	51.836
906.02	51.875
906.45	51.941
906.89	52.013
907.32	52.062
907.75	52.127
908.19	52.159
908.62	52.182
909.05	52.171
909.49	52.128
909.92	52.054
910.35	51.982
910.78	51.913
911.22	51.815
911.65	51.721
912.08	51.626
912.52	51.538
912.95	51.453
913.38	51.370
913.82	51.295
914.25	51.235
914.68	51.178
915.11	51.129
915.55	51.049
915.98	50.987
916.41	50.901
916.84	50.770
917.28	50.685
917.71	50.598
918.14	50.541
918.58	50.460
919.01	50.354
919.44	50.248
919.87	50.166
920.31	50.112
920.74	50.060
921.17	49.944
921.60	49.832
922.03	49.720
922.47	49.587
922.90	49.453
923.33	49.298
923.76	49.164
924.20	49.027
924.63	48.909
925.06	48.751
925.49	48.558
925.92	48.423
926.36	48.293
926.79	48.148
927.22	48.007
927.65	47.890
928.08	47.781
928.52	47.665
928.95	47.501
929.38	47.346
929.81	47.206
930.24	47.074
930.68	46.928
931.11	46.790
931.54	46.679
931.97	46.555
932.40	46.438
932.83	46.305
933.27	46.160
933.70	46.000
934.13	45.838
934.56	45.729
934.99	45.566
935.42	45.390
935.85	45.202
936.29	45.011
936.72	44.814
937.15	44.645
937.58	44.472
938.01	44.319
938.44	44.158
938.87	43.973
939.31	43.787
939.74	43.629
940.17	43.427
940.60	43.221
941.03	43.027
941.46	42.842
941.89	42.664
942.32	42.481
942.75	42.306
943.18	42.154
943.62	41.969
944.05	41.762
944.48	41.564
944.91	41.363
945.34	41.148
945.77	40.951
946.20	40.740
946.63	40.554
947.06	40.374
947.49	40.168
947.92	39.978
948.35	39.773
948.78	39.537
949.22	39.336
949.65	39.126
950.08	38.924
950.51	38.718
950.94	38.516
951.37	38.311
951.80	38.149
952.23	37.982
952.66	37.840
953.09	37.723
953.52	37.594
953.95	37.496
954.38	37.380
954.81	37.264
955.24	37.150
955.67	37.009
956.10	36.876
956.53	36.767
956.96	36.632
957.39	36.542
957.82	36.455
958.25	36.354
958.68	36.237
959.11	36.127
959.54	35.981
959.97	35.872
960.40	35.808
960.83	35.676
961.26	35.545
961.69	35.392
962.12	35.252
962.55	35.094
962.98	34.947
963.41	34.831
963.84	34.713
964.27	34.591
964.70	34.489
965.13	34.373
965.56	34.240
965.99	34.157
966.42	34.064
966.84	33.984
967.27	33.930
967.70	33.888
968.13	33.829
968.56	33.834
968.99	33.776
969.42	33.678
969.85	33.632
970.28	33.571
970.71	33.524
971.14	33.448
971.57	33.428
972.00	33.396
972.42	33.351
972.85	33.306
973.28	33.251
973.71	33.200
974.14	33.148
974.57	33.147
975.00	33.126
975.43	33.117
975.86	33.081
976.28	33.047
976.71	33.038
977.14	32.981
977.57	32.942
978.00	32.937
978.43	32.940
978.86	32.945
979.29	32.954
979.71	32.972
980.14	33.024
980.57	33.030
981.00	33.026
981.43	33.082
981.86	33.121
982.28	33.170
982.71	33.192
983.14	33.248
983.57	33.216
984.00	33.239
984.43	33.212
984.85	33.250
985.28	33.314
985.71	33.366
986.14	33.460
986.57	33.516
986.99	33.566
987.42	33.581
987.85	33.640
988.28	33.689
988.71	33.762
989.13	33.841
989.56	33.926
989.99	34.028
990.42	34.107
990.85	34.256
991.27	34.392
991.70	34.468
992.13	34.524
992.56	34.697
992.98	34.759
993.41	34.893
993.84	35.026
994.27	35.064
994.70	35.158
995.12	35.236
995.55	35.333
995.98	35.444
996.41	35.604
996.83	35.683
997.26	35.846
997.69	35.980
998.11	36.078
998.54	36.168
998.97	36.303
999.40	36.427
999.82	36.530
1000.25	36.645
1000.68	36.870
1001.11	37.024
1001.53	37.094
1001.96	37.238
1002.39	37.389
1002.81	37.506
1003.24	37.663
1003.67	37.841
1004.09	37.938
1004.52	38.099
1004.95	38.253
1005.38	38.379
1005.80	38.557
1006.23	38.655
1006.66	38.755
1007.08	38.903
1007.51	39.016
1007.94	39.223
1008.36	39.290
1008.79	39.352
1009.22	39.508
1009.64	39.482
1010.07	39.605
1010.50	39.755
1010.92	39.878
1011.35	40.011
1011.77	40.138
1012.20	40.301
1012.63	40.367
1013.05	40.534
1013.48	40.646
1013.91	40.708
1014.33	40.765
1014.76	40.792
1015.19	40.849
1015.61	40.869
1016.04	41.034
1016.46	41.249
1016.89	41.260
1017.32	41.407
1017.74	41.505
1018.17	41.500
1018.59	41.777
1019.02	41.863
1019.45	41.958
1019.87	42.018
1020.30	42.104
1020.72	42.238
1021.15	42.295
1021.58	42.420
1022.00	42.533
1022.43	42.594
1022.85	42.707
1023.28	42.858
1023.70	43.067
1024.13	43.232
1024.55	43.414
1024.98	43.309
1025.41	43.197
1025.83	43.253
1026.26	43.394
1026.68	43.460
1027.11	43.550
1027.53	43.510
1027.96	43.483
1028.38	43.651
1028.81	43.786
1029.23	43.975
1029.66	44.033
1030.08	44.066
1030.51	44.155
1030.94	44.302
1031.36	44.266
1031.79	44.353
1032.21	44.385
1032.64	44.481
1033.06	44.312
1033.49	44.278
1033.91	44.394
1034.34	44.503
1034.76	44.414
1035.19	44.394
1035.61	44.418
1036.03	44.483
1036.46	44.541
1036.88	44.645
1037.31	44.591
1037.73	44.728
1038.16	44.643
1038.58	44.620
1039.01	44.511
1039.43	44.502
1039.86	44.542
1040.28	44.631
1040.71	44.633
1041.13	44.681
1041.55	44.410
1041.98	44.665
1042.40	44.614
1042.83	44.686
1043.25	44.821
1043.68	44.918
1044.10	45.001
1044.52	45.076
1044.95	44.967
1045.37	44.937
1045.80	44.949
1046.22	44.902
1046.65	44.877
1047.07	44.661
1047.49	44.571
1047.92	44.672
1048.34	44.627
1048.77	44.470
1049.19	44.257
1049.61	44.081
1050.04	44.123
1050.46	44.021
1050.89	44.216
1051.31	44.330
1051.73	44.267
1052.16	44.246
1052.58	44.094
1053.00	43.885
1053.43	43.793
1053.85	43.968
1054.27	44.015
1054.70	43.893
1055.12	43.885
1055.55	43.606
1055.97	43.579
1056.39	43.711
1056.82	43.898
1057.24	43.787
1057.66	43.914
1058.09	44.063
1058.51	44.333
1058.93	43.796
1059.36	43.835
1059.78	43.292
1060.20	43.309
1060.62	43.107
1061.05	42.763
1061.47	42.907
1061.89	42.601
1062.32	42.237
1062.74	41.989
1063.16	41.858
1063.59	41.919
1064.01	41.576
1064.43	41.624
1064.85	41.718
1065.28	41.612
1065.70	41.294
1066.12	40.735
1066.55	40.387
1066.97	40.377
1067.39	40.027
1067.81	40.103
1068.24	39.867
1068.66	39.897
1069.08	39.640
1069.50	39.556
1069.93	39.598
1070.35	39.183
1070.77	39.099
1071.19	38.789
1071.62	38.539
1072.04	38.290
1072.46	37.855
1072.88	37.659
1073.31	37.287
1073.73	36.722
1074.15	36.312
1074.57	35.914
1075.00	35.972
1075.42	35.445
1075.84	34.856
1076.26	33.863
1076.68	33.050
1077.11	32.598
1077.53	32.311
1077.95	32.100
1078.37	31.259
1078.79	30.910
1079.22	30.659
1079.64	30.264
1080.06	30.371
1080.48	30.063
1080.90	29.269
1081.32	29.014
1081.75	28.507
1082.17	27.060
1082.59	26.959
1083.01	26.477
1083.43	25.590
1083.85	24.886
1084.28	24.029
1084.70	22.892
1085.12	22.304
1085.54	22.763
1085.96	23.027
1086.38	21.219
1086.80	19.942
1087.23	19.895
1087.65	19.219
1088.07	17.918
1088.49	16.251
1088.91	15.109
1089.33	14.068
1089.75	12.496
1090.17	11.412
1090.60	10.029
1091.02	10.352
1091.44	9.081
1091.86	7.032
1092.28	6.144
1092.70	6.211
1093.12	4.769
1093.54	3.418
1093.96	3.159
1094.38	0.983
1094.81	-2.725
1095.23	-3.235
1095.65	-4.972
1096.07	-5.820
1096.49	-8.305
1096.91	-8.319
1097.33	-9.760
1097.75	-11.748
1098.17	-11.799
1098.59	-11.481
1099.01	-10.784
1099.43	-11.559
1099.85	-14.400
1100.27	-17.294
1100.69	-18.966
1101.11	-19.787
1101.53	-21.483
1101.95	-22.953
1102.38	25.845
1102.80	-30.474
1103.22	15.116
1103.64	-29.884
1104.06	-80.927
1104.48	-52.004
1104.90	-81.595
1105.32	-36.437
1105.74	11.080
1106.16	-86.400
