188.40	-285.142
188.88	-495.300
189.35	502.507
189.83	2039.130
190.30	-1870.588
190.78	-422.596
191.26	-426.570
191.73	1869.811
192.21	-2323.188
192.68	-327.672
193.16	-1552.353
193.63	-1826.870
194.11	-1939.324
194.58	-1819.436
195.06	-1483.971
195.53	-989.272
196.01	-812.711
196.48	-721.935
196.96	-604.186
197.43	-517.780
197.91	-463.234
198.38	-413.451
198.86	-347.261
199.33	-298.233
199.81	-288.694
200.28	-278.537
200.76	-252.075
201.23	-231.969
201.71	-211.019
202.18	-200.272
202.66	-183.200
203.13	-172.241
203.61	-165.353
204.08	-153.763
204.55	-142.642
205.03	-135.436
205.50	-132.956
205.98	-135.568
206.45	-132.932
206.93	-129.004
207.40	-129.039
207.88	-129.399
208.35	-129.650
208.82	-134.818
209.30	-135.600
209.77	-135.687
210.25	-133.564
210.72	-132.450
211.20	-132.901
211.67	-130.689
212.14	-129.111
212.62	-127.790
213.09	-126.725
213.57	-122.884
214.04	-123.070
214.52	-120.393
214.99	-116.937
215.46	-117.840
215.94	-118.126
216.41	-117.727
216.89	-116.764
217.36	-115.587
217.83	-117.640
218.31	-116.710
218.78	-112.723
219.25	-109.251
219.73	-109.812
220.20	-111.616
220.68	-107.755
221.15	-107.302
221.62	-108.579
222.10	-108.849
222.57	-106.605
223.04	-105.428
223.52	-109.648
223.99	-111.238
224.47	-111.163
224.94	-114.697
225.41	-114.068
225.89	-113.680
226.36	-114.566
226.83	-115.467
227.31	-117.758
227.78	-117.316
228.25	-114.480
228.73	-113.829
229.20	-112.680
229.67	-113.388
230.15	-111.719
230.62	-110.438
231.09	-113.369
231.57	-116.626
232.04	-115.754
232.51	-115.607
232.98	-118.458
233.46	-116.249
233.93	-115.449
234.40	-112.721
234.88	-111.515
235.35	-113.825
235.82	-111.162
236.30	-108.899
236.77	-111.139
237.24	-112.463
237.71	-110.868
238.19	-111.056
238.66	-111.352
239.13	-115.385
239.61	-115.660
240.08	-115.750
240.55	-116.721
241.02	-113.703
241.50	-110.173
241.97	-106.205
242.44	-108.842
242.91	-108.607
243.39	-108.428
243.86	-106.907
244.33	-110.358
244.80	-113.003
245.28	-112.407
245.75	-109.806
246.22	-111.034
246.69	-107.748
247.17	-105.083
247.64	-104.783
248.11	-105.726
248.58	-106.427
249.05	-107.792
249.53	-103.732
250.00	-104.808
250.47	-107.276
250.94	-109.965
251.42	-110.837
251.89	-110.547
252.36	-108.218
252.83	-107.755
253.30	-104.313
253.78	-103.416
254.25	-101.790
254.72	-100.060
255.19	-101.079
255.66	-100.107
256.13	-102.932
256.61	-103.336
257.08	-102.821
257.55	-101.825
258.02	-100.821
258.49	-101.868
258.97	-100.756
259.44	-100.331
259.91	-98.786
260.38	-97.213
260.85	-93.403
261.32	-93.746
261.79	-93.497
262.27	-94.347
262.74	-92.961
263.21	-92.454
263.68	-95.439
264.15	-97.687
264.62	-99.547
265.09	-99.945
265.57	-102.402
266.04	-100.682
266.51	-101.645
266.98	-101.730
267.45	-102.516
267.92	-104.092
268.39	-103.488
268.86	-102.705
269.34	-99.841
269.81	-100.222
270.28	-101.309
270.75	-96.708
271.22	-95.814
271.69	-95.717
272.16	-94.065
272.63	-93.887
273.10	-93.269
273.57	-92.537
274.05	-92.184
274.52	-86.835
274.99	-84.948
275.46	-85.142
275.93	-85.333
276.40	-85.799
276.87	-82.650
277.34	-83.003
277.81	-84.770
278.28	-83.127
278.75	-83.792
279.22	-87.100
279.69	-87.634
280.16	-87.559
280.63	-88.537
281.11	-91.825
281.58	-95.547
282.05	-94.829
282.52	-93.267
282.99	-93.682
283.46	-93.453
283.93	-91.850
284.40	-93.575
284.87	-92.908
285.34	-92.890
285.81	-91.365
286.28	-88.391
286.75	-86.190
287.22	-87.229
287.69	-85.427
288.16	-82.748
288.63	-80.875
289.10	-81.287
289.57	-79.198
290.04	-77.146
290.51	-78.386
290.98	-76.129
291.45	-74.847
291.92	-75.096
292.39	-75.957
292.86	-77.689
293.33	-76.851
293.80	-76.485
294.27	-75.711
294.74	-77.894
295.21	-76.584
295.68	-75.269
296.15	-77.410
296.62	-82.615
297.09	-80.564
297.56	-79.026
298.03	-79.330
298.49	-80.242
298.96	-80.139
299.43	-79.315
299.90	-80.497
300.37	-80.840
300.84	-81.554
301.31	-78.745
301.78	-77.293
302.25	-75.990
302.72	-75.628
303.19	-74.887
303.66	-73.542
304.13	-74.539
304.60	-73.991
305.07	-73.922
305.53	-71.201
306.00	-69.700
306.47	-69.017
306.94	-66.489
307.41	-65.978
307.88	-66.434
308.35	-65.988
308.82	-64.516
309.29	-63.607
309.76	-62.576
310.22	-62.842
310.69	-60.792
311.16	-60.593
311.63	-60.035
312.10	-62.214
312.57	-61.092
313.04	-60.652
313.51	-60.982
313.97	-61.337
314.44	-59.345
314.91	-58.362
315.38	-60.250
315.85	-59.842
316.32	-58.285
316.79	-58.033
317.25	-57.978
317.72	-60.550
318.19	-60.204
318.66	-59.221
319.13	-59.236
319.60	-60.328
320.07	-59.424
320.53	-57.262
321.00	-56.867
321.47	-57.646
321.94	-56.021
322.41	-55.420
322.87	-53.362
323.34	-53.451
323.81	-51.964
324.28	-50.769
324.75	-51.592
325.22	-51.066
325.68	-51.338
326.15	-51.212
326.62	-51.045
327.09	-49.943
327.56	-47.903
328.02	-46.160
328.49	-46.822
328.96	-46.965
329.43	-46.847
329.89	-47.167
330.36	-47.333
330.83	-47.956
331.30	-47.752
331.77	-46.472
332.23	-45.603
332.70	-46.299
333.17	-46.210
333.64	-46.296
334.10	-44.466
334.57	-42.541
335.04	-42.116
335.51	-40.350
335.97	-39.313
336.44	-38.836
336.91	-39.663
337.38	-39.421
337.84	-38.971
338.31	-37.264
338.78	-36.510
339.24	-34.299
339.71	-32.165
340.18	-31.120
340.65	-30.678
341.11	-29.606
341.58	-28.478
342.05	-27.546
342.52	-26.900
342.98	-25.647
343.45	-24.309
343.92	-24.449
344.38	-24.674
344.85	-24.374
345.32	-23.782
345.78	-22.938
346.25	-22.629
346.72	-21.319
347.18	-19.828
347.65	-19.253
348.12	-19.224
348.58	-18.698
349.05	-18.124
349.52	-17.725
349.99	-17.627
350.45	-16.525
350.92	-15.868
351.38	-15.439
351.85	-15.044
352.32	-14.539
352.78	-13.619
353.25	-12.797
353.72	-12.422
354.18	-12.077
354.65	-11.168
355.12	-10.656
355.58	-10.277
356.05	-9.821
356.52	-9.454
356.98	-9.173
357.45	-8.680
357.91	-8.275
358.38	-8.003
358.85	-7.449
359.31	-7.012
359.78	-6.815
360.25	-6.561
360.71	-6.010
361.18	-5.826
361.64	-5.605
362.11	-5.369
362.58	-5.361
363.04	-5.154
363.51	-4.850
363.97	-4.404
364.44	-4.098
364.91	-4.000
365.37	-3.899
365.84	-3.667
366.30	-3.382
366.77	-3.158
367.23	-3.073
367.70	-2.861
368.17	-2.510
368.63	-2.397
369.10	-2.344
369.56	-2.158
370.03	-1.797
370.49	-1.834
370.96	-1.747
371.42	-1.586
371.89	-1.293
372.36	-1.022
372.82	-1.002
373.29	-0.898
373.75	-0.583
374.22	-0.477
374.68	-0.308
375.15	-0.090
375.61	0.129
376.08	0.253
376.54	0.208
377.01	0.386
377.47	0.626
377.94	0.752
378.40	0.722
378.87	0.822
379.33	0.981
379.80	0.941
380.26	1.007
380.73	1.122
381.19	1.267
381.66	1.312
382.12	1.296
382.59	1.418
383.05	1.550
383.52	1.540
383.98	1.530
384.45	1.559
384.91	1.561
385.38	1.585
385.84	1.601
386.31	1.669
386.77	1.707
387.24	1.739
387.70	1.849
388.16	1.983
388.63	2.070
389.09	2.138
389.56	2.191
390.02	2.263
390.49	2.363
390.95	2.391
391.42	2.462
391.88	2.613
392.34	2.698
392.81	2.780
393.27	2.889
393.74	3.025
394.20	3.148
394.67	3.282
395.13	3.385
395.59	3.533
396.06	3.640
396.52	3.745
396.99	3.820
397.45	3.800
397.91	3.831
398.38	3.827
398.84	3.867
399.31	3.880
399.77	3.929
400.23	3.990
400.70	4.033
401.16	4.025
401.63	4.005
402.09	4.027
402.55	3.993
403.02	3.926
403.48	3.889
403.94	3.890
404.41	3.835
404.87	3.803
405.33	3.716
405.80	3.740
406.26	3.697
406.73	3.691
407.19	3.735
407.65	3.786
408.12	3.883
408.58	3.965
409.04	4.060
409.51	4.152
409.97	4.243
410.43	4.350
410.90	4.499
411.36	4.667
411.82	4.816
412.29	5.010
412.75	5.209
413.21	5.423
413.67	5.629
414.14	5.871
414.60	6.078
415.06	6.324
415.53	6.523
415.99	6.771
416.45	6.971
416.92	7.158
417.38	7.339
417.84	7.486
418.30	7.624
418.77	7.776
419.23	7.877
419.69	7.932
420.16	7.995
420.62	8.040
421.08	8.017
421.54	7.969
422.01	7.916
422.47	7.844
422.93	7.758
423.39	7.632
423.86	7.506
424.32	7.380
424.78	7.262
425.24	7.113
425.71	6.964
426.17	6.831
426.63	6.697
427.09	6.559
427.56	6.440
428.02	6.319
428.48	6.189
428.94	6.061
429.41	5.916
429.87	5.817
430.33	5.851
430.79	5.950
431.25	6.080
431.72	6.236
432.18	6.437
432.64	6.654
433.10	6.930
433.56	7.210
434.03	7.537
434.49	7.877
434.95	8.252
435.41	8.638
435.87	9.028
436.34	9.426
436.80	9.864
437.26	10.292
437.72	10.720
438.18	11.183
438.64	11.651
439.11	12.144
439.57	12.599
440.03	12.958
440.49	13.287
440.95	13.576
441.41	13.825
441.88	14.052
442.34	14.252
442.80	14.404
443.26	14.535
443.72	14.621
444.18	14.658
444.64	14.651
445.11	14.616
445.57	14.560
446.03	14.483
446.49	14.350
446.95	14.204
447.41	14.035
447.87	13.828
448.33	13.616
448.79	13.366
449.26	13.121
449.72	12.864
450.18	12.615
450.64	12.382
451.10	12.156
451.56	11.933
452.02	11.730
452.48	11.544
452.94	11.374
453.40	11.226
453.87	11.128
454.33	11.059
454.79	11.018
455.25	11.003
455.71	11.018
456.17	11.086
456.63	11.201
457.09	11.350
457.55	11.549
458.01	11.789
458.47	12.086
458.93	12.413
459.39	12.775
459.85	13.152
460.31	13.557
460.77	13.992
461.24	14.462
461.70	14.957
462.16	15.454
462.62	15.979
463.08	16.508
463.54	17.037
464.00	17.575
464.46	18.092
464.92	18.605
465.38	19.107
465.84	19.598
466.30	20.058
466.76	20.502
467.22	20.900
467.68	21.273
468.14	21.608
468.60	21.904
469.06	22.173
469.52	22.401
469.98	22.596
470.44	22.750
470.90	22.853
471.36	22.912
471.82	22.933
472.28	22.912
472.74	22.855
473.20	22.761
473.66	22.635
474.12	22.477
474.58	22.278
475.04	22.060
475.50	21.805
475.95	21.533
476.41	21.242
476.87	20.939
477.33	20.618
477.79	20.289
478.25	19.961
478.71	19.621
479.17	19.278
479.63	18.945
480.09	18.618
480.55	18.306
481.01	18.013
481.47	17.740
481.93	17.492
482.39	17.273
482.84	17.079
483.30	16.921
483.76	16.804
484.22	16.718
484.68	16.661
485.14	16.645
485.60	16.672
486.06	16.737
486.52	16.840
486.98	16.987
487.44	17.174
487.89	17.396
488.35	17.661
488.81	17.968
489.27	18.305
489.73	18.680
490.19	19.085
490.65	19.519
491.11	19.988
491.56	20.471
492.02	20.964
492.48	21.478
492.94	22.006
493.40	22.535
493.86	23.075
494.32	23.620
494.77	24.163
495.23	24.702
495.69	25.238
496.15	25.760
496.61	26.274
497.07	26.766
497.52	27.244
497.98	27.705
498.44	28.148
498.90	28.566
499.36	28.953
499.82	29.308
500.27	29.633
500.73	29.926
501.19	30.188
501.65	30.416
502.11	30.612
502.56	30.777
503.02	30.907
503.48	31.007
503.94	31.078
504.40	31.112
504.85	31.110
505.31	31.071
505.77	31.003
506.23	30.901
506.69	30.777
507.14	30.616
507.60	30.429
508.06	30.206
508.52	29.956
508.97	29.685
509.43	29.398
509.89	29.082
510.35	28.752
510.80	28.417
511.26	28.076
511.72	27.724
512.18	27.356
512.63	26.983
513.09	26.604
513.55	26.226
514.01	25.853
514.46	25.490
514.92	25.141
515.38	24.798
515.84	24.471
516.29	24.159
516.75	23.869
517.21	23.602
517.66	23.354
518.12	23.132
518.58	22.941
519.04	22.781
519.49	22.656
519.95	22.562
520.41	22.492
520.86	22.458
521.32	22.458
521.78	22.495
522.23	22.571
522.69	22.685
523.15	22.833
523.61	23.015
524.06	23.228
524.52	23.478
524.98	23.755
525.43	24.064
525.89	24.396
526.35	24.749
526.80	25.130
527.26	25.538
527.72	25.967
528.17	26.413
528.63	26.873
529.09	27.349
529.54	27.833
530.00	28.331
530.45	28.840
530.91	29.350
531.37	29.858
531.82	30.362
532.28	30.867
532.74	31.362
533.19	31.851
533.65	32.319
534.10	32.771
534.56	33.212
535.02	33.632
535.47	34.044
535.93	34.438
536.39	34.810
536.84	35.159
537.30	35.498
537.75	35.803
538.21	36.080
538.67	36.332
539.12	36.561
539.58	36.762
540.03	36.929
540.49	37.082
540.94	37.217
541.40	37.316
541.86	37.387
542.31	37.429
542.77	37.449
543.22	37.453
543.68	37.430
544.13	37.384
544.59	37.319
545.05	37.222
545.50	37.105
545.96	36.953
546.41	36.788
546.87	36.598
547.32	36.386
547.78	36.156
548.23	35.907
548.69	35.637
549.14	35.355
549.60	35.054
550.06	34.738
550.51	34.406
550.97	34.069
551.42	33.714
551.88	33.358
552.33	32.988
552.79	32.615
553.24	32.239
553.70	31.867
554.15	31.494
554.61	31.133
555.06	30.774
555.52	30.424
555.97	30.080
556.43	29.745
556.88	29.424
557.34	29.128
557.79	28.844
558.25	28.582
558.70	28.338
559.15	28.121
559.61	27.923
560.06	27.745
560.52	27.595
560.97	27.479
561.43	27.385
561.88	27.324
562.34	27.291
562.79	27.280
563.25	27.303
563.70	27.346
564.16	27.418
564.61	27.525
565.06	27.659
565.52	27.823
565.97	28.011
566.43	28.235
566.88	28.480
567.34	28.752
567.79	29.048
568.24	29.365
568.70	29.702
569.15	30.054
569.61	30.432
570.06	30.818
570.51	31.223
570.97	31.651
571.42	32.088
571.88	32.540
572.33	33.004
572.78	33.468
573.24	33.942
573.69	34.411
574.15	34.888
574.60	35.366
575.05	35.841
575.51	36.326
575.96	36.808
576.42	37.292
576.87	37.771
577.32	38.242
577.78	38.704
578.23	39.156
578.68	39.598
579.14	40.032
579.59	40.455
580.04	40.859
580.50	41.239
580.95	41.608
581.40	41.954
581.86	42.292
582.31	42.618
582.76	42.939
583.22	43.242
583.67	43.520
584.12	43.780
584.58	44.013
585.03	44.215
585.48	44.388
585.94	44.535
586.39	44.651
586.84	44.761
587.30	44.852
587.75	44.922
588.20	44.979
588.66	45.010
589.11	45.015
589.56	44.999
590.01	44.962
590.47	44.898
590.92	44.820
591.37	44.719
591.83	44.590
592.28	44.434
592.73	44.262
593.18	44.072
593.64	43.864
594.09	43.640
594.54	43.408
594.99	43.174
595.45	42.917
595.90	42.654
596.35	42.361
596.80	42.055
597.26	41.733
597.71	41.393
598.16	41.047
598.61	40.699
599.07	40.345
599.52	39.978
599.97	39.611
600.42	39.237
600.88	38.853
601.33	38.465
601.78	38.078
602.23	37.691
602.69	37.300
603.14	36.910
603.59	36.527
604.04	36.145
604.49	35.750
604.95	35.364
605.40	34.993
605.85	34.642
606.30	34.291
606.75	33.960
607.21	33.648
607.66	33.343
608.11	33.051
608.56	32.769
609.01	32.513
609.46	32.274
609.92	32.050
610.37	31.851
610.82	31.677
611.27	31.525
611.72	31.395
612.17	31.289
612.63	31.206
613.08	31.139
613.53	31.091
613.98	31.083
614.43	31.098
614.88	31.132
615.34	31.183
615.79	31.257
616.24	31.343
616.69	31.447
617.14	31.577
617.59	31.724
618.04	31.896
618.49	32.088
618.95	32.297
619.40	32.525
619.85	32.775
620.30	33.035
620.75	33.300
621.20	33.584
621.65	33.883
622.10	34.194
622.55	34.526
623.00	34.875
623.46	35.229
623.91	35.575
624.36	35.936
624.81	36.306
625.26	36.686
625.71	37.077
626.16	37.478
626.61	37.875
627.06	38.282
627.51	38.694
627.96	39.097
628.41	39.499
628.86	39.894
629.32	40.290
629.77	40.683
630.22	41.076
630.67	41.469
631.12	41.852
631.57	42.236
632.02	42.609
632.47	42.960
632.92	43.311
633.37	43.675
633.82	44.014
634.27	44.338
634.72	44.658
635.17	44.959
635.62	45.244
636.07	45.521
636.52	45.775
636.97	46.025
637.42	46.258
637.87	46.478
638.32	46.686
638.77	46.882
639.22	47.067
639.67	47.237
640.12	47.385
640.57	47.524
641.02	47.641
641.47	47.744
641.92	47.839
642.37	47.909
642.82	47.951
643.27	47.984
643.72	48.007
644.17	48.003
644.62	47.992
645.07	47.964
645.52	47.927
645.97	47.885
646.42	47.813
646.87	47.740
647.32	47.678
647.77	47.605
648.22	47.507
648.66	47.387
649.11	47.247
649.56	47.090
650.01	46.924
650.46	46.745
650.91	46.564
651.36	46.368
651.81	46.154
652.26	45.943
652.71	45.711
653.16	45.471
653.61	45.224
654.06	44.962
654.50	44.692
654.95	44.406
655.40	44.109
655.85	43.808
656.30	43.495
656.75	43.154
657.20	42.810
657.65	42.466
658.10	42.117
658.55	41.781
658.99	41.448
659.44	41.113
659.89	40.775
660.34	40.419
660.79	40.061
661.24	39.718
661.69	39.375
662.13	39.042
662.58	38.700
663.03	38.362
663.48	38.029
663.93	37.703
664.38	37.385
664.83	37.074
665.27	36.764
665.72	36.454
666.17	36.155
666.62	35.864
667.07	35.583
667.52	35.314
667.96	35.038
668.41	34.770
668.86	34.512
669.31	34.267
669.76	34.044
670.21	33.838
670.65	33.642
671.10	33.453
671.55	33.276
672.00	33.121
672.45	32.982
672.89	32.852
673.34	32.730
673.79	32.619
674.24	32.521
674.68	32.439
675.13	32.380
675.58	32.335
676.03	32.300
676.48	32.270
676.92	32.253
677.37	32.264
677.82	32.290
678.27	32.323
678.71	32.364
679.16	32.421
679.61	32.492
680.06	32.574
680.50	32.670
680.95	32.797
681.40	32.929
681.85	33.063
682.29	33.216
682.74	33.390
683.19	33.572
683.64	33.764
684.08	33.977
684.53	34.198
684.98	34.434
685.43	34.687
685.87	34.947
686.32	35.209
686.77	35.468
687.21	35.723
687.66	36.009
688.11	36.310
688.55	36.602
689.00	36.898
689.45	37.213
689.90	37.534
690.34	37.838
690.79	38.144
691.24	38.467
691.68	38.788
692.13	39.097
692.58	39.405
693.02	39.728
693.47	40.035
693.92	40.338
694.36	40.622
694.81	40.921
695.26	41.219
695.70	41.510
696.15	41.814
696.60	42.120
697.04	42.410
697.49	42.689
697.94	42.960
698.38	43.239
698.83	43.503
699.27	43.764
699.72	44.006
700.17	44.258
700.61	44.500
701.06	44.737
701.51	44.975
701.95	45.214
702.40	45.441
702.84	45.663
703.29	45.884
703.74	46.099
704.18	46.303
704.63	46.498
705.07	46.690
705.52	46.870
705.97	47.039
706.41	47.182
706.86	47.314
707.30	47.460
707.75	47.600
708.20	47.726
708.64	47.828
709.09	47.926
709.53	48.009
709.98	48.090
710.42	48.154
710.87	48.193
711.32	48.223
711.76	48.232
712.21	48.243
712.65	48.240
713.10	48.241
713.54	48.219
713.99	48.193
714.43	48.164
714.88	48.105
715.33	48.026
715.77	47.971
716.22	47.917
716.66	47.839
717.11	47.738
717.55	47.635
718.00	47.534
718.44	47.425
718.89	47.296
719.33	47.173
719.78	47.047
720.22	46.928
720.67	46.794
721.11	46.661
721.56	46.518
722.00	46.361
722.45	46.187
722.89	46.004
723.34	45.821
723.78	45.646
724.23	45.474
724.67	45.295
725.12	45.092
725.56	44.873
726.01	44.655
726.45	44.432
726.90	44.190
727.34	43.938
727.78	43.701
728.23	43.460
728.67	43.196
729.12	42.931
729.56	42.666
730.01	42.399
730.45	42.114
730.90	41.814
731.34	41.538
731.79	41.266
732.23	40.984
732.67	40.690
733.12	40.382
733.56	40.100
734.01	39.829
734.45	39.538
734.89	39.266
735.34	39.008
735.78	38.753
736.23	38.495
736.67	38.234
737.12	37.966
737.56	37.708
738.00	37.442
738.45	37.191
738.89	36.944
739.34	36.716
739.78	36.511
740.22	36.305
740.67	36.083
741.11	35.856
741.55	35.650
742.00	35.452
742.44	35.255
742.89	35.049
743.33	34.854
743.77	34.682
744.22	34.513
744.66	34.329
745.10	34.148
745.55	33.977
745.99	33.831
746.43	33.697
746.88	33.563
747.32	33.440
747.76	33.320
748.21	33.229
748.65	33.121
749.09	33.010
749.54	32.909
749.98	32.828
750.42	32.773
750.87	32.706
751.31	32.640
751.75	32.600
752.20	32.582
752.64	32.575
753.08	32.563
753.53	32.542
753.97	32.550
754.41	32.570
754.85	32.608
755.30	32.647
755.74	32.691
756.18	32.763
756.63	32.859
757.07	32.959
757.51	33.031
757.95	33.130
758.40	33.243
758.84	33.366
759.28	33.496
759.72	33.619
760.17	33.766
760.61	33.932
761.05	34.097
761.50	34.243
761.94	34.393
762.38	34.557
762.82	34.754
763.26	34.952
763.71	35.142
764.15	35.326
764.59	35.505
765.03	35.683
765.48	35.870
765.92	36.044
766.36	36.217
766.80	36.415
767.25	36.622
767.69	36.828
768.13	37.052
768.57	37.282
769.01	37.511
769.46	37.735
769.90	37.955
770.34	38.170
770.78	38.399
771.22	38.649
771.67	38.915
772.11	39.172
772.55	39.421
772.99	39.655
773.43	39.894
773.87	40.164
774.32	40.440
774.76	40.698
775.20	40.947
775.64	41.205
776.08	41.478
776.52	41.730
776.97	41.981
777.41	42.216
777.85	42.448
778.29	42.694
778.73	42.962
779.17	43.226
779.62	43.476
780.06	43.723
780.50	43.956
780.94	44.181
781.38	44.396
781.82	44.601
782.26	44.828
782.70	45.060
783.15	45.278
783.59	45.492
784.03	45.684
784.47	45.883
784.91	46.065
785.35	46.232
785.79	46.411
786.23	46.587
786.67	46.761
787.11	46.927
787.56	47.079
788.00	47.217
788.44	47.357
788.88	47.513
789.32	47.654
789.76	47.788
790.20	47.922
790.64	48.058
791.08	48.203
791.52	48.327
791.96	48.424
792.40	48.514
792.84	48.612
793.28	48.736
793.73	48.850
794.17	48.953
794.61	49.039
795.05	49.127
795.49	49.193
795.93	49.245
796.37	49.287
796.81	49.333
797.25	49.384
797.69	49.410
798.13	49.408
798.57	49.412
799.01	49.415
799.45	49.380
799.89	49.328
800.33	49.282
800.77	49.249
801.21	49.230
801.65	49.190
802.09	49.142
802.53	49.071
802.97	48.997
803.41	48.936
803.85	48.887
804.29	48.829
804.73	48.783
805.17	48.706
805.61	48.624
806.05	48.529
806.49	48.400
806.93	48.295
807.37	48.211
807.81	48.137
808.25	48.047
808.69	47.946
809.13	47.841
809.57	47.724
810.01	47.601
810.44	47.458
810.88	47.318
811.32	47.174
811.76	47.029
812.20	46.881
812.64	46.726
813.08	46.553
813.52	46.352
813.96	46.133
814.40	45.965
814.84	45.811
815.28	45.639
815.72	45.470
816.16	45.294
816.59	45.122
817.03	44.926
817.47	44.731
817.91	44.559
818.35	44.400
818.79	44.238
819.23	44.053
819.67	43.876
820.11	43.699
820.54	43.490
820.98	43.278
821.42	43.068
821.86	42.850
822.30	42.638
822.74	42.443
823.18	42.245
823.62	42.026
824.05	41.793
824.49	41.593
824.93	41.398
825.37	41.197
825.81	40.982
826.25	40.755
826.69	40.505
827.12	40.244
827.56	39.990
828.00	39.740
828.44	39.522
828.88	39.302
829.32	39.064
829.75	38.853
830.19	38.644
830.63	38.430
831.07	38.226
831.51	38.014
831.94	37.784
832.38	37.566
832.82	37.369
833.26	37.171
833.70	36.975
834.13	36.783
834.57	36.590
835.01	36.400
835.45	36.228
835.89	36.081
836.32	35.939
836.76	35.771
837.20	35.589
837.64	35.422
838.08	35.267
838.51	35.153
838.95	35.027
839.39	34.907
839.83	34.795
840.26	34.676
840.70	34.577
841.14	34.487
841.58	34.417
842.01	34.334
842.45	34.263
842.89	34.182
843.33	34.080
843.76	33.992
844.20	33.915
844.64	33.841
845.08	33.764
845.51	33.697
845.95	33.649
846.39	33.616
846.82	33.561
847.26	33.510
847.70	33.430
848.14	33.361
848.57	33.319
849.01	33.281
849.45	33.241
849.88	33.201
850.32	33.178
850.76	33.158
851.19	33.162
851.63	33.159
852.07	33.167
852.50	33.205
852.94	33.216
853.38	33.223
853.81	33.245
854.25	33.280
854.69	33.326
855.12	33.387
855.56	33.450
856.00	33.526
856.43	33.601
856.87	33.687
857.31	33.796
857.74	33.893
858.18	33.980
858.62	34.079
859.05	34.179
859.49	34.276
859.93	34.367
860.36	34.462
860.80	34.575
861.24	34.684
861.67	34.770
862.11	34.875
862.54	34.986
862.98	35.121
863.42	35.265
863.85	35.413
864.29	35.551
864.72	35.706
865.16	35.845
865.60	35.987
866.03	36.148
866.47	36.297
866.90	36.434
867.34	36.610
867.78	36.803
868.21	37.017
868.65	37.238
869.08	37.455
869.52	37.646
869.95	37.817
870.39	37.990
870.83	38.200
871.26	38.425
871.70	38.666
872.13	38.887
872.57	39.097
873.00	39.290
873.44	39.485
873.87	39.660
874.31	39.858
874.75	40.050
875.18	40.237
875.62	40.423
876.05	40.621
876.49	40.827
876.92	41.060
877.36	41.289
877.79	41.494
878.23	41.696
878.66	41.907
879.10	42.138
879.53	42.368
879.97	42.592
880.40	42.795
880.84	42.999
881.27	43.191
881.71	43.369
882.14	43.553
882.58	43.750
883.01	43.954
883.45	44.158
883.88	44.373
884.32	44.562
884.75	44.744
885.19	44.945
885.62	45.141
886.06	45.321
886.49	45.492
886.92	45.674
887.36	45.876
887.79	46.064
888.23	46.236
888.66	46.405
889.10	46.560
889.53	46.717
889.97	46.862
890.40	47.003
890.83	47.142
891.27	47.291
891.70	47.441
892.14	47.598
892.57	47.760
893.01	47.935
893.44	48.113
893.87	48.299
894.31	48.495
894.74	48.657
895.18	48.780
895.61	48.887
896.04	48.986
896.48	49.071
896.91	49.149
897.35	49.227
897.78	49.290
898.21	49.370
898.65	49.453
899.08	49.535
899.52	49.626
899.95	49.745
900.38	49.866
900.82	49.995
901.25	50.114
901.68	50.235
902.12	50.322
902.55	50.431
902.99	50.546
903.42	50.636
903.85	50.703
904.29	50.789
904.72	50.876
905.15	50.965
905.59	51.034
906.02	51.123
906.45	51.225
906.89	51.347
907.32	51.455
907.75	51.570
908.19	51.641
908.62	51.715
909.05	51.740
909.49	51.726
909.92	51.714
910.35	51.682
910.78	51.609
911.22	51.535
911.65	51.458
912.08	51.390
912.52	51.320
912.95	51.284
913.38	51.227
913.82	51.161
914.25	51.114
914.68	51.071
915.11	51.032
915.55	50.985
915.98	50.934
916.41	50.850
916.84	50.755
917.28	50.685
917.71	50.619
918.14	50.581
918.58	50.546
919.01	50.464
919.44	50.391
919.87	50.337
920.31	50.311
920.74	50.276
921.17	50.178
921.60	50.080
922.03	49.968
922.47	49.874
922.90	49.751
923.33	49.619
923.76	49.505
924.20	49.370
924.63	49.234
925.06	49.106
925.49	48.958
925.92	48.837
926.36	48.717
926.79	48.563
927.22	48.433
927.65	48.289
928.08	48.161
928.52	48.049
928.95	47.903
929.38	47.753
929.81	47.595
930.24	47.463
930.68	47.323
931.11	47.174
931.54	47.016
931.97	46.894
932.40	46.755
932.83	46.625
933.27	46.516
933.70	46.348
934.13	46.184
934.56	46.050
934.99	45.889
935.42	45.726
935.85	45.534
936.29	45.342
936.72	45.176
937.15	45.023
937.58	44.855
938.01	44.704
938.44	44.545
938.87	44.369
939.31	44.199
939.74	44.044
940.17	43.887
940.60	43.713
941.03	43.529
941.46	43.357
941.89	43.171
942.32	42.932
942.75	42.724
943.18	42.532
943.62	42.331
944.05	42.084
944.48	41.822
944.91	41.622
945.34	41.421
945.77	41.195
946.20	40.971
946.63	40.754
947.06	40.537
947.49	40.300
947.92	40.103
948.35	39.870
948.78	39.621
949.22	39.370
949.65	39.130
950.08	38.887
950.51	38.636
950.94	38.398
951.37	38.219
951.80	38.048
952.23	37.865
952.66	37.677
953.09	37.527
953.52	37.417
953.95	37.279
954.38	37.098
954.81	36.962
955.24	36.806
955.67	36.648
956.10	36.494
956.53	36.342
956.96	36.182
957.39	36.039
957.82	35.894
958.25	35.752
958.68	35.599
959.11	35.492
959.54	35.362
959.97	35.189
960.40	35.055
960.83	34.930
961.26	34.760
961.69	34.610
962.12	34.434
962.55	34.230
962.98	34.056
963.41	33.890
963.84	33.749
964.27	33.593
964.70	33.455
965.13	33.304
965.56	33.167
965.99	33.060
966.42	32.952
966.84	32.832
967.27	32.754
967.70	32.687
968.13	32.588
968.56	32.495
968.99	32.422
969.42	32.314
969.85	32.216
970.28	32.099
970.71	32.001
971.14	31.926
971.57	31.847
972.00	31.759
972.42	31.666
972.85	31.585
973.28	31.528
973.71	31.386
974.14	31.295
974.57	31.218
975.00	31.128
975.43	31.047
975.86	30.972
976.28	30.908
976.71	30.815
977.14	30.716
977.57	30.658
978.00	30.611
978.43	30.559
978.86	30.427
979.29	30.378
979.71	30.378
980.14	30.384
980.57	30.357
981.00	30.314
981.43	30.329
981.86	30.284
982.28	30.225
982.71	30.219
983.14	30.234
983.57	30.198
984.00	30.124
984.43	30.105
984.85	30.157
985.28	30.194
985.71	30.255
986.14	30.223
986.57	30.271
986.99	30.273
987.42	30.226
987.85	30.264
988.28	30.302
988.71	30.239
989.13	30.251
989.56	30.259
989.99	30.369
990.42	30.436
990.85	30.511
991.27	30.530
991.70	30.575
992.13	30.614
992.56	30.666
992.98	30.693
993.41	30.756
993.84	30.757
994.27	30.713
994.70	30.690
995.12	30.730
995.55	30.800
995.98	30.852
996.41	30.909
996.83	31.052
997.26	31.152
997.69	31.280
998.11	31.265
998.54	31.367
998.97	31.424
999.40	31.508
999.82	31.536
1000.25	31.711
1000.68	31.865
1001.11	31.912
1001.53	32.006
1001.96	32.165
1002.39	32.268
1002.81	32.401
1003.24	32.423
1003.67	32.441
1004.09	32.548
1004.52	32.582
1004.95	32.658
1005.38	32.726
1005.80	32.773
1006.23	32.838
1006.66	32.838
1007.08	33.012
1007.51	32.999
1007.94	33.092
1008.36	33.140
1008.79	33.171
1009.22	33.189
1009.64	33.180
1010.07	33.239
1010.50	33.286
1010.92	33.353
1011.35	33.431
1011.77	33.431
1012.20	33.473
1012.63	33.678
1013.05	33.833
1013.48	33.795
1013.91	33.826
1014.33	33.892
1014.76	33.942
1015.19	33.923
1015.61	33.878
1016.04	33.968
1016.46	34.152
1016.89	34.161
1017.32	34.195
1017.74	34.279
1018.17	34.358
1018.59	34.364
1019.02	34.325
1019.45	34.417
1019.87	34.371
1020.30	34.409
1020.72	34.416
1021.15	34.584
1021.58	34.605
1022.00	34.608
1022.43	34.644
1022.85	34.717
1023.28	34.750
1023.70	34.741
1024.13	34.722
1024.55	34.789
1024.98	34.701
1025.41	34.562
1025.83	34.435
1026.26	34.457
1026.68	34.461
1027.11	34.459
1027.53	34.475
1027.96	34.498
1028.38	34.555
1028.81	34.568
1029.23	34.424
1029.66	34.443
1030.08	34.270
1030.51	34.265
1030.94	34.232
1031.36	34.191
1031.79	34.300
1032.21	34.305
1032.64	34.200
1033.06	34.225
1033.49	34.245
1033.91	34.156
1034.34	34.114
1034.76	33.996
1035.19	33.844
1035.61	33.879
1036.03	33.625
1036.46	33.563
1036.88	33.558
1037.31	33.412
1037.73	33.476
1038.16	33.431
1038.58	33.434
1039.01	33.589
1039.43	33.451
1039.86	33.500
1040.28	33.442
1040.71	33.272
1041.13	33.144
1041.55	33.021
1041.98	33.180
1042.40	33.123
1042.83	32.951
1043.25	32.822
1043.68	32.832
1044.10	32.999
1044.52	32.791
1044.95	32.844
1045.37	32.835
1045.80	32.757
1046.22	32.584
1046.65	32.303
1047.07	32.287
1047.49	32.205
1047.92	31.863
1048.34	31.538
1048.77	31.205
1049.19	30.952
1049.61	30.481
1050.04	30.032
1050.46	29.800
1050.89	29.409
1051.31	29.373
1051.73	29.226
1052.16	29.445
1052.58	29.246
1053.00	28.690
1053.43	28.406
1053.85	27.843
1054.27	27.645
1054.70	27.239
1055.12	26.823
1055.55	26.835
1055.97	26.427
1056.39	26.096
1056.82	25.925
1057.24	25.926
1057.66	25.908
1058.09	25.863
1058.51	25.612
1058.93	25.771
1059.36	25.534
1059.78	25.196
1060.20	24.379
1060.62	23.855
1061.05	23.234
1061.47	23.033
1061.89	22.612
1062.32	22.346
1062.74	22.114
1063.16	21.528
1063.59	21.362
1064.01	20.946
1064.43	20.617
1064.85	20.353
1065.28	19.419
1065.70	18.756
1066.12	17.897
1066.55	17.247
1066.97	16.451
1067.39	15.654
1067.81	14.866
1068.24	14.282
1068.66	13.479
1069.08	12.704
1069.50	11.856
1069.93	11.310
1070.35	10.379
1070.77	8.958
1071.19	7.634
1071.62	7.298
1072.04	6.380
1072.46	5.281
1072.88	4.234
1073.31	3.350
1073.73	2.601
1074.15	1.675
1074.57	0.786
1075.00	0.238
1075.42	-1.212
1075.84	-2.026
1076.26	-2.946
1076.68	-3.496
1077.11	-3.895
1077.53	-5.479
1077.95	-5.191
1078.37	-5.985
1078.79	-7.555
1079.22	-8.528
1079.64	-8.920
1080.06	-9.061
1080.48	-11.155
1080.90	-12.795
1081.32	-14.316
1081.75	-15.701
1082.17	-18.271
1082.59	-21.335
1083.01	-22.284
1083.43	-23.973
1083.85	-25.564
1084.28	-27.636
1084.70	-29.633
1085.12	-31.074
1085.54	-34.556
1085.96	-37.924
1086.38	-39.232
1086.80	-41.231
1087.23	-42.023
1087.65	-44.094
1088.07	-46.310
1088.49	-47.786
1088.91	-51.348
1089.33	-53.484
1089.75	-57.346
1090.17	-59.091
1090.60	-61.411
1091.02	-64.899
1091.44	-65.034
1091.86	-68.405
1092.28	-71.582
1092.70	-76.074
1093.12	-79.728
1093.54	-83.279
1093.96	-85.346
1094.38	-87.683
1094.81	-91.851
1095.23	-95.604
1095.65	-100.468
1096.07	-103.061
1096.49	-109.817
1096.91	-113.548
1097.33	-117.077
1097.75	-123.496
1098.17	-126.495
1098.59	-127.170
1099.01	-127.617
1099.43	-130.594
1099.85	-137.871
1100.27	-143.437
1100.69	-146.452
1101.11	-148.880
1101.53	-153.201
1101.95	-156.806
1102.38	-106.361
1102.80	-245.583
1103.22	-82.558
1103.64	-153.880
1104.06	-386.453
1104.48	-159.918
1104.90	-234.479
1105.32	-183.563
1105.74	-181.972
1106.16	-276.160
