188.40	-253.422
188.88	-360.052
189.35	494.708
189.83	1656.522
190.30	-1819.608
190.78	-350.481
191.26	-346.377
191.73	1890.566
192.21	-2311.594
192.68	-289.885
193.16	-1358.758
193.63	-1573.407
194.11	-1673.115
194.58	-1569.458
195.06	-1282.995
195.53	-849.156
196.01	-696.159
196.48	-623.830
196.96	-522.692
197.43	-442.076
197.91	-399.106
198.38	-354.635
198.86	-298.633
199.33	-254.207
199.81	-244.034
200.28	-231.566
200.76	-208.421
201.23	-191.893
201.71	-175.814
202.18	-167.712
202.66	-152.300
203.13	-145.578
203.61	-140.781
204.08	-130.424
204.55	-119.211
205.03	-112.905
205.50	-108.523
205.98	-111.585
206.45	-109.647
206.93	-105.097
207.40	-105.921
207.88	-103.631
208.35	-102.764
208.82	-105.900
209.30	-106.881
209.77	-106.336
210.25	-105.006
210.72	-105.702
211.20	-105.756
211.67	-103.382
212.14	-101.734
212.62	-100.973
213.09	-96.757
213.57	-94.093
214.04	-93.792
214.52	-92.789
214.99	-89.780
215.46	-92.188
215.94	-91.446
216.41	-89.214
216.89	-85.945
217.36	-84.041
217.83	-85.915
218.31	-86.928
218.78	-83.410
219.25	-81.779
219.73	-82.862
220.20	-84.541
220.68	-80.791
221.15	-80.593
221.62	-81.714
222.10	-82.971
222.57	-82.239
223.04	-82.554
223.52	-87.548
223.99	-91.957
224.47	-90.829
224.94	-94.276
225.41	-94.289
225.89	-93.308
226.36	-94.909
226.83	-97.515
227.31	-100.034
227.78	-99.783
228.25	-96.067
228.73	-96.438
229.20	-94.682
229.67	-96.304
230.15	-94.875
230.62	-94.809
231.09	-98.405
231.57	-99.762
232.04	-96.112
232.51	-96.490
232.98	-99.244
233.46	-94.989
233.93	-92.426
234.40	-92.650
234.88	-91.767
235.35	-93.263
235.82	-92.213
236.30	-88.618
236.77	-89.670
237.24	-91.836
237.71	-89.738
238.19	-89.977
238.66	-91.149
239.13	-95.062
239.61	-94.562
240.08	-93.447
240.55	-94.172
241.02	-92.409
241.50	-89.774
241.97	-88.136
242.44	-87.941
242.91	-87.011
243.39	-87.640
243.86	-87.812
244.33	-87.825
244.80	-90.093
245.28	-89.476
245.75	-87.033
246.22	-89.265
246.69	-90.075
247.17	-86.573
247.64	-88.481
248.11	-89.940
248.58	-91.234
249.05	-92.080
249.53	-89.036
250.00	-89.707
250.47	-90.652
250.94	-92.011
251.42	-91.626
251.89	-90.705
252.36	-91.906
252.83	-91.366
253.30	-88.088
253.78	-86.349
254.25	-85.619
254.72	-84.424
255.19	-84.865
255.66	-85.238
256.13	-86.880
256.61	-84.102
257.08	-83.720
257.55	-83.353
258.02	-82.657
258.49	-84.466
258.97	-84.549
259.44	-84.892
259.91	-85.518
260.38	-85.352
260.85	-81.895
261.32	-82.067
261.79	-82.342
262.27	-82.132
262.74	-81.981
263.21	-80.134
263.68	-82.337
264.15	-86.556
264.62	-87.454
265.09	-87.996
265.57	-89.452
266.04	-89.956
266.51	-91.322
266.98	-92.615
267.45	-91.182
267.92	-91.411
268.39	-86.905
268.86	-86.104
269.34	-83.817
269.81	-85.019
270.28	-86.244
270.75	-83.200
271.22	-83.483
271.69	-82.552
272.16	-81.006
272.63	-79.135
273.10	-80.962
273.57	-79.953
274.05	-77.855
274.52	-72.780
274.99	-71.406
275.46	-70.804
275.93	-69.782
276.40	-70.096
276.87	-67.398
277.34	-68.108
277.81	-68.288
278.28	-68.428
278.75	-67.779
279.22	-69.278
279.69	-68.395
280.16	-66.443
280.63	-67.018
281.11	-67.991
281.58	-70.288
282.05	-68.542
282.52	-67.835
282.99	-67.766
283.46	-68.936
283.93	-67.723
284.40	-69.975
284.87	-69.408
285.34	-70.083
285.81	-71.077
286.28	-69.132
286.75	-68.377
287.22	-68.920
287.69	-69.150
288.16	-67.646
288.63	-66.782
289.10	-67.186
289.57	-64.689
290.04	-62.785
290.51	-63.102
290.98	-63.319
291.45	-62.629
291.92	-63.448
292.39	-64.516
292.86	-66.129
293.33	-64.829
293.80	-64.015
294.27	-64.352
294.74	-65.275
295.21	-64.276
295.68	-62.416
296.15	-63.876
296.62	-66.533
297.09	-65.506
297.56	-63.761
298.03	-62.563
298.49	-63.220
298.96	-62.505
299.43	-62.231
299.90	-63.396
300.37	-63.397
300.84	-61.799
301.31	-59.914
301.78	-58.804
302.25	-58.819
302.72	-58.177
303.19	-56.090
303.66	-54.550
304.13	-53.710
304.60	-53.211
305.07	-52.208
305.53	-50.192
306.00	-49.728
306.47	-48.387
306.94	-46.700
307.41	-46.499
307.88	-47.429
308.35	-46.194
308.82	-45.155
309.29	-44.215
309.76	-44.206
310.22	-44.841
310.69	-46.288
311.16	-45.847
311.63	-45.074
312.10	-45.191
312.57	-44.873
313.04	-45.645
313.51	-46.618
313.97	-46.996
314.44	-46.514
314.91	-46.348
315.38	-46.352
315.85	-45.117
316.32	-44.783
316.79	-44.429
317.25	-44.484
317.72	-45.592
318.19	-45.517
318.66	-44.486
319.13	-44.943
319.60	-45.812
320.07	-44.864
320.53	-42.178
321.00	-41.937
321.47	-42.251
321.94	-42.103
322.41	-41.114
322.87	-40.164
323.34	-40.516
323.81	-39.199
324.28	-38.747
324.75	-38.369
325.22	-38.633
325.68	-39.333
326.15	-38.626
326.62	-38.295
327.09	-37.870
327.56	-37.084
328.02	-35.794
328.49	-36.889
328.96	-37.273
329.43	-36.376
329.89	-36.511
330.36	-36.682
330.83	-37.472
331.30	-38.265
331.77	-37.117
332.23	-36.271
332.70	-36.148
333.17	-35.988
333.64	-35.932
334.10	-34.003
334.57	-33.308
335.04	-33.767
335.51	-32.719
335.97	-32.161
336.44	-31.354
336.91	-32.058
337.38	-31.441
337.84	-31.384
338.31	-30.401
338.78	-29.525
339.24	-28.696
339.71	-26.865
340.18	-25.902
340.65	-24.797
341.11	-22.991
341.58	-21.923
342.05	-21.539
342.52	-21.551
342.98	-20.554
343.45	-20.082
343.92	-20.159
344.38	-20.175
344.85	-19.089
345.32	-17.918
345.78	-17.482
346.25	-17.249
346.72	-16.038
347.18	-15.408
347.65	-14.885
348.12	-14.411
348.58	-14.103
349.05	-13.649
349.52	-13.354
349.99	-13.333
350.45	-13.031
350.92	-12.725
351.38	-12.496
351.85	-12.166
352.32	-11.151
352.78	-10.443
353.25	-9.503
353.72	-8.892
354.18	-8.458
354.65	-7.858
355.12	-7.527
355.58	-7.075
356.05	-6.830
356.52	-6.470
356.98	-6.076
357.45	-5.819
357.91	-5.687
358.38	-5.430
358.85	-5.156
359.31	-4.891
359.78	-4.602
360.25	-4.298
360.71	-3.993
361.18	-3.652
361.64	-3.449
362.11	-3.327
362.58	-3.189
363.04	-3.113
363.51	-2.917
363.97	-2.650
364.44	-2.435
364.91	-2.429
365.37	-2.317
365.84	-2.085
366.30	-1.888
366.77	-1.826
367.23	-1.714
367.70	-1.557
368.17	-1.293
368.63	-0.895
369.10	-0.818
369.56	-0.665
370.03	-0.489
370.49	-0.381
370.96	-0.451
371.42	-0.280
371.89	-0.183
372.36	0.035
372.82	0.083
373.29	0.116
373.75	0.312
374.22	0.480
374.68	0.633
375.15	0.764
375.61	0.850
376.08	0.972
376.54	1.067
377.01	1.178
377.47	1.398
377.94	1.521
378.40	1.519
378.87	1.529
379.33	1.691
379.80	1.783
380.26	1.808
380.73	1.953
381.19	2.045
381.66	2.270
382.12	2.309
382.59	2.402
383.05	2.442
383.52	2.419
383.98	2.439
384.45	2.441
384.91	2.420
385.38	2.508
385.84	2.506
386.31	2.493
386.77	2.545
387.24	2.606
387.70	2.653
388.16	2.658
388.63	2.789
389.09	2.848
389.56	2.874
390.02	2.952
390.49	2.992
390.95	3.048
391.42	3.089
391.88	3.140
392.34	3.156
392.81	3.293
393.27	3.424
393.74	3.465
394.20	3.556
394.67	3.740
395.13	3.861
395.59	3.984
396.06	4.086
396.52	4.164
396.99	4.279
397.45	4.332
397.91	4.395
398.38	4.359
398.84	4.371
399.31	4.437
399.77	4.464
400.23	4.550
400.70	4.567
401.16	4.477
401.63	4.421
402.09	4.446
402.55	4.410
403.02	4.321
403.48	4.292
403.94	4.296
404.41	4.229
404.87	4.155
405.33	4.073
405.80	4.079
406.26	4.065
406.73	4.008
407.19	4.005
407.65	4.056
408.12	4.144
408.58	4.218
409.04	4.259
409.51	4.338
409.97	4.416
410.43	4.503
410.90	4.687
411.36	4.882
411.82	5.059
412.29	5.252
412.75	5.472
413.21	5.695
413.67	5.934
414.14	6.168
414.60	6.376
415.06	6.656
415.53	6.909
415.99	7.161
416.45	7.381
416.92	7.587
417.38	7.761
417.84	7.935
418.30	8.061
418.77	8.194
419.23	8.309
419.69	8.384
420.16	8.432
420.62	8.453
421.08	8.444
421.54	8.409
422.01	8.346
422.47	8.259
422.93	8.172
423.39	8.039
423.86	7.915
424.32	7.772
424.78	7.594
425.24	7.432
425.71	7.251
426.17	7.092
426.63	6.927
427.09	6.793
427.56	6.643
428.02	6.511
428.48	6.395
428.94	6.253
429.41	6.077
429.87	6.002
430.33	6.038
430.79	6.125
431.25	6.245
431.72	6.398
432.18	6.602
432.64	6.819
433.10	7.066
433.56	7.327
434.03	7.659
434.49	8.024
434.95	8.371
435.41	8.744
435.87	9.138
436.34	9.568
436.80	9.985
437.26	10.423
437.72	10.862
438.18	11.312
438.64	11.780
439.11	12.275
439.57	12.725
440.03	13.079
440.49	13.400
440.95	13.685
441.41	13.925
441.88	14.151
442.34	14.357
442.80	14.514
443.26	14.632
443.72	14.723
444.18	14.765
444.64	14.771
445.11	14.753
445.57	14.696
446.03	14.603
446.49	14.465
446.95	14.312
447.41	14.133
447.87	13.928
448.33	13.709
448.79	13.468
449.26	13.226
449.72	12.971
450.18	12.713
450.64	12.479
451.10	12.260
451.56	12.030
452.02	11.812
452.48	11.620
452.94	11.450
453.40	11.299
453.87	11.184
454.33	11.112
454.79	11.077
455.25	11.070
455.71	11.096
456.17	11.174
456.63	11.299
457.09	11.466
457.55	11.672
458.01	11.898
458.47	12.194
458.93	12.517
459.39	12.874
459.85	13.266
460.31	13.671
460.77	14.102
461.24	14.566
461.70	15.062
462.16	15.571
462.62	16.101
463.08	16.627
463.54	17.149
464.00	17.675
464.46	18.192
464.92	18.693
465.38	19.187
465.84	19.671
466.30	20.125
466.76	20.554
467.22	20.942
467.68	21.324
468.14	21.652
468.60	21.948
469.06	22.216
469.52	22.436
469.98	22.630
470.44	22.778
470.90	22.877
471.36	22.930
471.82	22.954
472.28	22.940
472.74	22.887
473.20	22.799
473.66	22.680
474.12	22.520
474.58	22.322
475.04	22.100
475.50	21.848
475.95	21.571
476.41	21.277
476.87	20.970
477.33	20.645
477.79	20.322
478.25	19.987
478.71	19.643
479.17	19.305
479.63	18.970
480.09	18.647
480.55	18.337
481.01	18.046
481.47	17.770
481.93	17.512
482.39	17.287
482.84	17.091
483.30	16.929
483.76	16.807
484.22	16.718
484.68	16.666
485.14	16.649
485.60	16.678
486.06	16.746
486.52	16.855
486.98	17.007
487.44	17.195
487.89	17.418
488.35	17.693
488.81	17.996
489.27	18.334
489.73	18.707
490.19	19.111
490.65	19.545
491.11	20.008
491.56	20.492
492.02	20.990
492.48	21.508
492.94	22.039
493.40	22.571
493.86	23.113
494.32	23.653
494.77	24.198
495.23	24.734
495.69	25.268
496.15	25.788
496.61	26.300
497.07	26.790
497.52	27.273
497.98	27.728
498.44	28.170
498.90	28.585
499.36	28.970
499.82	29.325
500.27	29.646
500.73	29.939
501.19	30.202
501.65	30.429
502.11	30.624
502.56	30.784
503.02	30.908
503.48	31.003
503.94	31.068
504.40	31.098
504.85	31.089
505.31	31.050
505.77	30.977
506.23	30.869
506.69	30.737
507.14	30.573
507.60	30.385
508.06	30.164
508.52	29.916
508.97	29.646
509.43	29.358
509.89	29.047
510.35	28.721
510.80	28.381
511.26	28.036
511.72	27.680
512.18	27.314
512.63	26.943
513.09	26.572
513.55	26.195
514.01	25.825
514.46	25.467
514.92	25.116
515.38	24.780
515.84	24.461
516.29	24.157
516.75	23.867
517.21	23.598
517.66	23.349
518.12	23.131
518.58	22.942
519.04	22.783
519.49	22.658
519.95	22.560
520.41	22.492
520.86	22.459
521.32	22.462
521.78	22.502
522.23	22.578
522.69	22.688
523.15	22.843
523.61	23.028
524.06	23.245
524.52	23.494
524.98	23.771
525.43	24.078
525.89	24.412
526.35	24.772
526.80	25.152
527.26	25.561
527.72	25.989
528.17	26.432
528.63	26.890
529.09	27.362
529.54	27.850
530.00	28.349
530.45	28.857
530.91	29.366
531.37	29.870
531.82	30.377
532.28	30.879
532.74	31.368
533.19	31.851
533.65	32.319
534.10	32.772
534.56	33.210
535.02	33.623
535.47	34.024
535.93	34.410
536.39	34.786
536.84	35.133
537.30	35.464
537.75	35.768
538.21	36.045
538.67	36.298
539.12	36.526
539.58	36.724
540.03	36.894
540.49	37.050
540.94	37.181
541.40	37.277
541.86	37.345
542.31	37.387
542.77	37.408
543.22	37.409
543.68	37.382
544.13	37.337
544.59	37.274
545.05	37.182
545.50	37.070
545.96	36.921
546.41	36.756
546.87	36.566
547.32	36.358
547.78	36.132
548.23	35.882
548.69	35.613
549.14	35.333
549.60	35.037
550.06	34.716
550.51	34.382
550.97	34.045
551.42	33.694
551.88	33.337
552.33	32.965
552.79	32.593
553.24	32.220
553.70	31.848
554.15	31.477
554.61	31.115
555.06	30.752
555.52	30.399
555.97	30.054
556.43	29.723
556.88	29.401
557.34	29.100
557.79	28.821
558.25	28.560
558.70	28.318
559.15	28.094
559.61	27.898
560.06	27.724
560.52	27.575
560.97	27.462
561.43	27.375
561.88	27.319
562.34	27.283
562.79	27.276
563.25	27.298
563.70	27.340
564.16	27.420
564.61	27.527
565.06	27.662
565.52	27.822
565.97	28.012
566.43	28.237
566.88	28.487
567.34	28.757
567.79	29.052
568.24	29.368
568.70	29.707
569.15	30.061
569.61	30.439
570.06	30.829
570.51	31.236
570.97	31.661
571.42	32.091
571.88	32.546
572.33	33.007
572.78	33.471
573.24	33.949
573.69	34.418
574.15	34.899
574.60	35.379
575.05	35.862
575.51	36.345
575.96	36.821
576.42	37.301
576.87	37.778
577.32	38.251
577.78	38.713
578.23	39.170
578.68	39.615
579.14	40.050
579.59	40.469
580.04	40.867
580.50	41.246
580.95	41.621
581.40	41.968
581.86	42.305
582.31	42.633
582.76	42.951
583.22	43.249
583.67	43.519
584.12	43.779
584.58	44.007
585.03	44.208
585.48	44.388
585.94	44.535
586.39	44.651
586.84	44.756
587.30	44.849
587.75	44.911
588.20	44.959
588.66	44.984
589.11	44.987
589.56	44.971
590.01	44.936
590.47	44.870
590.92	44.793
591.37	44.693
591.83	44.561
592.28	44.402
592.73	44.229
593.18	44.041
593.64	43.829
594.09	43.603
594.54	43.371
594.99	43.128
595.45	42.871
595.90	42.602
596.35	42.310
596.80	41.997
597.26	41.677
597.71	41.340
598.16	40.993
598.61	40.642
599.07	40.288
599.52	39.914
599.97	39.545
600.42	39.166
600.88	38.781
601.33	38.394
601.78	38.015
602.23	37.623
602.69	37.235
603.14	36.848
603.59	36.466
604.04	36.084
604.49	35.695
604.95	35.311
605.40	34.945
605.85	34.593
606.30	34.248
606.75	33.918
607.21	33.605
607.66	33.303
608.11	33.018
608.56	32.741
609.01	32.492
609.46	32.255
609.92	32.038
610.37	31.838
610.82	31.663
611.27	31.506
611.72	31.380
612.17	31.272
612.63	31.187
613.08	31.122
613.53	31.080
613.98	31.071
614.43	31.086
614.88	31.120
615.34	31.172
615.79	31.242
616.24	31.333
616.69	31.443
617.14	31.574
617.59	31.719
618.04	31.889
618.49	32.084
618.95	32.290
619.40	32.516
619.85	32.769
620.30	33.034
620.75	33.302
621.20	33.589
621.65	33.895
622.10	34.213
622.55	34.548
623.00	34.891
623.46	35.244
623.91	35.598
624.36	35.961
624.81	36.331
625.26	36.711
625.71	37.094
626.16	37.490
626.61	37.884
627.06	38.287
627.51	38.693
627.96	39.095
628.41	39.501
628.86	39.896
629.32	40.287
629.77	40.677
630.22	41.072
630.67	41.458
631.12	41.835
631.57	42.214
632.02	42.583
632.47	42.940
632.92	43.292
633.37	43.651
633.82	43.989
634.27	44.312
634.72	44.636
635.17	44.939
635.62	45.226
636.07	45.506
636.52	45.762
636.97	46.010
637.42	46.242
637.87	46.460
638.32	46.665
638.77	46.865
639.22	47.048
639.67	47.210
640.12	47.359
640.57	47.500
641.02	47.619
641.47	47.716
641.92	47.808
642.37	47.880
642.82	47.920
643.27	47.947
643.72	47.966
644.17	47.963
644.62	47.954
645.07	47.925
645.52	47.891
645.97	47.848
646.42	47.780
646.87	47.704
647.32	47.634
647.77	47.560
648.22	47.456
648.66	47.335
649.11	47.195
649.56	47.043
650.01	46.870
650.46	46.691
650.91	46.514
651.36	46.312
651.81	46.096
652.26	45.885
652.71	45.659
653.16	45.421
653.61	45.169
654.06	44.907
654.50	44.638
654.95	44.347
655.40	44.047
655.85	43.746
656.30	43.437
656.75	43.103
657.20	42.757
657.65	42.414
658.10	42.066
658.55	41.732
658.99	41.396
659.44	41.059
659.89	40.720
660.34	40.366
660.79	40.016
661.24	39.675
661.69	39.330
662.13	38.995
662.58	38.656
663.03	38.322
663.48	37.988
663.93	37.661
664.38	37.344
664.83	37.037
665.27	36.728
665.72	36.418
666.17	36.120
666.62	35.832
667.07	35.552
667.52	35.283
667.96	35.011
668.41	34.743
668.86	34.490
669.31	34.245
669.76	34.024
670.21	33.816
670.65	33.619
671.10	33.432
671.55	33.257
672.00	33.098
672.45	32.957
672.89	32.831
673.34	32.709
673.79	32.604
674.24	32.503
674.68	32.421
675.13	32.361
675.58	32.314
676.03	32.285
676.48	32.260
676.92	32.246
677.37	32.255
677.82	32.282
678.27	32.314
678.71	32.359
679.16	32.411
679.61	32.481
680.06	32.562
680.50	32.658
680.95	32.788
681.40	32.924
681.85	33.060
682.29	33.213
682.74	33.390
683.19	33.573
683.64	33.766
684.08	33.981
684.53	34.207
684.98	34.444
685.43	34.692
685.87	34.951
686.32	35.214
686.77	35.474
687.21	35.731
687.66	36.015
688.11	36.315
688.55	36.611
689.00	36.906
689.45	37.222
689.90	37.546
690.34	37.850
690.79	38.158
691.24	38.479
691.68	38.797
692.13	39.102
692.58	39.402
693.02	39.724
693.47	40.031
693.92	40.330
694.36	40.618
694.81	40.915
695.26	41.212
695.70	41.505
696.15	41.806
696.60	42.115
697.04	42.406
697.49	42.681
697.94	42.951
698.38	43.235
698.83	43.501
699.27	43.757
699.72	43.995
700.17	44.245
700.61	44.489
701.06	44.728
701.51	44.967
701.95	45.209
702.40	45.437
702.84	45.660
703.29	45.882
703.74	46.093
704.18	46.298
704.63	46.494
705.07	46.680
705.52	46.858
705.97	47.025
706.41	47.179
706.86	47.313
707.30	47.459
707.75	47.595
708.20	47.722
708.64	47.830
709.09	47.926
709.53	48.008
709.98	48.085
710.42	48.143
710.87	48.175
711.32	48.206
711.76	48.220
712.21	48.228
712.65	48.223
713.10	48.223
713.54	48.203
713.99	48.178
714.43	48.149
714.88	48.093
715.33	48.014
715.77	47.947
716.22	47.889
716.66	47.810
717.11	47.705
717.55	47.600
718.00	47.492
718.44	47.384
718.89	47.254
719.33	47.130
719.78	47.005
720.22	46.890
720.67	46.757
721.11	46.621
721.56	46.484
722.00	46.327
722.45	46.150
722.89	45.970
723.34	45.783
723.78	45.612
724.23	45.436
724.67	45.257
725.12	45.056
725.56	44.839
726.01	44.623
726.45	44.400
726.90	44.157
727.34	43.913
727.78	43.681
728.23	43.442
728.67	43.181
729.12	42.918
729.56	42.655
730.01	42.384
730.45	42.095
730.90	41.790
731.34	41.518
731.79	41.249
732.23	40.964
732.67	40.668
733.12	40.358
733.56	40.078
734.01	39.804
734.45	39.517
734.89	39.244
735.34	38.987
735.78	38.733
736.23	38.473
736.67	38.207
737.12	37.933
737.56	37.671
738.00	37.410
738.45	37.159
738.89	36.909
739.34	36.686
739.78	36.486
740.22	36.282
740.67	36.056
741.11	35.830
741.55	35.625
742.00	35.423
742.44	35.226
742.89	35.017
743.33	34.821
743.77	34.653
744.22	34.487
744.66	34.298
745.10	34.119
745.55	33.947
745.99	33.803
746.43	33.675
746.88	33.543
747.32	33.413
747.76	33.301
748.21	33.212
748.65	33.102
749.09	32.988
749.54	32.888
749.98	32.813
750.42	32.753
750.87	32.686
751.31	32.622
751.75	32.582
752.20	32.566
752.64	32.558
753.08	32.544
753.53	32.523
753.97	32.536
754.41	32.561
754.85	32.598
755.30	32.634
755.74	32.679
756.18	32.751
756.63	32.854
757.07	32.958
757.51	33.035
757.95	33.130
758.40	33.250
758.84	33.374
759.28	33.502
759.72	33.629
760.17	33.775
760.61	33.946
761.05	34.113
761.50	34.262
761.94	34.411
762.38	34.569
762.82	34.763
763.26	34.951
763.71	35.139
764.15	35.324
764.59	35.504
765.03	35.684
765.48	35.874
765.92	36.046
766.36	36.215
766.80	36.413
767.25	36.619
767.69	36.820
768.13	37.041
768.57	37.271
769.01	37.504
769.46	37.731
769.90	37.952
770.34	38.176
770.78	38.409
771.22	38.663
771.67	38.940
772.11	39.204
772.55	39.456
772.99	39.697
773.43	39.936
773.87	40.204
774.32	40.472
774.76	40.730
775.20	40.973
775.64	41.226
776.08	41.496
776.52	41.755
776.97	42.013
777.41	42.249
777.85	42.478
778.29	42.719
778.73	42.980
779.17	43.244
779.62	43.486
780.06	43.725
780.50	43.958
780.94	44.179
781.38	44.393
781.82	44.603
782.26	44.826
782.70	45.057
783.15	45.283
783.59	45.497
784.03	45.692
784.47	45.892
784.91	46.073
785.35	46.244
785.79	46.423
786.23	46.594
786.67	46.765
787.11	46.932
787.56	47.088
788.00	47.228
788.44	47.364
788.88	47.516
789.32	47.663
789.76	47.798
790.20	47.924
790.64	48.061
791.08	48.207
791.52	48.325
791.96	48.426
792.40	48.514
792.84	48.617
793.28	48.736
793.73	48.857
794.17	48.962
794.61	49.047
795.05	49.133
795.49	49.201
795.93	49.253
796.37	49.294
796.81	49.335
797.25	49.381
797.69	49.409
798.13	49.410
798.57	49.409
799.01	49.407
799.45	49.375
799.89	49.319
800.33	49.262
800.77	49.235
801.21	49.218
801.65	49.176
802.09	49.117
802.53	49.047
802.97	48.968
803.41	48.904
803.85	48.854
804.29	48.788
804.73	48.743
805.17	48.672
805.61	48.586
806.05	48.496
806.49	48.369
806.93	48.266
807.37	48.179
807.81	48.109
808.25	48.020
808.69	47.919
809.13	47.813
809.57	47.703
810.01	47.578
810.44	47.428
810.88	47.283
811.32	47.145
811.76	47.002
812.20	46.848
812.64	46.691
813.08	46.513
813.52	46.321
813.96	46.106
814.40	45.931
814.84	45.768
815.28	45.594
815.72	45.433
816.16	45.261
816.59	45.091
817.03	44.899
817.47	44.713
817.91	44.548
818.35	44.386
818.79	44.220
819.23	44.041
819.67	43.863
820.11	43.685
820.54	43.480
820.98	43.275
821.42	43.078
821.86	42.861
822.30	42.656
822.74	42.463
823.18	42.263
823.62	42.049
824.05	41.837
824.49	41.640
824.93	41.436
825.37	41.227
825.81	41.019
826.25	40.792
826.69	40.539
827.12	40.273
827.56	40.019
828.00	39.776
828.44	39.552
828.88	39.334
829.32	39.102
829.75	38.889
830.19	38.673
830.63	38.451
831.07	38.247
831.51	38.027
831.94	37.800
832.38	37.580
832.82	37.375
833.26	37.181
833.70	36.985
834.13	36.797
834.57	36.604
835.01	36.414
835.45	36.242
835.89	36.090
836.32	35.948
836.76	35.790
837.20	35.613
837.64	35.436
838.08	35.285
838.51	35.167
838.95	35.037
839.39	34.917
839.83	34.803
840.26	34.695
840.70	34.596
841.14	34.507
841.58	34.429
842.01	34.354
842.45	34.275
842.89	34.187
843.33	34.093
843.76	34.010
844.20	33.936
844.64	33.859
845.08	33.785
845.51	33.717
845.95	33.666
846.39	33.630
846.82	33.587
847.26	33.526
847.70	33.452
848.14	33.394
848.57	33.355
849.01	33.326
849.45	33.283
849.88	33.247
850.32	33.217
850.76	33.202
851.19	33.197
851.63	33.189
852.07	33.209
852.50	33.237
852.94	33.248
853.38	33.245
853.81	33.269
854.25	33.305
854.69	33.356
855.12	33.418
855.56	33.473
856.00	33.543
856.43	33.637
856.87	33.727
857.31	33.833
857.74	33.932
858.18	34.018
858.62	34.115
859.05	34.213
859.49	34.308
859.93	34.406
860.36	34.512
860.80	34.624
861.24	34.716
861.67	34.818
862.11	34.918
862.54	35.030
862.98	35.159
863.42	35.304
863.85	35.444
864.29	35.581
864.72	35.736
865.16	35.885
865.60	36.023
866.03	36.175
866.47	36.318
866.90	36.454
867.34	36.624
867.78	36.814
868.21	37.028
868.65	37.259
869.08	37.480
869.52	37.671
869.95	37.858
870.39	38.049
870.83	38.243
871.26	38.481
871.70	38.726
872.13	38.954
872.57	39.162
873.00	39.354
873.44	39.554
873.87	39.740
874.31	39.923
874.75	40.121
875.18	40.320
875.62	40.511
876.05	40.702
876.49	40.905
876.92	41.139
877.36	41.371
877.79	41.571
878.23	41.770
878.66	41.977
879.10	42.205
879.53	42.437
879.97	42.654
880.40	42.854
880.84	43.059
881.27	43.243
881.71	43.420
882.14	43.618
882.58	43.802
883.01	44.003
883.45	44.216
883.88	44.409
884.32	44.591
884.75	44.785
885.19	44.990
885.62	45.194
886.06	45.373
886.49	45.546
886.92	45.732
887.36	45.929
887.79	46.118
888.23	46.281
888.66	46.443
889.10	46.601
889.53	46.752
889.97	46.900
890.40	47.060
890.83	47.216
891.27	47.363
891.70	47.533
892.14	47.696
892.57	47.865
893.01	48.055
893.44	48.241
893.87	48.424
894.31	48.632
894.74	48.802
895.18	48.948
895.61	49.049
896.04	49.148
896.48	49.230
896.91	49.312
897.35	49.378
897.78	49.445
898.21	49.531
898.65	49.637
899.08	49.725
899.52	49.805
899.95	49.890
900.38	50.005
900.82	50.130
901.25	50.242
901.68	50.346
902.12	50.437
902.55	50.538
902.99	50.649
903.42	50.738
903.85	50.811
904.29	50.886
904.72	50.968
905.15	51.045
905.59	51.116
906.02	51.212
906.45	51.316
906.89	51.431
907.32	51.531
907.75	51.622
908.19	51.682
908.62	51.740
909.05	51.782
909.49	51.791
909.92	51.762
910.35	51.740
910.78	51.686
911.22	51.608
911.65	51.528
912.08	51.435
912.52	51.355
912.95	51.314
913.38	51.234
913.82	51.182
914.25	51.146
914.68	51.110
915.11	51.061
915.55	51.007
915.98	50.957
916.41	50.891
916.84	50.802
917.28	50.725
917.71	50.659
918.14	50.624
918.58	50.544
919.01	50.459
919.44	50.388
919.87	50.330
920.31	50.304
920.74	50.281
921.17	50.211
921.60	50.137
922.03	50.015
922.47	49.930
922.90	49.812
923.33	49.664
923.76	49.533
924.20	49.408
924.63	49.305
925.06	49.170
925.49	49.012
925.92	48.882
926.36	48.766
926.79	48.636
927.22	48.496
927.65	48.386
928.08	48.290
928.52	48.156
928.95	48.006
929.38	47.850
929.81	47.671
930.24	47.532
930.68	47.371
931.11	47.232
931.54	47.081
931.97	46.964
932.40	46.851
932.83	46.745
933.27	46.614
933.70	46.439
934.13	46.278
934.56	46.161
934.99	45.981
935.42	45.810
935.85	45.631
936.29	45.440
936.72	45.258
937.15	45.086
937.58	44.935
938.01	44.778
938.44	44.593
938.87	44.437
939.31	44.270
939.74	44.099
940.17	43.919
940.60	43.745
941.03	43.560
941.46	43.356
941.89	43.141
942.32	42.936
942.75	42.747
943.18	42.575
943.62	42.352
944.05	42.151
944.48	41.935
944.91	41.739
945.34	41.522
945.77	41.307
946.20	41.090
946.63	40.864
947.06	40.650
947.49	40.455
947.92	40.256
948.35	40.027
948.78	39.799
949.22	39.567
949.65	39.322
950.08	39.087
950.51	38.872
950.94	38.654
951.37	38.454
951.80	38.258
952.23	38.052
952.66	37.893
953.09	37.740
953.52	37.601
953.95	37.454
954.38	37.324
954.81	37.165
955.24	37.010
955.67	36.866
956.10	36.709
956.53	36.544
956.96	36.384
957.39	36.269
957.82	36.120
958.25	36.002
958.68	35.865
959.11	35.730
959.54	35.580
959.97	35.450
960.40	35.323
960.83	35.220
961.26	35.098
961.69	34.957
962.12	34.795
962.55	34.623
962.98	34.426
963.41	34.262
963.84	34.147
964.27	33.981
964.70	33.825
965.13	33.706
965.56	33.581
965.99	33.444
966.42	33.267
966.84	33.168
967.27	33.078
967.70	32.995
968.13	32.910
968.56	32.849
968.99	32.754
969.42	32.627
969.85	32.507
970.28	32.359
970.71	32.222
971.14	32.117
971.57	32.015
972.00	31.967
972.42	31.863
972.85	31.750
973.28	31.698
973.71	31.592
974.14	31.508
974.57	31.420
975.00	31.334
975.43	31.304
975.86	31.233
976.28	31.153
976.71	31.060
977.14	30.954
977.57	30.894
978.00	30.829
978.43	30.802
978.86	30.700
979.29	30.683
979.71	30.666
980.14	30.651
980.57	30.621
981.00	30.586
981.43	30.588
981.86	30.581
982.28	30.609
982.71	30.574
983.14	30.546
983.57	30.523
984.00	30.527
984.43	30.507
984.85	30.494
985.28	30.514
985.71	30.593
986.14	30.630
986.57	30.642
986.99	30.678
987.42	30.607
987.85	30.629
988.28	30.596
988.71	30.595
989.13	30.659
989.56	30.755
989.99	30.810
990.42	30.870
990.85	30.939
991.27	30.929
991.70	31.019
992.13	31.056
992.56	31.134
992.98	31.167
993.41	31.233
993.84	31.296
994.27	31.304
994.70	31.304
995.12	31.348
995.55	31.348
995.98	31.380
996.41	31.514
996.83	31.656
997.26	31.836
997.69	31.973
998.11	31.978
998.54	31.981
998.97	32.080
999.40	32.188
999.82	32.292
1000.25	32.414
1000.68	32.562
1001.11	32.669
1001.53	32.754
1001.96	32.876
1002.39	32.974
1002.81	33.077
1003.24	33.164
1003.67	33.230
1004.09	33.275
1004.52	33.413
1004.95	33.493
1005.38	33.528
1005.80	33.579
1006.23	33.611
1006.66	33.653
1007.08	33.800
1007.51	33.850
1007.94	33.927
1008.36	33.949
1008.79	33.937
1009.22	33.908
1009.64	33.890
1010.07	33.973
1010.50	33.992
1010.92	34.024
1011.35	34.050
1011.77	34.134
1012.20	34.132
1012.63	34.245
1013.05	34.328
1013.48	34.373
1013.91	34.504
1014.33	34.662
1014.76	34.767
1015.19	34.758
1015.61	34.709
1016.04	34.724
1016.46	34.906
1016.89	34.998
1017.32	35.152
1017.74	35.292
1018.17	35.466
1018.59	35.608
1019.02	35.546
1019.45	35.651
1019.87	35.673
1020.30	35.822
1020.72	35.895
1021.15	36.047
1021.58	36.132
1022.00	36.269
1022.43	36.307
1022.85	36.334
1023.28	36.280
1023.70	36.245
1024.13	36.322
1024.55	36.406
1024.98	36.377
1025.41	36.223
1025.83	36.037
1026.26	35.961
1026.68	35.854
1027.11	35.882
1027.53	35.749
1027.96	35.850
1028.38	35.889
1028.81	35.964
1029.23	36.007
1029.66	36.032
1030.08	36.058
1030.51	36.085
1030.94	36.115
1031.36	35.999
1031.79	35.980
1032.21	36.127
1032.64	36.174
1033.06	36.087
1033.49	36.107
1033.91	36.065
1034.34	36.103
1034.76	35.950
1035.19	35.906
1035.61	35.983
1036.03	35.696
1036.46	35.773
1036.88	35.627
1037.31	35.553
1037.73	35.414
1038.16	35.133
1038.58	35.020
1039.01	34.882
1039.43	34.830
1039.86	34.788
1040.28	34.811
1040.71	34.708
1041.13	34.564
1041.55	34.362
1041.98	34.358
1042.40	34.349
1042.83	34.441
1043.25	34.423
1043.68	34.460
1044.10	34.543
1044.52	34.555
1044.95	34.645
1045.37	34.315
1045.80	34.268
1046.22	34.328
1046.65	34.271
1047.07	34.142
1047.49	33.995
1047.92	33.820
1048.34	33.262
1048.77	32.865
1049.19	32.602
1049.61	32.354
1050.04	32.057
1050.46	31.949
1050.89	31.912
1051.31	31.704
1051.73	31.534
1052.16	31.469
1052.58	31.396
1053.00	30.979
1053.43	30.518
1053.85	30.187
1054.27	30.159
1054.70	29.987
1055.12	29.514
1055.55	29.359
1055.97	29.324
1056.39	29.349
1056.82	29.318
1057.24	29.430
1057.66	29.529
1058.09	29.551
1058.51	29.391
1058.93	28.969
1059.36	28.578
1059.78	28.162
1060.20	27.508
1060.62	26.710
1061.05	26.116
1061.47	25.945
1061.89	25.542
1062.32	25.526
1062.74	25.233
1063.16	25.196
1063.59	24.885
1064.01	24.165
1064.43	23.989
1064.85	23.868
1065.28	23.167
1065.70	22.849
1066.12	22.111
1066.55	21.700
1066.97	21.478
1067.39	20.484
1067.81	20.390
1068.24	20.099
1068.66	19.835
1069.08	19.688
1069.50	19.036
1069.93	18.806
1070.35	18.070
1070.77	17.592
1071.19	16.715
1071.62	16.630
1072.04	15.898
1072.46	15.358
1072.88	15.191
1073.31	14.594
1073.73	13.192
1074.15	11.939
1074.57	10.730
1075.00	9.965
1075.42	8.504
1075.84	6.916
1076.26	6.484
1076.68	5.478
1077.11	4.242
1077.53	2.932
1077.95	1.663
1078.37	0.661
1078.79	-0.825
1079.22	-1.969
1079.64	-3.381
1080.06	-4.863
1080.48	-6.580
1080.90	-8.686
1081.32	-9.874
1081.75	-11.652
1082.17	-13.245
1082.59	-14.317
1083.01	-15.527
1083.43	-17.166
1083.85	-17.397
1084.28	-19.971
1084.70	-22.021
1085.12	-23.250
1085.54	-24.757
1085.96	-26.675
1086.38	-28.606
1086.80	-29.306
1087.23	-29.097
1087.65	-29.978
1088.07	-32.136
1088.49	-34.601
1088.91	-36.277
1089.33	-38.586
1089.75	-41.093
1090.17	-42.833
1090.60	-44.496
1091.02	-47.692
1091.44	-50.140
1091.86	-52.548
1092.28	-54.226
1092.70	-58.390
1093.12	-60.661
1093.54	-63.410
1093.96	-66.650
1094.38	-69.809
1094.81	-73.501
1095.23	-76.297
1095.65	-79.181
1096.07	-80.703
1096.49	-86.440
1096.91	-89.266
1097.33	-91.347
1097.75	-96.547
1098.17	-101.549
1098.59	-104.683
1099.01	-106.374
1099.43	-109.190
1099.85	-116.279
1100.27	-120.537
1100.69	-122.409
1101.11	-124.824
1101.53	-127.512
1101.95	-130.380
1102.38	-127.778
1102.80	-253.265
1103.22	-72.384
1103.64	-119.447
1104.06	-298.039
1104.48	-152.518
1104.90	-181.227
1105.32	-130.920
1105.74	-120.000
1106.16	-250.560
