188.40	3.673
188.88	-51.175
189.35	-106.685
189.83	399.130
190.30	-429.412
190.78	-8.413
191.26	10.386
191.73	-308.491
192.21	-608.696
192.68	-6.298
193.16	-37.011
193.63	-55.494
194.11	-43.389
194.58	-32.089
195.06	-24.662
195.53	0.831
196.01	20.392
196.48	19.261
196.96	14.587
197.43	20.971
197.91	24.136
198.38	24.636
198.86	22.339
199.33	23.764
199.81	28.981
200.28	28.780
200.76	27.126
201.23	27.379
201.71	31.803
202.18	33.381
202.66	34.077
203.13	30.925
203.61	34.317
204.08	34.309
204.55	31.885
205.03	32.432
205.50	32.586
205.98	32.345
206.45	31.352
206.93	30.011
207.40	31.140
207.88	31.434
208.35	28.144
208.82	27.444
209.30	27.512
209.77	29.062
210.25	27.815
210.72	27.673
211.20	28.733
211.67	29.062
212.14	26.937
212.62	26.027
213.09	27.946
213.57	29.596
214.04	29.539
214.52	28.585
214.99	31.025
215.46	31.990
215.94	30.943
216.41	30.613
216.89	31.642
217.36	34.334
217.83	32.394
218.31	31.945
218.78	34.168
219.25	34.978
219.73	34.101
220.20	32.968
220.68	32.613
221.15	34.313
221.62	33.884
222.10	32.228
222.57	34.239
223.04	35.029
223.52	34.724
223.99	32.377
224.47	31.767
224.94	31.989
225.41	31.052
225.89	29.687
226.36	31.203
226.83	30.830
227.31	30.046
227.78	29.878
228.25	29.309
228.73	30.602
229.20	29.648
229.67	27.352
230.15	28.986
230.62	30.058
231.09	31.285
231.57	29.203
232.04	29.015
232.51	30.313
232.98	28.584
233.46	26.595
233.93	27.367
234.40	28.185
234.88	29.756
235.35	28.293
235.82	27.393
236.30	30.236
236.77	30.329
237.24	27.665
237.71	28.816
238.19	30.599
238.66	31.628
239.13	30.586
239.61	28.730
240.08	31.034
240.55	30.836
241.02	28.850
241.50	29.213
241.97	30.112
242.44	31.687
242.91	31.799
243.39	30.106
243.86	31.857
244.33	32.287
244.80	29.450
245.28	29.129
245.75	29.884
246.22	29.999
246.69	30.273
247.17	29.046
247.64	29.748
248.11	29.391
248.58	28.878
249.05	28.697
249.53	29.952
250.00	30.870
250.47	30.702
250.94	27.952
251.42	30.201
251.89	31.720
252.36	31.055
252.83	29.175
253.30	29.895
253.78	32.091
254.25	31.472
254.72	31.146
255.19	33.046
255.66	34.284
256.13	33.743
256.61	31.957
257.08	32.356
257.55	32.797
258.02	33.091
258.49	30.623
258.97	30.722
259.44	31.130
259.91	30.886
260.38	29.316
260.85	29.227
261.32	30.623
261.79	29.469
262.27	26.980
262.74	28.326
263.21	30.101
263.68	29.327
264.15	28.103
264.62	27.500
265.09	28.090
265.57	27.205
266.04	24.189
266.51	25.189
266.98	26.160
267.45	28.414
267.92	26.459
268.39	25.952
268.86	28.599
269.34	29.135
269.81	26.695
270.28	26.454
270.75	28.414
271.22	28.248
271.69	26.824
272.16	25.454
272.63	28.156
273.10	27.431
273.57	26.434
274.05	26.601
274.52	27.030
274.99	28.946
275.46	28.909
275.93	29.002
276.40	29.711
276.87	29.617
277.34	27.805
277.81	27.609
278.28	27.444
278.75	29.036
279.22	27.522
279.69	26.264
280.16	26.581
280.63	26.605
281.11	25.056
281.58	23.965
282.05	25.562
282.52	26.439
282.99	25.756
283.46	24.126
283.93	24.973
284.40	26.128
284.87	25.996
285.34	24.427
285.81	24.188
286.28	26.708
286.75	26.923
287.22	26.303
287.69	26.583
288.16	28.951
288.63	28.240
289.10	28.274
289.57	27.898
290.04	30.663
290.51	30.030
290.98	29.453
291.45	30.548
291.92	29.741
292.39	29.148
292.86	27.068
293.33	27.856
293.80	29.894
294.27	28.971
294.74	26.375
295.21	27.522
295.68	28.699
296.15	28.230
296.62	27.049
297.09	25.983
297.56	27.715
298.03	26.893
298.49	25.052
298.96	24.609
299.43	25.907
299.90	26.221
300.37	26.018
300.84	25.311
301.31	27.640
301.78	28.822
302.25	27.789
302.72	28.410
303.19	28.452
303.66	29.528
304.13	28.943
304.60	27.791
305.07	29.755
305.53	29.876
306.00	28.661
306.47	28.656
306.94	29.251
307.41	30.388
307.88	28.399
308.35	27.515
308.82	29.329
309.29	29.405
309.76	28.433
310.22	28.183
310.69	28.212
311.16	29.128
311.63	28.519
312.10	27.384
312.57	28.830
313.04	28.521
313.51	27.818
313.97	27.175
314.44	27.797
314.91	28.472
315.38	27.925
315.85	27.665
316.32	28.445
316.79	28.974
317.25	28.898
317.72	29.188
318.19	28.958
318.66	29.880
319.13	30.121
319.60	28.480
320.07	28.580
320.53	29.529
321.00	29.155
321.47	28.897
321.94	28.129
322.41	28.455
322.87	28.676
323.34	27.381
323.81	27.950
324.28	28.516
324.75	27.608
325.22	26.640
325.68	25.367
326.15	25.889
326.62	25.447
327.09	23.970
327.56	23.752
328.02	24.401
328.49	23.804
328.96	22.544
329.43	22.310
329.89	23.547
330.36	23.456
330.83	22.202
331.30	21.151
331.77	21.859
332.23	21.847
332.70	20.972
333.17	19.494
333.64	19.889
334.10	19.942
334.57	19.637
335.04	19.292
335.51	19.692
335.97	20.255
336.44	19.770
336.91	19.255
337.38	20.073
337.84	19.871
338.31	19.402
338.78	18.986
339.24	18.529
339.71	18.975
340.18	18.504
340.65	18.024
341.11	19.011
341.58	19.113
342.05	19.140
342.52	18.920
342.98	19.274
343.45	19.894
343.92	19.011
344.38	17.920
344.85	18.139
345.32	18.000
345.78	17.365
346.25	16.820
346.72	16.604
347.18	17.120
347.65	16.487
348.12	16.120
348.58	16.160
349.05	16.400
349.52	16.051
349.99	15.566
350.45	15.332
350.92	15.353
351.38	15.001
351.85	14.210
352.32	14.166
352.78	14.245
353.25	14.003
353.72	13.774
354.18	13.561
354.65	13.928
355.12	13.715
355.58	13.246
356.05	13.222
356.52	13.072
356.98	12.773
357.45	12.724
357.91	12.308
358.38	12.455
358.85	12.339
359.31	11.948
359.78	11.733
360.25	11.553
360.71	11.471
361.18	11.079
361.64	10.665
362.11	10.640
362.58	10.249
363.04	9.914
363.51	9.828
363.97	9.918
364.44	9.835
364.91	9.539
365.37	9.219
365.84	9.213
366.30	9.272
366.77	8.970
367.23	8.709
367.70	8.631
368.17	8.641
368.63	8.522
369.10	8.307
369.56	8.402
370.03	8.350
370.49	8.199
370.96	8.096
371.42	8.123
371.89	8.208
372.36	8.258
372.82	8.029
373.29	8.013
373.75	8.012
374.22	7.899
374.68	7.935
375.15	7.906
375.61	7.984
376.08	7.852
376.54	7.728
377.01	7.804
377.47	7.841
377.94	7.785
378.40	7.680
378.87	7.546
379.33	7.539
379.80	7.490
380.26	7.320
380.73	7.348
381.19	7.372
381.66	7.297
382.12	7.199
382.59	7.129
383.05	7.135
383.52	7.014
383.98	6.905
384.45	6.863
384.91	6.853
385.38	6.841
385.84	6.778
386.31	6.685
386.77	6.726
387.24	6.728
387.70	6.684
388.16	6.669
388.63	6.763
389.09	6.800
389.56	6.792
390.02	6.834
390.49	6.905
390.95	6.921
391.42	6.891
391.88	6.928
392.34	7.026
392.81	7.123
393.27	7.171
393.74	7.165
394.20	7.202
394.67	7.285
395.13	7.272
395.59	7.310
396.06	7.368
396.52	7.392
396.99	7.367
397.45	7.272
397.91	7.295
398.38	7.190
398.84	7.122
399.31	7.049
399.77	6.974
400.23	6.979
400.70	6.932
401.16	6.820
401.63	6.752
402.09	6.706
402.55	6.611
403.02	6.509
403.48	6.442
403.94	6.452
404.41	6.380
404.87	6.297
405.33	6.256
405.80	6.273
406.26	6.249
406.73	6.224
407.19	6.270
407.65	6.352
408.12	6.449
408.58	6.518
409.04	6.633
409.51	6.755
409.97	6.855
410.43	6.961
410.90	7.126
411.36	7.331
411.82	7.491
412.29	7.652
412.75	7.845
413.21	8.046
413.67	8.238
414.14	8.413
414.60	8.577
415.06	8.779
415.53	8.925
415.99	9.067
416.45	9.226
416.92	9.346
417.38	9.440
417.84	9.509
418.30	9.524
418.77	9.584
419.23	9.602
419.69	9.543
420.16	9.503
420.62	9.434
421.08	9.348
421.54	9.212
422.01	9.059
422.47	8.943
422.93	8.809
423.39	8.624
423.86	8.467
424.32	8.320
424.78	8.173
425.24	8.016
425.71	7.846
426.17	7.742
426.63	7.648
427.09	7.553
427.56	7.465
428.02	7.409
428.48	7.374
428.94	7.306
429.41	7.244
429.87	7.249
430.33	7.389
430.79	7.566
431.25	7.772
431.72	8.018
432.18	8.288
432.64	8.572
433.10	8.883
433.56	9.219
434.03	9.586
434.49	9.956
434.95	10.334
435.41	10.728
435.87	11.121
436.34	11.508
436.80	11.889
437.26	12.285
437.72	12.674
438.18	13.047
438.64	13.426
439.11	13.799
439.57	14.162
440.03	14.401
440.49	14.584
440.95	14.756
441.41	14.885
441.88	14.994
442.34	15.072
442.80	15.106
443.26	15.117
443.72	15.070
444.18	14.991
444.64	14.885
445.11	14.762
445.57	14.599
446.03	14.414
446.49	14.196
446.95	13.986
447.41	13.752
447.87	13.500
448.33	13.261
448.79	13.018
449.26	12.772
449.72	12.533
450.18	12.321
450.64	12.146
451.10	11.976
451.56	11.815
452.02	11.679
452.48	11.581
452.94	11.514
453.40	11.481
453.87	11.483
454.33	11.543
454.79	11.625
455.25	11.750
455.71	11.903
456.17	12.102
456.63	12.361
457.09	12.643
457.55	12.962
458.01	13.319
458.47	13.719
458.93	14.133
459.39	14.571
459.85	15.014
460.31	15.477
460.77	15.947
461.24	16.438
461.70	16.945
462.16	17.442
462.62	17.938
463.08	18.420
463.54	18.900
464.00	19.378
464.46	19.824
464.92	20.231
465.38	20.626
465.84	21.001
466.30	21.333
466.76	21.632
467.22	21.894
467.68	22.133
468.14	22.317
468.60	22.468
469.06	22.588
469.52	22.667
469.98	22.705
470.44	22.707
470.90	22.661
471.36	22.592
471.82	22.483
472.28	22.341
472.74	22.178
473.20	21.977
473.66	21.751
474.12	21.498
474.58	21.222
475.04	20.944
475.50	20.639
475.95	20.318
476.41	20.000
476.87	19.680
477.33	19.355
477.79	19.040
478.25	18.726
478.71	18.431
479.17	18.143
479.63	17.870
480.09	17.620
480.55	17.398
481.01	17.203
481.47	17.038
481.93	16.903
482.39	16.805
482.84	16.744
483.30	16.719
483.76	16.742
484.22	16.803
484.68	16.897
485.14	17.033
485.60	17.211
486.06	17.433
486.52	17.691
486.98	17.984
487.44	18.310
487.89	18.667
488.35	19.055
488.81	19.467
489.27	19.904
489.73	20.374
490.19	20.860
490.65	21.362
491.11	21.884
491.56	22.410
492.02	22.942
492.48	23.473
492.94	24.008
493.40	24.537
493.86	25.063
494.32	25.579
494.77	26.082
495.23	26.561
495.69	27.022
496.15	27.458
496.61	27.874
497.07	28.271
497.52	28.643
497.98	28.988
498.44	29.314
498.90	29.608
499.36	29.867
499.82	30.083
500.27	30.265
500.73	30.413
501.19	30.532
501.65	30.615
502.11	30.672
502.56	30.693
503.02	30.678
503.48	30.631
503.94	30.553
504.40	30.444
504.85	30.313
505.31	30.156
505.77	29.969
506.23	29.757
506.69	29.524
507.14	29.268
507.60	28.994
508.06	28.693
508.52	28.379
508.97	28.048
509.43	27.712
509.89	27.365
510.35	27.016
510.80	26.662
511.26	26.313
511.72	25.963
512.18	25.613
512.63	25.273
513.09	24.936
513.55	24.611
514.01	24.307
514.46	24.019
514.92	23.747
515.38	23.500
515.84	23.279
516.29	23.083
516.75	22.913
517.21	22.769
517.66	22.652
518.12	22.567
518.58	22.522
519.04	22.508
519.49	22.531
519.95	22.590
520.41	22.676
520.86	22.794
521.32	22.948
521.78	23.136
522.23	23.355
522.69	23.610
523.15	23.899
523.61	24.213
524.06	24.552
524.52	24.916
524.98	25.307
525.43	25.713
525.89	26.136
526.35	26.573
526.80	27.027
527.26	27.502
527.72	27.986
528.17	28.470
528.63	28.965
529.09	29.460
529.54	29.955
530.00	30.454
530.45	30.948
530.91	31.437
531.37	31.906
531.82	32.373
532.28	32.830
532.74	33.272
533.19	33.696
533.65	34.090
534.10	34.466
534.56	34.820
535.02	35.146
535.47	35.450
535.93	35.735
536.39	36.000
536.84	36.238
537.30	36.448
537.75	36.632
538.21	36.786
538.67	36.910
539.12	37.006
539.58	37.078
540.03	37.123
540.49	37.149
540.94	37.152
541.40	37.120
541.86	37.059
542.31	36.970
542.77	36.861
543.22	36.741
543.68	36.599
544.13	36.437
544.59	36.264
545.05	36.064
545.50	35.847
545.96	35.603
546.41	35.344
546.87	35.075
547.32	34.791
547.78	34.498
548.23	34.190
548.69	33.871
549.14	33.545
549.60	33.206
550.06	32.862
550.51	32.518
550.97	32.174
551.42	31.826
551.88	31.477
552.33	31.125
552.79	30.779
553.24	30.441
553.70	30.112
554.15	29.791
554.61	29.492
555.06	29.206
555.52	28.929
555.97	28.667
556.43	28.429
556.88	28.211
557.34	28.014
557.79	27.842
558.25	27.696
558.70	27.574
559.15	27.481
559.61	27.412
560.06	27.366
560.52	27.348
560.97	27.365
561.43	27.414
561.88	27.494
562.34	27.605
562.79	27.737
563.25	27.898
563.70	28.083
564.16	28.294
564.61	28.531
565.06	28.796
565.52	29.084
565.97	29.394
566.43	29.729
566.88	30.085
567.34	30.460
567.79	30.853
568.24	31.264
568.70	31.683
569.15	32.113
569.61	32.558
570.06	33.009
570.51	33.470
570.97	33.943
571.42	34.414
571.88	34.894
572.33	35.372
572.78	35.852
573.24	36.336
573.69	36.804
574.15	37.270
574.60	37.731
575.05	38.185
575.51	38.636
575.96	39.073
576.42	39.507
576.87	39.932
577.32	40.343
577.78	40.728
578.23	41.110
578.68	41.476
579.14	41.831
579.59	42.164
580.04	42.472
580.50	42.755
580.95	43.023
581.40	43.268
581.86	43.505
582.31	43.712
582.76	43.911
583.22	44.095
583.67	44.252
584.12	44.390
584.58	44.504
585.03	44.585
585.48	44.642
585.94	44.666
586.39	44.666
586.84	44.654
587.30	44.635
587.75	44.588
588.20	44.525
588.66	44.439
589.11	44.333
589.56	44.213
590.01	44.085
590.47	43.928
590.92	43.754
591.37	43.563
591.83	43.349
592.28	43.111
592.73	42.860
593.18	42.597
593.64	42.323
594.09	42.027
594.54	41.736
594.99	41.441
595.45	41.138
595.90	40.819
596.35	40.486
596.80	40.136
597.26	39.784
597.71	39.420
598.16	39.050
598.61	38.686
599.07	38.317
599.52	37.939
599.97	37.568
600.42	37.193
600.88	36.817
601.33	36.446
601.78	36.081
602.23	35.714
602.69	35.359
603.14	35.011
603.59	34.677
604.04	34.344
604.49	34.018
604.95	33.698
605.40	33.407
605.85	33.134
606.30	32.875
606.75	32.634
607.21	32.415
607.66	32.210
608.11	32.025
608.56	31.857
609.01	31.711
609.46	31.585
609.92	31.485
610.37	31.409
610.82	31.359
611.27	31.332
611.72	31.336
612.17	31.356
612.63	31.393
613.08	31.452
613.53	31.533
613.98	31.645
614.43	31.775
614.88	31.921
615.34	32.087
615.79	32.269
616.24	32.467
616.69	32.683
617.14	32.921
617.59	33.176
618.04	33.438
618.49	33.719
618.95	34.011
619.40	34.318
619.85	34.644
620.30	34.977
620.75	35.314
621.20	35.663
621.65	36.025
622.10	36.396
622.55	36.778
623.00	37.166
623.46	37.556
623.91	37.949
624.36	38.342
624.81	38.733
625.26	39.127
625.71	39.518
626.16	39.922
626.61	40.317
627.06	40.705
627.51	41.097
627.96	41.479
628.41	41.858
628.86	42.228
629.32	42.586
629.77	42.940
630.22	43.288
630.67	43.625
631.12	43.948
631.57	44.271
632.02	44.584
632.47	44.875
632.92	45.159
633.37	45.441
633.82	45.708
634.27	45.957
634.72	46.197
635.17	46.424
635.62	46.628
636.07	46.818
636.52	46.989
636.97	47.144
637.42	47.286
637.87	47.416
638.32	47.528
638.77	47.633
639.22	47.730
639.67	47.804
640.12	47.866
640.57	47.912
641.02	47.934
641.47	47.942
641.92	47.946
642.37	47.922
642.82	47.875
643.27	47.814
643.72	47.746
644.17	47.659
644.62	47.565
645.07	47.452
645.52	47.333
645.97	47.212
646.42	47.074
646.87	46.929
647.32	46.789
647.77	46.647
648.22	46.478
648.66	46.289
649.11	46.078
649.56	45.851
650.01	45.617
650.46	45.383
650.91	45.149
651.36	44.890
651.81	44.623
652.26	44.360
652.71	44.079
653.16	43.798
653.61	43.510
654.06	43.212
654.50	42.908
654.95	42.588
655.40	42.259
655.85	41.939
656.30	41.605
656.75	41.253
657.20	40.898
657.65	40.546
658.10	40.191
658.55	39.861
658.99	39.538
659.44	39.217
659.89	38.892
660.34	38.553
660.79	38.222
661.24	37.908
661.69	37.597
662.13	37.298
662.58	36.987
663.03	36.695
663.48	36.405
663.93	36.124
664.38	35.856
664.83	35.604
665.27	35.355
665.72	35.109
666.17	34.873
666.62	34.646
667.07	34.431
667.52	34.232
667.96	34.025
668.41	33.828
668.86	33.652
669.31	33.484
669.76	33.342
670.21	33.220
670.65	33.105
671.10	33.000
671.55	32.911
672.00	32.844
672.45	32.787
672.89	32.746
673.34	32.714
673.79	32.700
674.24	32.691
674.68	32.698
675.13	32.730
675.58	32.776
676.03	32.842
676.48	32.909
676.92	32.986
677.37	33.088
677.82	33.207
678.27	33.322
678.71	33.450
679.16	33.589
679.61	33.738
680.06	33.894
680.50	34.060
680.95	34.255
681.40	34.459
681.85	34.658
682.29	34.871
682.74	35.102
683.19	35.340
683.64	35.585
684.08	35.844
684.53	36.109
684.98	36.388
685.43	36.671
685.87	36.961
686.32	37.253
686.77	37.542
687.21	37.821
687.66	38.122
688.11	38.438
688.55	38.743
689.00	39.047
689.45	39.376
689.90	39.708
690.34	40.019
690.79	40.324
691.24	40.645
691.68	40.965
692.13	41.269
692.58	41.555
693.02	41.857
693.47	42.146
693.92	42.426
694.36	42.688
694.81	42.961
695.26	43.240
695.70	43.510
696.15	43.783
696.60	44.059
697.04	44.318
697.49	44.555
697.94	44.777
698.38	45.011
698.83	45.228
699.27	45.444
699.72	45.639
700.17	45.837
700.61	46.023
701.06	46.205
701.51	46.382
701.95	46.570
702.40	46.750
702.84	46.926
703.29	47.099
703.74	47.251
704.18	47.389
704.63	47.517
705.07	47.635
705.52	47.741
705.97	47.837
706.41	47.917
706.86	47.989
707.30	48.075
707.75	48.156
708.20	48.219
708.64	48.255
709.09	48.287
709.53	48.307
709.98	48.321
710.42	48.310
710.87	48.276
711.32	48.238
711.76	48.183
712.21	48.120
712.65	48.045
713.10	47.978
713.54	47.894
713.99	47.808
714.43	47.719
714.88	47.609
715.33	47.477
715.77	47.355
716.22	47.238
716.66	47.101
717.11	46.947
717.55	46.797
718.00	46.647
718.44	46.488
718.89	46.311
719.33	46.141
719.78	45.977
720.22	45.819
720.67	45.637
721.11	45.454
721.56	45.268
722.00	45.066
722.45	44.852
722.89	44.645
723.34	44.431
723.78	44.226
724.23	44.023
724.67	43.824
725.12	43.605
725.56	43.374
726.01	43.139
726.45	42.894
726.90	42.631
727.34	42.360
727.78	42.107
728.23	41.858
728.67	41.591
729.12	41.317
729.56	41.055
730.01	40.790
730.45	40.508
730.90	40.211
731.34	39.943
731.79	39.685
732.23	39.406
732.67	39.116
733.12	38.821
733.56	38.555
734.01	38.298
734.45	38.026
734.89	37.761
735.34	37.522
735.78	37.292
736.23	37.054
736.67	36.818
737.12	36.585
737.56	36.361
738.00	36.134
738.45	35.920
738.89	35.712
739.34	35.532
739.78	35.376
740.22	35.217
740.67	35.042
741.11	34.866
741.55	34.714
742.00	34.567
742.44	34.422
742.89	34.268
743.33	34.123
743.77	34.013
744.22	33.909
744.66	33.793
745.10	33.668
745.55	33.555
745.99	33.474
746.43	33.406
746.88	33.334
747.32	33.269
747.76	33.221
748.21	33.200
748.65	33.158
749.09	33.106
749.54	33.067
749.98	33.054
750.42	33.059
750.87	33.054
751.31	33.049
751.75	33.072
752.20	33.112
752.64	33.167
753.08	33.214
753.53	33.264
753.97	33.337
754.41	33.423
754.85	33.529
755.30	33.629
755.74	33.724
756.18	33.854
756.63	34.007
757.07	34.160
757.51	34.283
757.95	34.424
758.40	34.587
758.84	34.758
759.28	34.926
759.72	35.080
760.17	35.259
760.61	35.463
761.05	35.665
761.50	35.854
761.94	36.035
762.38	36.221
762.82	36.436
763.26	36.652
763.71	36.867
764.15	37.075
764.59	37.279
765.03	37.483
765.48	37.683
765.92	37.873
766.36	38.050
766.80	38.258
767.25	38.473
767.69	38.693
768.13	38.935
768.57	39.179
769.01	39.433
769.46	39.672
769.90	39.907
770.34	40.127
770.78	40.354
771.22	40.602
771.67	40.874
772.11	41.122
772.55	41.355
772.99	41.577
773.43	41.800
773.87	42.054
774.32	42.309
774.76	42.550
775.20	42.780
775.64	43.020
776.08	43.275
776.52	43.514
776.97	43.748
777.41	43.963
777.85	44.174
778.29	44.389
778.73	44.621
779.17	44.852
779.62	45.070
780.06	45.288
780.50	45.496
780.94	45.692
781.38	45.884
781.82	46.074
782.26	46.284
782.70	46.488
783.15	46.673
783.59	46.845
784.03	47.004
784.47	47.165
784.91	47.301
785.35	47.426
785.79	47.566
786.23	47.704
786.67	47.832
787.11	47.965
787.56	48.077
788.00	48.187
788.44	48.273
788.88	48.374
789.32	48.473
789.76	48.558
790.20	48.633
790.64	48.712
791.08	48.795
791.52	48.857
791.96	48.896
792.40	48.940
792.84	49.004
793.28	49.083
793.73	49.160
794.17	49.223
794.61	49.266
795.05	49.311
795.49	49.323
795.93	49.323
796.37	49.302
796.81	49.295
797.25	49.298
797.69	49.290
798.13	49.263
798.57	49.231
799.01	49.193
799.45	49.130
799.89	49.055
800.33	48.979
800.77	48.921
801.21	48.877
801.65	48.797
802.09	48.705
802.53	48.596
802.97	48.473
803.41	48.380
803.85	48.289
804.29	48.187
804.73	48.100
805.17	47.989
805.61	47.880
806.05	47.753
806.49	47.592
806.93	47.461
807.37	47.344
807.81	47.233
808.25	47.097
808.69	46.959
809.13	46.813
809.57	46.658
810.01	46.493
810.44	46.314
810.88	46.146
811.32	45.978
811.76	45.815
812.20	45.654
812.64	45.488
813.08	45.303
813.52	45.087
813.96	44.861
814.40	44.678
814.84	44.504
815.28	44.318
815.72	44.140
816.16	43.944
816.59	43.751
817.03	43.547
817.47	43.356
817.91	43.183
818.35	43.015
818.79	42.846
819.23	42.667
819.67	42.487
820.11	42.313
820.54	42.118
820.98	41.906
821.42	41.696
821.86	41.479
822.30	41.269
822.74	41.083
823.18	40.898
823.62	40.689
824.05	40.474
824.49	40.280
824.93	40.087
825.37	39.905
825.81	39.705
826.25	39.493
826.69	39.270
827.12	39.033
827.56	38.802
828.00	38.573
828.44	38.356
828.88	38.159
829.32	37.937
829.75	37.730
830.19	37.536
830.63	37.341
831.07	37.161
831.51	36.961
831.94	36.753
832.38	36.554
832.82	36.368
833.26	36.201
833.70	36.046
834.13	35.895
834.57	35.733
835.01	35.580
835.45	35.446
835.89	35.328
836.32	35.212
836.76	35.083
837.20	34.950
837.64	34.831
838.08	34.727
838.51	34.652
838.95	34.580
839.39	34.513
839.83	34.449
840.26	34.380
840.70	34.334
841.14	34.292
841.58	34.260
842.01	34.228
842.45	34.192
842.89	34.147
843.33	34.095
843.76	34.054
844.20	34.027
844.64	34.000
845.08	33.980
845.51	33.963
845.95	33.961
846.39	33.973
846.82	33.970
847.26	33.953
847.70	33.926
848.14	33.904
848.57	33.903
849.01	33.904
849.45	33.895
849.88	33.899
850.32	33.926
850.76	33.963
851.19	34.014
851.63	34.067
852.07	34.136
852.50	34.202
852.94	34.254
853.38	34.299
853.81	34.356
854.25	34.428
854.69	34.509
855.12	34.609
855.56	34.711
856.00	34.812
856.43	34.935
856.87	35.061
857.31	35.201
857.74	35.342
858.18	35.473
858.62	35.607
859.05	35.746
859.49	35.864
859.93	35.978
860.36	36.105
860.80	36.238
861.24	36.364
861.67	36.491
862.11	36.622
862.54	36.775
862.98	36.932
863.42	37.093
863.85	37.266
864.29	37.431
864.72	37.607
865.16	37.770
865.60	37.924
866.03	38.094
866.47	38.245
866.90	38.383
867.34	38.552
867.78	38.757
868.21	38.977
868.65	39.208
869.08	39.435
869.52	39.647
869.95	39.832
870.39	40.019
870.83	40.220
871.26	40.463
871.70	40.711
872.13	40.938
872.57	41.159
873.00	41.368
873.44	41.560
873.87	41.738
874.31	41.929
874.75	42.119
875.18	42.318
875.62	42.514
876.05	42.712
876.49	42.927
876.92	43.159
877.36	43.390
877.79	43.596
878.23	43.788
878.66	43.985
879.10	44.197
879.53	44.418
879.97	44.644
880.40	44.834
880.84	45.022
881.27	45.201
881.71	45.364
882.14	45.547
882.58	45.719
883.01	45.905
883.45	46.111
883.88	46.299
884.32	46.473
884.75	46.646
885.19	46.832
885.62	47.021
886.06	47.175
886.49	47.316
886.92	47.469
887.36	47.637
887.79	47.786
888.23	47.923
888.66	48.056
889.10	48.183
889.53	48.302
889.97	48.408
890.40	48.526
890.83	48.641
891.27	48.752
891.70	48.888
892.14	49.028
892.57	49.170
893.01	49.329
893.44	49.474
893.87	49.636
894.31	49.811
894.74	49.960
895.18	50.065
895.61	50.153
896.04	50.254
896.48	50.328
896.91	50.415
897.35	50.476
897.78	50.537
898.21	50.612
898.65	50.693
899.08	50.768
899.52	50.863
899.95	50.955
900.38	51.044
900.82	51.148
901.25	51.254
901.68	51.354
902.12	51.414
902.55	51.493
902.99	51.584
903.42	51.629
903.85	51.660
904.29	51.725
904.72	51.775
905.15	51.823
905.59	51.853
906.02	51.890
906.45	51.976
906.89	52.040
907.32	52.091
907.75	52.143
908.19	52.165
908.62	52.175
909.05	52.149
909.49	52.108
909.92	52.057
910.35	51.989
910.78	51.889
911.22	51.795
911.65	51.690
912.08	51.592
912.52	51.503
912.95	51.419
913.38	51.328
913.82	51.258
914.25	51.191
914.68	51.126
915.11	51.066
915.55	50.995
915.98	50.925
916.41	50.833
916.84	50.739
917.28	50.660
917.71	50.584
918.14	50.522
918.58	50.449
919.01	50.353
919.44	50.249
919.87	50.170
920.31	50.121
920.74	50.081
921.17	49.983
921.60	49.882
922.03	49.779
922.47	49.683
922.90	49.554
923.33	49.397
923.76	49.273
924.20	49.150
924.63	49.021
925.06	48.867
925.49	48.694
925.92	48.558
926.36	48.420
926.79	48.260
927.22	48.121
927.65	47.987
928.08	47.889
928.52	47.763
928.95	47.604
929.38	47.454
929.81	47.291
930.24	47.147
930.68	47.002
931.11	46.842
931.54	46.692
931.97	46.544
932.40	46.416
932.83	46.291
933.27	46.142
933.70	45.958
934.13	45.792
934.56	45.669
934.99	45.517
935.42	45.342
935.85	45.154
936.29	44.985
936.72	44.816
937.15	44.637
937.58	44.465
938.01	44.316
938.44	44.168
938.87	43.994
939.31	43.831
939.74	43.690
940.17	43.552
940.60	43.395
941.03	43.230
941.46	43.060
941.89	42.916
942.32	42.721
942.75	42.550
943.18	42.405
943.62	42.237
944.05	42.046
944.48	41.826
944.91	41.633
945.34	41.458
945.77	41.269
946.20	41.068
946.63	40.892
947.06	40.713
947.49	40.513
947.92	40.313
948.35	40.086
948.78	39.869
949.22	39.650
949.65	39.416
950.08	39.191
950.51	38.980
950.94	38.778
951.37	38.588
951.80	38.428
952.23	38.278
952.66	38.116
953.09	37.976
953.52	37.873
953.95	37.773
954.38	37.656
954.81	37.514
955.24	37.362
955.67	37.252
956.10	37.122
956.53	36.999
956.96	36.892
957.39	36.806
957.82	36.731
958.25	36.599
958.68	36.470
959.11	36.398
959.54	36.311
959.97	36.182
960.40	36.100
960.83	36.000
961.26	35.907
961.69	35.784
962.12	35.621
962.55	35.491
962.98	35.368
963.41	35.231
963.84	35.142
964.27	35.053
964.70	34.964
965.13	34.868
965.56	34.768
965.99	34.698
966.42	34.618
966.84	34.519
967.27	34.455
967.70	34.426
968.13	34.408
968.56	34.355
968.99	34.297
969.42	34.250
969.85	34.231
970.28	34.174
970.71	34.112
971.14	34.084
971.57	34.083
972.00	34.049
972.42	34.000
972.85	33.969
973.28	33.975
973.71	33.937
974.14	33.878
974.57	33.847
975.00	33.836
975.43	33.801
975.86	33.800
976.28	33.812
976.71	33.811
977.14	33.784
977.57	33.750
978.00	33.726
978.43	33.780
978.86	33.759
979.29	33.750
979.71	33.793
980.14	33.825
980.57	33.882
981.00	33.872
981.43	33.896
981.86	33.986
982.28	33.999
982.71	33.996
983.14	34.044
983.57	34.060
984.00	34.131
984.43	34.147
984.85	34.156
985.28	34.257
985.71	34.331
986.14	34.373
986.57	34.442
986.99	34.520
987.42	34.570
987.85	34.571
988.28	34.589
988.71	34.661
989.13	34.779
989.56	34.863
989.99	34.970
990.42	35.081
990.85	35.232
991.27	35.326
991.70	35.378
992.13	35.500
992.56	35.617
992.98	35.706
993.41	35.783
993.84	35.874
994.27	36.016
994.70	36.120
995.12	36.214
995.55	36.332
995.98	36.450
996.41	36.580
996.83	36.691
997.26	36.834
997.69	37.066
998.11	37.107
998.54	37.162
998.97	37.304
999.40	37.478
999.82	37.607
1000.25	37.734
1000.68	37.968
1001.11	38.151
1001.53	38.275
1001.96	38.330
1002.39	38.568
1002.81	38.716
1003.24	38.821
1003.67	38.878
1004.09	38.960
1004.52	39.268
1004.95	39.413
1005.38	39.503
1005.80	39.725
1006.23	39.896
1006.66	40.014
1007.08	40.153
1007.51	40.189
1007.94	40.422
1008.36	40.516
1008.79	40.564
1009.22	40.626
1009.64	40.656
1010.07	40.845
1010.50	40.934
1010.92	41.070
1011.35	41.206
1011.77	41.354
1012.20	41.431
1012.63	41.600
1013.05	41.711
1013.48	41.788
1013.91	41.817
1014.33	41.894
1014.76	42.009
1015.19	42.105
1015.61	42.094
1016.04	42.192
1016.46	42.383
1016.89	42.457
1017.32	42.481
1017.74	42.491
1018.17	42.718
1018.59	42.992
1019.02	43.060
1019.45	43.195
1019.87	43.267
1020.30	43.493
1020.72	43.579
1021.15	43.586
1021.58	43.790
1022.00	43.977
1022.43	44.031
1022.85	44.165
1023.28	44.241
1023.70	44.415
1024.13	44.436
1024.55	44.489
1024.98	44.561
1025.41	44.653
1025.83	44.738
1026.26	44.855
1026.68	44.955
1027.11	45.174
1027.53	45.076
1027.96	45.009
1028.38	45.126
1028.81	45.232
1029.23	45.268
1029.66	45.323
1030.08	45.460
1030.51	45.696
1030.94	45.895
1031.36	45.843
1031.79	45.901
1032.21	45.966
1032.64	46.206
1033.06	46.154
1033.49	46.164
1033.91	46.347
1034.34	46.508
1034.76	46.592
1035.19	46.713
1035.61	46.722
1036.03	46.797
1036.46	46.799
1036.88	46.753
1037.31	46.786
1037.73	46.933
1038.16	46.978
1038.58	46.955
1039.01	47.052
1039.43	47.188
1039.86	47.210
1040.28	47.141
1040.71	47.392
1041.13	47.631
1041.55	47.337
1041.98	47.450
1042.40	47.465
1042.83	47.758
1043.25	47.667
1043.68	47.502
1044.10	47.604
1044.52	47.828
1044.95	47.769
1045.37	47.837
1045.80	47.995
1046.22	48.428
1046.65	48.395
1047.07	48.146
1047.49	48.258
1047.92	48.292
1048.34	48.133
1048.77	47.957
1049.19	47.758
1049.61	47.809
1050.04	47.725
1050.46	47.605
1050.89	47.815
1051.31	47.961
1051.73	48.109
1052.16	48.057
1052.58	47.848
1053.00	47.964
1053.43	47.979
1053.85	47.672
1054.27	47.656
1054.70	47.603
1055.12	47.610
1055.55	47.428
1055.97	47.218
1056.39	47.686
1056.82	47.721
1057.24	47.702
1057.66	47.617
1058.09	48.113
1058.51	48.355
1058.93	47.897
1059.36	47.753
1059.78	47.870
1060.20	47.834
1060.62	47.285
1061.05	47.034
1061.47	47.274
1061.89	47.390
1062.32	47.085
1062.74	46.915
1063.16	46.999
1063.59	47.270
1064.01	46.825
1064.43	46.727
1064.85	46.837
1065.28	47.071
1065.70	46.788
1066.12	45.925
1066.55	46.141
1066.97	45.967
1067.39	45.467
1067.81	45.314
1068.24	45.186
1068.66	45.327
1069.08	44.956
1069.50	44.213
1069.93	44.646
1070.35	44.727
1070.77	44.597
1071.19	44.064
1071.62	43.970
1072.04	44.520
1072.46	44.101
1072.88	43.719
1073.31	43.850
1073.73	44.069
1074.15	43.650
1074.57	42.762
1075.00	42.678
1075.42	42.992
1075.84	42.460
1076.26	41.500
1076.68	41.560
1077.11	42.232
1077.53	42.635
1077.95	42.505
1078.37	42.533
1078.79	42.575
1079.22	41.920
1079.64	40.984
1080.06	41.118
1080.48	41.036
1080.90	41.286
1081.32	40.497
1081.75	40.041
1082.17	40.319
1082.59	40.293
1083.01	39.359
1083.43	39.362
1083.85	39.284
1084.28	38.681
1084.70	37.793
1085.12	37.288
1085.54	38.321
1085.96	37.249
1086.38	35.116
1086.80	35.126
1087.23	35.261
1087.65	36.228
1088.07	35.301
1088.49	33.737
1088.91	34.226
1089.33	34.246
1089.75	32.422
1090.17	31.870
1090.60	31.101
1091.02	31.957
1091.44	30.299
1091.86	28.847
1092.28	29.564
1092.70	30.107
1093.12	29.092
1093.54	28.094
1093.96	27.712
1094.38	27.762
1094.81	26.059
1095.23	24.163
1095.65	23.537
1096.07	23.740
1096.49	21.538
1096.91	21.150
1097.33	20.339
1097.75	20.645
1098.17	19.654
1098.59	18.433
1099.01	19.182
1099.43	20.228
1099.85	18.434
1100.27	15.715
1100.69	14.814
1101.11	17.573
1101.53	16.516
1101.95	14.630
1102.38	23.994
1102.80	15.493
1103.22	9.666
1103.64	35.236
1104.06	105.526
1104.48	-56.526
1104.90	-16.687
1105.32	88.161
1105.74	18.779
1106.16	1.280
