188.40	-57.095
188.88	-216.449
189.35	137.604
189.83	759.130
190.30	-1523.529
190.78	-126.442
191.26	80.193
191.73	330.189
192.21	-1392.754
192.68	-113.931
193.16	-536.773
193.63	-655.956
194.11	-672.331
194.58	-611.334
195.06	-512.350
195.53	-312.163
196.01	-236.088
196.48	-218.704
196.96	-189.255
197.43	-156.262
197.91	-139.956
198.38	-128.062
198.86	-109.512
199.33	-87.324
199.81	-78.632
200.28	-71.572
200.76	-65.719
201.23	-59.066
201.71	-48.035
202.18	-44.625
202.66	-40.816
203.13	-37.787
203.61	-32.631
204.08	-27.882
204.55	-27.549
205.03	-23.842
205.50	-22.633
205.98	-24.603
206.45	-26.923
206.93	-25.652
207.40	-23.962
207.88	-21.210
208.35	-22.054
208.82	-23.038
209.30	-23.321
209.77	-21.115
210.25	-23.430
210.72	-24.699
211.20	-22.550
211.67	-20.516
212.14	-22.780
212.62	-24.135
213.09	-22.826
213.57	-20.157
214.04	-21.738
214.52	-22.982
214.99	-20.004
215.46	-18.369
215.94	-20.490
216.41	-21.406
216.89	-19.974
217.36	-16.603
217.83	-18.938
218.31	-20.189
218.78	-16.165
219.25	-13.203
219.73	-15.229
220.20	-16.817
220.68	-14.775
221.15	-14.050
221.62	-16.083
222.10	-16.805
222.57	-14.212
223.04	-11.336
223.52	-13.673
223.99	-16.920
224.47	-16.202
224.94	-16.330
225.41	-17.074
225.89	-18.231
226.36	-15.652
226.83	-15.039
227.31	-18.270
227.78	-19.114
228.25	-18.025
228.73	-18.248
229.20	-17.608
229.67	-20.118
230.15	-18.936
230.62	-15.962
231.09	-16.721
231.57	-18.761
232.04	-17.735
232.51	-15.158
232.98	-17.141
233.46	-18.845
233.93	-17.674
234.40	-14.161
234.88	-14.822
235.35	-18.362
235.82	-17.136
236.30	-14.038
236.77	-14.044
237.24	-17.369
237.71	-17.123
238.19	-14.411
238.66	-11.056
239.13	-15.325
239.61	-16.614
240.08	-14.394
240.55	-13.873
241.02	-13.847
241.50	-13.404
241.97	-11.627
242.44	-9.878
242.91	-10.811
243.39	-11.478
243.86	-9.267
244.33	-8.080
244.80	-9.040
245.28	-9.012
245.75	-6.522
246.22	-5.322
246.69	-5.487
247.17	-4.189
247.64	-2.113
248.11	-0.709
248.58	-3.220
249.05	-3.740
249.53	-1.046
250.00	0.548
250.47	-2.564
250.94	-8.109
251.42	-6.621
251.89	-4.534
252.36	-6.235
252.83	-7.591
253.30	-5.590
253.78	-3.423
254.25	-4.193
254.72	-6.482
255.19	-4.670
255.66	-3.792
256.13	-7.973
256.61	-9.281
257.08	-9.067
257.55	-9.223
258.02	-11.204
258.49	-13.659
258.97	-12.845
259.44	-11.266
259.91	-12.735
260.38	-13.442
260.85	-9.728
261.32	-9.048
261.79	-8.882
262.27	-12.792
262.74	-11.100
263.21	-7.875
263.68	-9.553
264.15	-14.542
264.62	-14.670
265.09	-14.069
265.57	-16.084
266.04	-18.105
266.51	-18.860
266.98	-18.311
267.45	-16.922
267.92	-19.503
268.39	-19.346
268.86	-16.296
269.34	-15.324
269.81	-18.101
270.28	-18.855
270.75	-15.591
271.22	-15.011
271.69	-17.813
272.16	-16.339
272.63	-14.378
273.10	-14.794
273.57	-15.185
274.05	-13.380
274.52	-9.555
274.99	-7.702
275.46	-6.797
275.93	-5.867
276.40	-4.727
276.87	-2.807
277.34	-4.150
277.81	-4.115
278.28	-3.001
278.75	-3.487
279.22	-5.893
279.69	-6.340
280.16	-3.680
280.63	-2.831
281.11	-4.557
281.58	-7.050
282.05	-6.927
282.52	-5.841
282.99	-8.311
283.46	-11.048
283.93	-8.890
284.40	-8.347
284.87	-9.067
285.34	-12.932
285.81	-11.475
286.28	-8.980
286.75	-8.643
287.22	-10.246
287.69	-8.629
288.16	-6.440
288.63	-6.086
289.10	-6.229
289.57	-4.465
290.04	-2.639
290.51	-4.189
290.98	-5.212
291.45	-3.443
291.92	-1.262
292.39	-2.493
292.86	-3.310
293.33	-0.637
293.80	0.444
294.27	0.327
294.74	-1.969
295.21	0.946
295.68	2.776
296.15	1.005
296.62	-3.657
297.09	-3.014
297.56	-1.989
298.03	-3.009
298.49	-4.628
298.96	-4.415
299.43	-2.392
299.90	-3.442
300.37	-4.396
300.84	-4.243
301.31	-1.967
301.78	-2.265
302.25	-4.641
302.72	-3.701
303.19	-3.255
303.66	-2.066
304.13	-4.589
304.60	-4.720
305.07	-3.811
305.53	-2.873
306.00	-2.518
306.47	-1.025
306.94	1.392
307.41	2.671
307.88	1.532
308.35	1.080
308.82	3.394
309.29	3.288
309.76	2.380
310.22	1.945
310.69	2.515
311.16	4.132
311.63	3.606
312.10	4.300
312.57	4.997
313.04	5.568
313.51	3.098
313.97	2.334
314.44	3.531
314.91	4.315
315.38	2.374
315.85	0.522
316.32	1.952
316.79	2.173
317.25	0.846
317.72	-0.461
318.19	0.382
318.66	0.748
319.13	0.359
319.60	-1.542
320.07	-0.262
320.53	1.872
321.00	0.184
321.47	-0.611
321.94	-0.130
322.41	0.341
322.87	0.168
323.34	-0.099
323.81	1.179
324.28	1.376
324.75	0.076
325.22	-0.616
325.68	0.259
326.15	2.007
326.62	1.651
327.09	0.248
327.56	1.170
328.02	2.277
328.49	1.466
328.96	0.098
329.43	0.557
329.89	1.846
330.36	2.001
330.83	0.427
331.30	-0.182
331.77	0.451
332.23	0.497
332.70	-1.079
333.17	-2.549
333.64	-1.687
334.10	-0.036
334.57	-0.018
335.04	-0.404
335.51	-0.189
335.97	-0.849
336.44	-1.503
336.91	-1.477
337.38	-0.012
337.84	-0.293
338.31	-0.596
338.78	-0.360
339.24	0.623
339.71	1.155
340.18	0.162
340.65	0.758
341.11	2.283
341.58	3.177
342.05	3.051
342.52	3.607
342.98	4.676
343.45	5.094
343.92	3.648
344.38	2.843
344.85	3.629
345.32	4.355
345.78	4.073
346.25	3.553
346.72	4.379
347.18	4.896
347.65	4.771
348.12	4.444
348.58	4.817
349.05	5.600
349.52	5.033
349.99	4.897
350.45	5.431
350.92	5.752
351.38	5.302
351.85	5.137
352.32	5.392
352.78	6.040
353.25	6.090
353.72	6.109
354.18	6.342
354.65	7.147
355.12	6.999
355.58	6.859
356.05	6.922
356.52	7.057
356.98	6.678
357.45	6.498
357.91	6.356
358.38	6.490
358.85	6.160
359.31	6.050
359.78	6.151
360.25	6.149
360.71	6.054
361.18	5.762
361.64	5.476
362.11	5.612
362.58	5.551
363.04	5.120
363.51	5.149
363.97	5.457
364.44	5.231
364.91	5.049
365.37	4.928
365.84	5.125
366.30	5.203
366.77	5.083
367.23	5.092
367.70	5.228
368.17	5.444
368.63	5.450
369.10	5.327
369.56	5.389
370.03	5.408
370.49	5.166
370.96	5.099
371.42	5.311
371.89	5.497
372.36	5.411
372.82	5.371
373.29	5.500
373.75	5.545
374.22	5.456
374.68	5.463
375.15	5.613
375.61	5.732
376.08	5.571
376.54	5.501
377.01	5.549
377.47	5.738
377.94	5.596
378.40	5.471
378.87	5.505
379.33	5.620
379.80	5.551
380.26	5.554
380.73	5.674
381.19	5.757
381.66	5.582
382.12	5.516
382.59	5.572
383.05	5.597
383.52	5.492
383.98	5.363
384.45	5.367
384.91	5.359
385.38	5.337
385.84	5.317
386.31	5.287
386.77	5.341
387.24	5.300
387.70	5.252
388.16	5.338
388.63	5.456
389.09	5.422
389.56	5.414
390.02	5.430
390.49	5.531
390.95	5.502
391.42	5.496
391.88	5.535
392.34	5.649
392.81	5.693
393.27	5.800
393.74	5.891
394.20	5.990
394.67	6.067
395.13	6.072
395.59	6.157
396.06	6.236
396.52	6.263
396.99	6.241
397.45	6.237
397.91	6.241
398.38	6.131
398.84	6.067
399.31	6.003
399.77	6.016
400.23	5.957
400.70	5.901
401.16	5.824
401.63	5.815
402.09	5.767
402.55	5.670
403.02	5.530
403.48	5.469
403.94	5.446
404.41	5.368
404.87	5.301
405.33	5.269
405.80	5.302
406.26	5.247
406.73	5.233
407.19	5.291
407.65	5.369
408.12	5.469
408.58	5.574
409.04	5.709
409.51	5.833
409.97	5.955
410.43	6.066
410.90	6.275
411.36	6.473
411.82	6.623
412.29	6.817
412.75	7.047
413.21	7.281
413.67	7.466
414.14	7.647
414.60	7.855
415.06	8.085
415.53	8.233
415.99	8.403
416.45	8.584
416.92	8.730
417.38	8.825
417.84	8.886
418.30	8.924
418.77	8.998
419.23	9.007
419.69	8.952
420.16	8.965
420.62	8.914
421.08	8.810
421.54	8.704
422.01	8.591
422.47	8.485
422.93	8.357
423.39	8.161
423.86	8.022
424.32	7.883
424.78	7.733
425.24	7.581
425.71	7.432
426.17	7.334
426.63	7.230
427.09	7.130
427.56	7.070
428.02	7.033
428.48	6.985
428.94	6.926
429.41	6.874
429.87	6.882
430.33	7.009
430.79	7.172
431.25	7.376
431.72	7.628
432.18	7.905
432.64	8.186
433.10	8.516
433.56	8.860
434.03	9.230
434.49	9.583
434.95	9.963
435.41	10.385
435.87	10.774
436.34	11.148
436.80	11.545
437.26	11.955
437.72	12.355
438.18	12.729
438.64	13.118
439.11	13.539
439.57	13.908
440.03	14.150
440.49	14.368
440.95	14.563
441.41	14.697
441.88	14.801
442.34	14.871
442.80	14.932
443.26	14.953
443.72	14.913
444.18	14.844
444.64	14.759
445.11	14.633
445.57	14.461
446.03	14.289
446.49	14.082
446.95	13.863
447.41	13.626
447.87	13.379
448.33	13.150
448.79	12.899
449.26	12.639
449.72	12.400
450.18	12.185
450.64	11.990
451.10	11.800
451.56	11.630
452.02	11.503
452.48	11.392
452.94	11.296
453.40	11.245
453.87	11.249
454.33	11.295
454.79	11.366
455.25	11.479
455.71	11.649
456.17	11.864
456.63	12.109
457.09	12.370
457.55	12.680
458.01	13.034
458.47	13.417
458.93	13.825
459.39	14.272
459.85	14.731
460.31	15.199
460.77	15.676
461.24	16.176
461.70	16.695
462.16	17.209
462.62	17.724
463.08	18.225
463.54	18.713
464.00	19.196
464.46	19.649
464.92	20.082
465.38	20.490
465.84	20.867
466.30	21.209
466.76	21.536
467.22	21.819
467.68	22.061
468.14	22.255
468.60	22.413
469.06	22.543
469.52	22.628
469.98	22.666
470.44	22.681
470.90	22.652
471.36	22.588
471.82	22.477
472.28	22.337
472.74	22.175
473.20	21.975
473.66	21.746
474.12	21.504
474.58	21.230
475.04	20.939
475.50	20.632
475.95	20.314
476.41	19.995
476.87	19.677
477.33	19.344
477.79	19.033
478.25	18.730
478.71	18.428
479.17	18.136
479.63	17.860
480.09	17.608
480.55	17.375
481.01	17.167
481.47	16.995
481.93	16.857
482.39	16.754
482.84	16.691
483.30	16.667
483.76	16.683
484.22	16.741
484.68	16.829
485.14	16.959
485.60	17.133
486.06	17.343
486.52	17.586
486.98	17.874
487.44	18.196
487.89	18.547
488.35	18.928
488.81	19.336
489.27	19.777
489.73	20.242
490.19	20.731
490.65	21.234
491.11	21.756
491.56	22.288
492.02	22.820
492.48	23.357
492.94	23.895
493.40	24.432
493.86	24.961
494.32	25.483
494.77	25.995
495.23	26.484
495.69	26.957
496.15	27.404
496.61	27.833
497.07	28.240
497.52	28.626
497.98	28.987
498.44	29.323
498.90	29.630
499.36	29.903
499.82	30.132
500.27	30.324
500.73	30.486
501.19	30.617
501.65	30.713
502.11	30.774
502.56	30.802
503.02	30.789
503.48	30.748
503.94	30.675
504.40	30.576
504.85	30.452
505.31	30.296
505.77	30.116
506.23	29.907
506.69	29.674
507.14	29.412
507.60	29.134
508.06	28.834
508.52	28.514
508.97	28.177
509.43	27.836
509.89	27.484
510.35	27.132
510.80	26.767
511.26	26.410
511.72	26.054
512.18	25.701
512.63	25.351
513.09	25.010
513.55	24.681
514.01	24.363
514.46	24.061
514.92	23.781
515.38	23.528
515.84	23.300
516.29	23.094
516.75	22.913
517.21	22.762
517.66	22.640
518.12	22.548
518.58	22.494
519.04	22.472
519.49	22.492
519.95	22.539
520.41	22.620
520.86	22.730
521.32	22.877
521.78	23.059
522.23	23.273
522.69	23.522
523.15	23.807
523.61	24.123
524.06	24.459
524.52	24.824
524.98	25.211
525.43	25.620
525.89	26.040
526.35	26.483
526.80	26.940
527.26	27.412
527.72	27.896
528.17	28.386
528.63	28.883
529.09	29.382
529.54	29.880
530.00	30.384
530.45	30.889
530.91	31.384
531.37	31.863
531.82	32.339
532.28	32.807
532.74	33.256
533.19	33.684
533.65	34.090
534.10	34.475
534.56	34.830
535.02	35.156
535.47	35.469
535.93	35.765
536.39	36.035
536.84	36.275
537.30	36.496
537.75	36.691
538.21	36.848
538.67	36.980
539.12	37.087
539.58	37.166
540.03	37.216
540.49	37.245
540.94	37.256
541.40	37.232
541.86	37.177
542.31	37.094
542.77	36.987
543.22	36.867
543.68	36.732
544.13	36.577
544.59	36.412
545.05	36.220
545.50	36.003
545.96	35.764
546.41	35.513
546.87	35.245
547.32	34.961
547.78	34.672
548.23	34.365
548.69	34.046
549.14	33.719
549.60	33.382
550.06	33.036
550.51	32.686
550.97	32.337
551.42	31.981
551.88	31.624
552.33	31.271
552.79	30.929
553.24	30.583
553.70	30.251
554.15	29.926
554.61	29.617
555.06	29.317
555.52	29.028
555.97	28.759
556.43	28.512
556.88	28.284
557.34	28.079
557.79	27.896
558.25	27.743
558.70	27.611
559.15	27.502
559.61	27.425
560.06	27.371
560.52	27.346
560.97	27.355
561.43	27.401
561.88	27.476
562.34	27.573
562.79	27.699
563.25	27.856
563.70	28.035
564.16	28.244
564.61	28.480
565.06	28.746
565.52	29.033
565.97	29.340
566.43	29.669
566.88	30.020
567.34	30.397
567.79	30.786
568.24	31.191
568.70	31.620
569.15	32.056
569.61	32.506
570.06	32.958
570.51	33.418
570.97	33.890
571.42	34.364
571.88	34.847
572.33	35.329
572.78	35.805
573.24	36.288
573.69	36.755
574.15	37.225
574.60	37.688
575.05	38.146
575.51	38.596
575.96	39.042
576.42	39.482
576.87	39.912
577.32	40.331
577.78	40.728
578.23	41.113
578.68	41.479
579.14	41.834
579.59	42.170
580.04	42.487
580.50	42.781
580.95	43.054
581.40	43.306
581.86	43.547
582.31	43.771
582.76	43.981
583.22	44.175
583.67	44.342
584.12	44.494
584.58	44.614
585.03	44.709
585.48	44.777
585.94	44.819
586.39	44.825
586.84	44.821
587.30	44.806
587.75	44.769
588.20	44.716
588.66	44.640
589.11	44.543
589.56	44.433
590.01	44.298
590.47	44.137
590.92	43.965
591.37	43.775
591.83	43.562
592.28	43.324
592.73	43.070
593.18	42.806
593.64	42.522
594.09	42.225
594.54	41.931
594.99	41.629
595.45	41.310
595.90	40.983
596.35	40.645
596.80	40.297
597.26	39.933
597.71	39.566
598.16	39.193
598.61	38.826
599.07	38.451
599.52	38.073
599.97	37.705
600.42	37.330
600.88	36.952
601.33	36.579
601.78	36.217
602.23	35.854
602.69	35.498
603.14	35.144
603.59	34.807
604.04	34.470
604.49	34.138
604.95	33.818
605.40	33.522
605.85	33.239
606.30	32.969
606.75	32.722
607.21	32.488
607.66	32.279
608.11	32.086
608.56	31.911
609.01	31.758
609.46	31.628
609.92	31.520
610.37	31.430
610.82	31.364
611.27	31.327
611.72	31.316
612.17	31.324
612.63	31.357
613.08	31.408
613.53	31.484
613.98	31.592
614.43	31.718
614.88	31.864
615.34	32.027
615.79	32.207
616.24	32.407
616.69	32.626
617.14	32.856
617.59	33.101
618.04	33.365
618.49	33.648
618.95	33.938
619.40	34.246
619.85	34.573
620.30	34.910
620.75	35.245
621.20	35.593
621.65	35.954
622.10	36.326
622.55	36.710
623.00	37.099
623.46	37.485
623.91	37.870
624.36	38.263
624.81	38.659
625.26	39.056
625.71	39.452
626.16	39.859
626.61	40.260
627.06	40.656
627.51	41.053
627.96	41.448
628.41	41.835
628.86	42.205
629.32	42.566
629.77	42.926
630.22	43.281
630.67	43.624
631.12	43.960
631.57	44.296
632.02	44.612
632.47	44.910
632.92	45.209
633.37	45.517
633.82	45.795
634.27	46.051
634.72	46.306
635.17	46.541
635.62	46.746
636.07	46.940
636.52	47.110
636.97	47.271
637.42	47.418
637.87	47.548
638.32	47.669
638.77	47.788
639.22	47.893
639.67	47.976
640.12	48.046
640.57	48.096
641.02	48.119
641.47	48.130
641.92	48.135
642.37	48.115
642.82	48.065
643.27	48.006
643.72	47.937
644.17	47.843
644.62	47.746
645.07	47.638
645.52	47.525
645.97	47.414
646.42	47.280
646.87	47.135
647.32	47.002
647.77	46.859
648.22	46.685
648.66	46.493
649.11	46.284
649.56	46.059
650.01	45.831
650.46	45.597
650.91	45.359
651.36	45.104
651.81	44.836
652.26	44.570
652.71	44.290
653.16	44.006
653.61	43.722
654.06	43.426
654.50	43.119
654.95	42.799
655.40	42.467
655.85	42.135
656.30	41.797
656.75	41.441
657.20	41.084
657.65	40.736
658.10	40.377
658.55	40.035
658.99	39.703
659.44	39.372
659.89	39.039
660.34	38.699
660.79	38.360
661.24	38.039
661.69	37.717
662.13	37.408
662.58	37.096
663.03	36.789
663.48	36.490
663.93	36.204
664.38	35.931
664.83	35.676
665.27	35.419
665.72	35.166
666.17	34.923
666.62	34.689
667.07	34.465
667.52	34.260
667.96	34.056
668.41	33.862
668.86	33.681
669.31	33.511
669.76	33.365
670.21	33.240
670.65	33.127
671.10	33.024
671.55	32.932
672.00	32.861
672.45	32.803
672.89	32.757
673.34	32.723
673.79	32.701
674.24	32.688
674.68	32.690
675.13	32.715
675.58	32.757
676.03	32.809
676.48	32.867
676.92	32.937
677.37	33.031
677.82	33.137
678.27	33.248
678.71	33.371
679.16	33.507
679.61	33.652
680.06	33.802
680.50	33.966
680.95	34.163
681.40	34.362
681.85	34.564
682.29	34.778
682.74	35.015
683.19	35.253
683.64	35.493
684.08	35.760
684.53	36.034
684.98	36.314
685.43	36.612
685.87	36.913
686.32	37.213
686.77	37.501
687.21	37.785
687.66	38.089
688.11	38.411
688.55	38.721
689.00	39.028
689.45	39.361
689.90	39.699
690.34	40.013
690.79	40.324
691.24	40.647
691.68	40.974
692.13	41.278
692.58	41.568
693.02	41.874
693.47	42.166
693.92	42.442
694.36	42.711
694.81	42.981
695.26	43.254
695.70	43.521
696.15	43.798
696.60	44.079
697.04	44.344
697.49	44.589
697.94	44.818
698.38	45.055
698.83	45.275
699.27	45.486
699.72	45.679
700.17	45.880
700.61	46.075
701.06	46.259
701.51	46.441
701.95	46.629
702.40	46.809
702.84	46.983
703.29	47.160
703.74	47.317
704.18	47.460
704.63	47.595
705.07	47.725
705.52	47.840
705.97	47.940
706.41	48.027
706.86	48.090
707.30	48.165
707.75	48.245
708.20	48.307
708.64	48.347
709.09	48.378
709.53	48.405
709.98	48.424
710.42	48.421
710.87	48.394
711.32	48.368
711.76	48.321
712.21	48.269
712.65	48.197
713.10	48.136
713.54	48.068
713.99	47.989
714.43	47.903
714.88	47.794
715.33	47.669
715.77	47.551
716.22	47.448
716.66	47.325
717.11	47.179
717.55	47.033
718.00	46.884
718.44	46.735
718.89	46.556
719.33	46.388
719.78	46.225
720.22	46.059
720.67	45.883
721.11	45.704
721.56	45.520
722.00	45.322
722.45	45.111
722.89	44.894
723.34	44.671
723.78	44.463
724.23	44.261
724.67	44.048
725.12	43.817
725.56	43.572
726.01	43.333
726.45	43.081
726.90	42.810
727.34	42.541
727.78	42.283
728.23	42.034
728.67	41.758
729.12	41.478
729.56	41.219
730.01	40.951
730.45	40.666
730.90	40.361
731.34	40.088
731.79	39.819
732.23	39.535
732.67	39.245
733.12	38.944
733.56	38.669
734.01	38.407
734.45	38.137
734.89	37.884
735.34	37.649
735.78	37.415
736.23	37.182
736.67	36.946
737.12	36.709
737.56	36.474
738.00	36.239
738.45	36.018
738.89	35.800
739.34	35.601
739.78	35.432
740.22	35.263
740.67	35.084
741.11	34.899
741.55	34.737
742.00	34.587
742.44	34.443
742.89	34.286
743.33	34.142
743.77	34.024
744.22	33.913
744.66	33.782
745.10	33.663
745.55	33.551
745.99	33.466
746.43	33.392
746.88	33.318
747.32	33.252
747.76	33.197
748.21	33.165
748.65	33.122
749.09	33.069
749.54	33.027
749.98	33.007
750.42	33.012
750.87	33.008
751.31	33.000
751.75	33.015
752.20	33.053
752.64	33.104
753.08	33.145
753.53	33.181
753.97	33.248
754.41	33.325
754.85	33.420
755.30	33.514
755.74	33.610
756.18	33.733
756.63	33.879
757.07	34.028
757.51	34.145
757.95	34.288
758.40	34.456
758.84	34.636
759.28	34.807
759.72	34.967
760.17	35.152
760.61	35.363
761.05	35.565
761.50	35.760
761.94	35.944
762.38	36.141
762.82	36.358
763.26	36.574
763.71	36.791
764.15	37.002
764.59	37.202
765.03	37.405
765.48	37.617
765.92	37.814
766.36	38.002
766.80	38.221
767.25	38.447
767.69	38.667
768.13	38.896
768.57	39.141
769.01	39.394
769.46	39.632
769.90	39.861
770.34	40.085
770.78	40.306
771.22	40.561
771.67	40.829
772.11	41.097
772.55	41.350
772.99	41.584
773.43	41.817
773.87	42.081
774.32	42.351
774.76	42.609
775.20	42.846
775.64	43.093
776.08	43.353
776.52	43.593
776.97	43.821
777.41	44.035
777.85	44.238
778.29	44.457
778.73	44.692
779.17	44.930
779.62	45.147
780.06	45.371
780.50	45.578
780.94	45.770
781.38	45.946
781.82	46.126
782.26	46.318
782.70	46.510
783.15	46.696
783.59	46.869
784.03	47.012
784.47	47.167
784.91	47.306
785.35	47.432
785.79	47.565
786.23	47.703
786.67	47.834
787.11	47.973
787.56	48.093
788.00	48.195
788.44	48.288
788.88	48.403
789.32	48.503
789.76	48.589
790.20	48.677
790.64	48.777
791.08	48.879
791.52	48.953
791.96	49.001
792.40	49.041
792.84	49.094
793.28	49.175
793.73	49.246
794.17	49.304
794.61	49.350
795.05	49.389
795.49	49.417
795.93	49.433
796.37	49.422
796.81	49.419
797.25	49.428
797.69	49.419
798.13	49.390
798.57	49.359
799.01	49.323
799.45	49.262
799.89	49.176
800.33	49.086
800.77	49.023
801.21	48.984
801.65	48.913
802.09	48.830
802.53	48.723
802.97	48.618
803.41	48.524
803.85	48.432
804.29	48.340
804.73	48.258
805.17	48.154
805.61	48.035
806.05	47.903
806.49	47.731
806.93	47.601
807.37	47.477
807.81	47.359
808.25	47.232
808.69	47.095
809.13	46.957
809.57	46.804
810.01	46.643
810.44	46.469
810.88	46.292
811.32	46.116
811.76	45.947
812.20	45.782
812.64	45.603
813.08	45.415
813.52	45.203
813.96	44.975
814.40	44.781
814.84	44.611
815.28	44.432
815.72	44.267
816.16	44.069
816.59	43.878
817.03	43.674
817.47	43.486
817.91	43.312
818.35	43.133
818.79	42.965
819.23	42.782
819.67	42.597
820.11	42.419
820.54	42.214
820.98	42.006
821.42	41.800
821.86	41.588
822.30	41.382
822.74	41.193
823.18	40.997
823.62	40.785
824.05	40.561
824.49	40.360
824.93	40.163
825.37	39.964
825.81	39.761
826.25	39.558
826.69	39.322
827.12	39.073
827.56	38.833
828.00	38.612
828.44	38.400
828.88	38.191
829.32	37.979
829.75	37.792
830.19	37.605
830.63	37.404
831.07	37.219
831.51	37.029
831.94	36.829
832.38	36.635
832.82	36.448
833.26	36.282
833.70	36.123
834.13	35.959
834.57	35.801
835.01	35.646
835.45	35.502
835.89	35.377
836.32	35.258
836.76	35.133
837.20	34.992
837.64	34.863
838.08	34.749
838.51	34.667
838.95	34.579
839.39	34.494
839.83	34.419
840.26	34.351
840.70	34.300
841.14	34.247
841.58	34.208
842.01	34.175
842.45	34.142
842.89	34.096
843.33	34.038
843.76	33.994
844.20	33.961
844.64	33.929
845.08	33.905
845.51	33.887
845.95	33.883
846.39	33.884
846.82	33.875
847.26	33.866
847.70	33.840
848.14	33.828
848.57	33.818
849.01	33.821
849.45	33.814
849.88	33.798
850.32	33.803
850.76	33.830
851.19	33.877
851.63	33.919
852.07	33.965
852.50	34.040
852.94	34.102
853.38	34.149
853.81	34.197
854.25	34.260
854.69	34.352
855.12	34.458
855.56	34.543
856.00	34.651
856.43	34.774
856.87	34.895
857.31	35.014
857.74	35.157
858.18	35.289
858.62	35.427
859.05	35.565
859.49	35.698
859.93	35.814
860.36	35.944
860.80	36.074
861.24	36.205
861.67	36.332
862.11	36.456
862.54	36.594
862.98	36.751
863.42	36.916
863.85	37.080
864.29	37.232
864.72	37.412
865.16	37.583
865.60	37.747
866.03	37.906
866.47	38.069
866.90	38.216
867.34	38.398
867.78	38.601
868.21	38.816
868.65	39.051
869.08	39.284
869.52	39.490
869.95	39.669
870.39	39.855
870.83	40.060
871.26	40.286
871.70	40.517
872.13	40.751
872.57	40.976
873.00	41.182
873.44	41.375
873.87	41.570
874.31	41.769
874.75	41.963
875.18	42.158
875.62	42.343
876.05	42.550
876.49	42.756
876.92	42.976
877.36	43.208
877.79	43.414
878.23	43.601
878.66	43.786
879.10	44.022
879.53	44.256
879.97	44.466
880.40	44.653
880.84	44.852
881.27	45.032
881.71	45.197
882.14	45.358
882.58	45.532
883.01	45.711
883.45	45.891
883.88	46.059
884.32	46.224
884.75	46.427
885.19	46.604
885.62	46.768
886.06	46.945
886.49	47.115
886.92	47.279
887.36	47.475
887.79	47.648
888.23	47.801
888.66	47.952
889.10	48.086
889.53	48.224
889.97	48.351
890.40	48.490
890.83	48.615
891.27	48.730
891.70	48.885
892.14	49.032
892.57	49.174
893.01	49.359
893.44	49.543
893.87	49.696
894.31	49.868
894.74	49.998
895.18	50.104
895.61	50.193
896.04	50.269
896.48	50.307
896.91	50.377
897.35	50.434
897.78	50.478
898.21	50.524
898.65	50.611
899.08	50.693
899.52	50.758
899.95	50.830
900.38	50.930
900.82	51.023
901.25	51.113
901.68	51.193
902.12	51.242
902.55	51.317
902.99	51.406
903.42	51.447
903.85	51.524
904.29	51.583
904.72	51.628
905.15	51.658
905.59	51.712
906.02	51.774
906.45	51.840
906.89	51.891
907.32	51.971
907.75	52.041
908.19	52.060
908.62	52.065
909.05	52.067
909.49	52.051
909.92	52.007
910.35	51.931
910.78	51.830
911.22	51.742
911.65	51.638
912.08	51.513
912.52	51.439
912.95	51.374
913.38	51.293
913.82	51.197
914.25	51.129
914.68	51.077
915.11	51.010
915.55	50.932
915.98	50.878
916.41	50.792
916.84	50.690
917.28	50.595
917.71	50.506
918.14	50.457
918.58	50.391
919.01	50.278
919.44	50.189
919.87	50.148
920.31	50.110
920.74	50.034
921.17	49.914
921.60	49.810
922.03	49.691
922.47	49.561
922.90	49.426
923.33	49.298
923.76	49.170
924.20	49.016
924.63	48.878
925.06	48.728
925.49	48.557
925.92	48.379
926.36	48.247
926.79	48.112
927.22	47.962
927.65	47.812
928.08	47.691
928.52	47.575
928.95	47.411
929.38	47.237
929.81	47.075
930.24	46.977
930.68	46.849
931.11	46.691
931.54	46.524
931.97	46.397
932.40	46.296
932.83	46.171
933.27	46.041
933.70	45.870
934.13	45.741
934.56	45.621
934.99	45.471
935.42	45.302
935.85	45.129
936.29	44.943
936.72	44.749
937.15	44.585
937.58	44.424
938.01	44.273
938.44	44.091
938.87	43.928
939.31	43.758
939.74	43.576
940.17	43.375
940.60	43.192
941.03	43.034
941.46	42.825
941.89	42.579
942.32	42.395
942.75	42.241
943.18	42.042
943.62	41.832
944.05	41.609
944.48	41.409
944.91	41.222
945.34	41.017
945.77	40.819
946.20	40.623
946.63	40.428
947.06	40.211
947.49	39.993
947.92	39.795
948.35	39.608
948.78	39.389
949.22	39.191
949.65	38.992
950.08	38.778
950.51	38.558
950.94	38.362
951.37	38.161
951.80	37.983
952.23	37.806
952.66	37.641
953.09	37.548
953.52	37.425
953.95	37.271
954.38	37.141
954.81	37.022
955.24	36.935
955.67	36.805
956.10	36.658
956.53	36.561
956.96	36.486
957.39	36.335
957.82	36.200
958.25	36.121
958.68	36.033
959.11	35.924
959.54	35.792
959.97	35.708
960.40	35.644
960.83	35.530
961.26	35.388
961.69	35.273
962.12	35.119
962.55	34.979
962.98	34.845
963.41	34.705
963.84	34.650
964.27	34.495
964.70	34.344
965.13	34.242
965.56	34.146
965.99	34.049
966.42	33.937
966.84	33.857
967.27	33.780
967.70	33.721
968.13	33.651
968.56	33.631
968.99	33.609
969.42	33.547
969.85	33.466
970.28	33.380
970.71	33.370
971.14	33.359
971.57	33.288
972.00	33.260
972.42	33.261
972.85	33.209
973.28	33.130
973.71	33.070
974.14	33.058
974.57	33.067
975.00	32.983
975.43	32.950
975.86	32.988
976.28	33.008
976.71	32.927
977.14	32.876
977.57	32.874
978.00	32.850
978.43	32.827
978.86	32.796
979.29	32.838
979.71	32.864
980.14	32.810
980.57	32.813
981.00	32.795
981.43	32.821
981.86	32.796
982.28	32.805
982.71	32.876
983.14	32.952
983.57	32.920
984.00	32.912
984.43	32.956
984.85	33.013
985.28	33.078
985.71	33.181
986.14	33.208
986.57	33.275
986.99	33.291
987.42	33.222
987.85	33.258
988.28	33.385
988.71	33.411
989.13	33.469
989.56	33.564
989.99	33.778
990.42	33.884
990.85	34.009
991.27	34.122
991.70	34.249
992.13	34.303
992.56	34.328
992.98	34.424
993.41	34.586
993.84	34.677
994.27	34.628
994.70	34.683
995.12	34.807
995.55	34.858
995.98	34.953
996.41	35.082
996.83	35.291
997.26	35.386
997.69	35.454
998.11	35.537
998.54	35.640
998.97	35.756
999.40	35.761
999.82	35.857
1000.25	36.066
1000.68	36.216
1001.11	36.297
1001.53	36.433
1001.96	36.628
1002.39	36.815
1002.81	36.812
1003.24	36.879
1003.67	37.097
1004.09	37.270
1004.52	37.397
1004.95	37.474
1005.38	37.718
1005.80	37.920
1006.23	37.982
1006.66	38.040
1007.08	38.297
1007.51	38.522
1007.94	38.685
1008.36	38.773
1008.79	38.848
1009.22	39.015
1009.64	39.004
1010.07	39.083
1010.50	39.236
1010.92	39.390
1011.35	39.400
1011.77	39.502
1012.20	39.601
1012.63	39.719
1013.05	39.826
1013.48	39.825
1013.91	39.965
1014.33	40.054
1014.76	40.090
1015.19	40.103
1015.61	40.192
1016.04	40.391
1016.46	40.414
1016.89	40.295
1017.32	40.523
1017.74	40.682
1018.17	40.732
1018.59	40.779
1019.02	40.938
1019.45	41.137
1019.87	41.113
1020.30	41.114
1020.72	41.201
1021.15	41.425
1021.58	41.546
1022.00	41.589
1022.43	41.726
1022.85	41.960
1023.28	41.987
1023.70	41.958
1024.13	42.057
1024.55	42.248
1024.98	42.154
1025.41	42.052
1025.83	42.038
1026.26	42.157
1026.68	42.273
1027.11	42.144
1027.53	42.187
1027.96	42.236
1028.38	42.443
1028.81	42.482
1029.23	42.572
1029.66	42.864
1030.08	43.013
1030.51	42.983
1030.94	43.082
1031.36	43.148
1031.79	43.156
1032.21	43.188
1032.64	43.124
1033.06	43.234
1033.49	43.361
1033.91	43.260
1034.34	43.249
1034.76	43.306
1035.19	43.373
1035.61	43.167
1036.03	43.150
1036.46	43.258
1036.88	43.316
1037.31	43.042
1037.73	42.996
1038.16	43.156
1038.58	43.079
1039.01	42.928
1039.43	42.846
1039.86	42.910
1040.28	43.083
1040.71	43.104
1041.13	42.942
1041.55	43.109
1041.98	43.470
1042.40	43.344
1042.83	43.279
1043.25	43.387
1043.68	43.661
1044.10	43.603
1044.52	43.627
1044.95	43.733
1045.37	44.124
1045.80	44.101
1046.22	44.055
1046.65	44.069
1047.07	44.080
1047.49	44.313
1047.92	44.208
1048.34	44.074
1048.77	44.053
1049.19	43.769
1049.61	43.345
1050.04	43.400
1050.46	43.360
1050.89	42.975
1051.31	42.769
1051.73	42.767
1052.16	43.171
1052.58	43.047
1053.00	42.755
1053.43	42.588
1053.85	42.660
1054.27	42.401
1054.70	42.231
1055.12	41.934
1055.55	41.944
1055.97	41.865
1056.39	41.326
1056.82	41.424
1057.24	41.374
1057.66	41.445
1058.09	41.292
1058.51	41.104
1058.93	41.088
1059.36	41.199
1059.78	40.845
1060.20	40.648
1060.62	40.865
1061.05	40.805
1061.47	40.509
1061.89	39.850
1062.32	39.958
1062.74	39.759
1063.16	39.249
1063.59	38.765
1064.01	38.869
1064.43	38.911
1064.85	38.461
1065.28	37.990
1065.70	37.748
1066.12	37.760
1066.55	37.339
1066.97	36.816
1067.39	36.737
1067.81	36.886
1068.24	36.199
1068.66	35.818
1069.08	35.566
1069.50	35.518
1069.93	34.944
1070.35	34.420
1070.77	34.041
1071.19	34.112
1071.62	33.598
1072.04	33.120
1072.46	32.963
1072.88	32.564
1073.31	32.098
1073.73	31.296
1074.15	30.770
1074.57	30.992
1075.00	30.988
1075.42	30.200
1075.84	29.489
1076.26	29.139
1076.68	29.011
1077.11	28.529
1077.53	28.211
1077.95	28.344
1078.37	26.967
1078.79	25.892
1079.22	24.915
1079.64	25.839
1080.06	25.232
1080.48	23.736
1080.90	22.790
1081.32	23.047
1081.75	23.019
1082.17	22.350
1082.59	21.389
1083.01	21.564
1083.43	20.845
1083.85	18.686
1084.28	17.477
1084.70	17.856
1085.12	17.596
1085.54	16.188
1085.96	13.705
1086.38	12.622
1086.80	13.315
1087.23	12.402
1087.65	10.723
1088.07	11.295
1088.49	10.544
1088.91	9.375
1089.33	9.367
1089.75	8.386
1090.17	7.326
1090.60	4.602
1091.02	2.050
1091.44	2.286
1091.86	2.269
1092.28	0.400
1092.70	-1.450
1093.12	-2.228
1093.54	-2.432
1093.96	-4.678
1094.38	-8.916
1094.81	-9.697
1095.23	-9.564
1095.65	-12.616
1096.07	-14.448
1096.49	-15.618
1096.91	-16.837
1097.33	-19.216
1097.75	-24.109
1098.17	-26.041
1098.59	-24.987
1099.01	-25.752
1099.43	-28.132
1099.85	-30.703
1100.27	-32.997
1100.69	-34.788
1101.11	-38.179
1101.53	-38.195
1101.95	-39.403
1102.38	-44.847
1102.80	-34.315
1103.22	0.291
1103.64	-80.375
1104.06	-150.089
1104.48	-54.471
1104.90	-13.620
1105.32	-69.310
1105.74	-45.634
1106.16	-67.200
