188.40	-153.589
188.88	-78.068
189.35	275.766
189.83	1039.130
190.30	-931.373
190.78	-181.731
191.26	-220.290
191.73	1139.623
192.21	-795.652
192.68	-65.840
193.16	-675.168
193.63	-768.144
194.11	-838.051
194.58	-784.661
195.06	-633.146
195.53	-402.418
196.01	-324.379
196.48	-290.435
196.96	-233.765
197.43	-193.671
197.91	-178.342
198.38	-163.084
198.86	-130.184
199.33	-105.236
199.81	-102.073
200.28	-102.516
200.76	-90.505
201.23	-78.401
201.71	-69.910
202.18	-67.635
202.66	-60.087
203.13	-53.802
203.61	-50.459
204.08	-47.236
204.55	-43.130
205.03	-38.013
205.50	-39.070
205.98	-40.498
206.45	-38.883
206.93	-38.869
207.40	-37.893
207.88	-37.336
208.35	-36.929
208.82	-38.700
209.30	-40.461
209.77	-40.928
210.25	-39.805
210.72	-38.429
211.20	-39.683
211.67	-39.112
212.14	-38.887
212.62	-37.205
213.09	-36.881
213.57	-36.631
214.04	-34.311
214.52	-32.240
214.99	-31.028
215.46	-31.746
215.94	-32.172
216.41	-29.662
216.89	-26.628
217.36	-29.113
217.83	-30.443
218.31	-28.238
218.78	-27.560
219.25	-27.318
219.73	-27.555
220.20	-26.050
220.68	-24.098
221.15	-24.647
221.62	-24.833
222.10	-23.933
222.57	-23.706
223.04	-22.559
223.52	-24.954
223.99	-26.348
224.47	-26.042
224.94	-29.372
225.41	-28.690
225.89	-28.594
226.36	-28.626
226.83	-28.989
227.31	-30.083
227.78	-29.897
228.25	-30.440
228.73	-29.950
229.20	-29.082
229.67	-29.647
230.15	-28.254
230.62	-29.520
231.09	-31.948
231.57	-32.201
232.04	-30.830
232.51	-31.990
232.98	-33.570
233.46	-31.525
233.93	-28.137
234.40	-28.022
234.88	-27.622
235.35	-28.939
235.82	-28.390
236.30	-29.156
236.77	-32.214
237.24	-33.887
237.71	-30.489
238.19	-29.283
238.66	-31.913
239.13	-32.873
239.61	-33.758
240.08	-35.142
240.55	-33.529
241.02	-31.409
241.50	-29.956
241.97	-29.210
242.44	-29.915
242.91	-29.974
243.39	-31.072
243.86	-32.207
244.33	-33.145
244.80	-33.973
245.28	-32.776
245.75	-30.100
246.22	-31.138
246.69	-28.454
247.17	-25.970
247.64	-27.177
248.11	-28.468
248.58	-26.562
249.05	-26.186
249.53	-24.182
250.00	-25.331
250.47	-27.611
250.94	-29.298
251.42	-29.108
251.89	-28.662
252.36	-28.499
252.83	-27.791
253.30	-24.893
253.78	-25.671
254.25	-25.574
254.72	-23.552
255.19	-22.220
255.66	-23.235
256.13	-23.698
256.61	-23.324
257.08	-22.894
257.55	-25.105
258.02	-25.405
258.49	-28.369
258.97	-28.540
259.44	-28.620
259.91	-28.318
260.38	-26.700
260.85	-24.668
261.32	-26.678
261.79	-28.534
262.27	-29.459
262.74	-28.338
263.21	-28.213
263.68	-31.082
264.15	-31.977
264.62	-33.139
265.09	-35.206
265.57	-37.567
266.04	-38.030
266.51	-39.577
266.98	-40.493
267.45	-38.762
267.92	-38.949
268.39	-36.909
268.86	-37.272
269.34	-35.770
269.81	-36.253
270.28	-37.057
270.75	-35.503
271.22	-35.067
271.69	-32.885
272.16	-30.728
272.63	-30.604
273.10	-31.507
273.57	-30.897
274.05	-30.541
274.52	-28.576
274.99	-28.132
275.46	-27.014
275.93	-25.708
276.40	-24.149
276.87	-23.256
277.34	-23.968
277.81	-23.511
278.28	-22.106
278.75	-23.243
279.22	-23.627
279.69	-23.842
280.16	-23.072
280.63	-23.570
281.11	-24.265
281.58	-26.342
282.05	-25.910
282.52	-27.790
282.99	-28.848
283.46	-27.724
283.93	-26.032
284.40	-28.085
284.87	-27.864
285.34	-27.382
285.81	-29.011
286.28	-30.277
286.75	-28.291
287.22	-28.095
287.69	-27.977
288.16	-27.814
288.63	-27.206
289.10	-26.986
289.57	-25.628
290.04	-25.424
290.51	-25.144
290.98	-23.778
291.45	-22.248
291.92	-23.139
292.39	-21.345
292.86	-20.914
293.33	-20.525
293.80	-21.564
294.27	-20.526
294.74	-20.887
295.21	-18.827
295.68	-17.052
296.15	-18.117
296.62	-20.355
297.09	-20.150
297.56	-20.318
298.03	-19.058
298.49	-18.375
298.96	-18.126
299.43	-16.622
299.90	-17.297
300.37	-16.237
300.84	-17.208
301.31	-17.118
301.78	-17.384
302.25	-17.957
302.72	-17.213
303.19	-16.685
303.66	-15.622
304.13	-14.593
304.60	-13.822
305.07	-15.303
305.53	-13.833
306.00	-13.569
306.47	-12.659
306.94	-11.571
307.41	-10.912
307.88	-11.812
308.35	-11.539
308.82	-10.812
309.29	-11.840
309.76	-11.091
310.22	-11.722
310.69	-11.144
311.16	-11.658
311.63	-10.376
312.10	-10.560
312.57	-10.614
313.04	-11.449
313.51	-11.663
313.97	-11.762
314.44	-11.834
314.91	-11.569
315.38	-12.749
315.85	-11.636
316.32	-10.155
316.79	-9.515
317.25	-9.539
317.72	-9.959
318.19	-9.364
318.66	-10.170
319.13	-9.732
319.60	-10.566
320.07	-10.230
320.53	-9.720
321.00	-9.303
321.47	-8.670
321.94	-8.973
322.41	-8.758
322.87	-7.653
323.34	-6.849
323.81	-6.861
324.28	-6.428
324.75	-6.425
325.22	-5.296
325.68	-5.604
326.15	-6.437
326.62	-6.643
327.09	-6.443
327.56	-6.598
328.02	-6.473
328.49	-7.530
328.96	-6.698
329.43	-6.297
329.89	-6.699
330.36	-6.886
330.83	-7.239
331.30	-8.209
331.77	-7.524
332.23	-7.361
332.70	-7.883
333.17	-8.988
333.64	-9.953
334.10	-9.974
334.57	-9.581
335.04	-10.292
335.51	-10.387
335.97	-10.112
336.44	-10.693
336.91	-11.177
337.38	-10.950
337.84	-10.813
338.31	-9.461
338.78	-9.617
339.24	-9.111
339.71	-8.201
340.18	-6.781
340.65	-6.062
341.11	-5.392
341.58	-5.254
342.05	-4.579
342.52	-4.070
342.98	-3.198
343.45	-2.515
343.92	-2.104
344.38	-1.999
344.85	-1.382
345.32	-0.720
345.78	-0.329
346.25	0.593
346.72	0.897
347.18	1.310
347.65	1.469
348.12	1.520
348.58	1.847
349.05	2.140
349.52	1.976
349.99	1.665
350.45	1.765
350.92	1.913
351.38	2.219
351.85	2.333
352.32	2.570
352.78	2.778
353.25	3.018
353.72	3.276
354.18	3.265
354.65	3.230
355.12	3.292
355.58	3.387
356.05	3.263
356.52	3.307
356.98	3.277
357.45	3.488
357.91	3.407
358.38	3.038
358.85	3.274
359.31	3.434
359.78	3.377
360.25	3.171
360.71	3.185
361.18	3.317
361.64	3.135
362.11	3.144
362.58	2.975
363.04	3.030
363.51	3.040
363.97	3.015
364.44	2.978
364.91	3.045
365.37	2.887
365.84	2.906
366.30	3.047
366.77	3.168
367.23	3.191
367.70	3.264
368.17	3.439
368.63	3.530
369.10	3.590
369.56	3.624
370.03	3.804
370.49	3.814
370.96	3.821
371.42	3.875
371.89	3.842
372.36	4.109
372.82	4.128
373.29	3.950
373.75	4.023
374.22	4.162
374.68	4.315
375.15	4.379
375.61	4.373
376.08	4.487
376.54	4.494
377.01	4.474
377.47	4.489
377.94	4.528
378.40	4.529
378.87	4.476
379.33	4.524
379.80	4.542
380.26	4.526
380.73	4.528
381.19	4.536
381.66	4.632
382.12	4.587
382.59	4.557
383.05	4.654
383.52	4.712
383.98	4.692
384.45	4.592
384.91	4.568
385.38	4.628
385.84	4.623
386.31	4.619
386.77	4.580
387.24	4.623
387.70	4.642
388.16	4.651
388.63	4.689
389.09	4.736
389.56	4.821
390.02	4.849
390.49	4.830
390.95	4.904
391.42	4.922
391.88	4.998
392.34	5.042
392.81	5.139
393.27	5.243
393.74	5.331
394.20	5.406
394.67	5.492
395.13	5.611
395.59	5.674
396.06	5.700
396.52	5.746
396.99	5.813
397.45	5.833
397.91	5.779
398.38	5.718
398.84	5.714
399.31	5.713
399.77	5.680
400.23	5.678
400.70	5.651
401.16	5.614
401.63	5.502
402.09	5.476
402.55	5.418
403.02	5.330
403.48	5.224
403.94	5.193
404.41	5.157
404.87	5.064
405.33	4.981
405.80	4.998
406.26	5.010
406.73	5.022
407.19	5.048
407.65	5.098
408.12	5.264
408.58	5.342
409.04	5.403
409.51	5.526
409.97	5.687
410.43	5.837
410.90	5.992
411.36	6.203
411.82	6.385
412.29	6.606
412.75	6.801
413.21	6.992
413.67	7.216
414.14	7.441
414.60	7.644
415.06	7.839
415.53	8.013
415.99	8.191
416.45	8.340
416.92	8.460
417.38	8.602
417.84	8.684
418.30	8.761
418.77	8.814
419.23	8.853
419.69	8.841
420.16	8.800
420.62	8.747
421.08	8.660
421.54	8.582
422.01	8.431
422.47	8.289
422.93	8.177
423.39	8.015
423.86	7.850
424.32	7.682
424.78	7.547
425.24	7.424
425.71	7.308
426.17	7.174
426.63	7.079
427.09	6.994
427.56	6.908
428.02	6.820
428.48	6.769
428.94	6.713
429.41	6.645
429.87	6.626
430.33	6.747
430.79	6.926
431.25	7.131
431.72	7.382
432.18	7.644
432.64	7.961
433.10	8.299
433.56	8.628
434.03	8.998
434.49	9.387
434.95	9.766
435.41	10.130
435.87	10.514
436.34	10.925
436.80	11.320
437.26	11.711
437.72	12.112
438.18	12.521
438.64	12.928
439.11	13.339
439.57	13.708
440.03	13.974
440.49	14.190
440.95	14.368
441.41	14.504
441.88	14.640
442.34	14.730
442.80	14.760
443.26	14.773
443.72	14.754
444.18	14.697
444.64	14.597
445.11	14.470
445.57	14.337
446.03	14.175
446.49	13.972
446.95	13.753
447.41	13.530
447.87	13.274
448.33	13.029
448.79	12.761
449.26	12.523
449.72	12.298
450.18	12.089
450.64	11.887
451.10	11.715
451.56	11.557
452.02	11.409
452.48	11.295
452.94	11.222
453.40	11.191
453.87	11.190
454.33	11.229
454.79	11.326
455.25	11.441
455.71	11.586
456.17	11.781
456.63	12.030
457.09	12.314
457.55	12.632
458.01	12.967
458.47	13.369
458.93	13.787
459.39	14.221
459.85	14.666
460.31	15.127
460.77	15.608
461.24	16.104
461.70	16.614
462.16	17.133
462.62	17.651
463.08	18.142
463.54	18.625
464.00	19.108
464.46	19.574
464.92	20.008
465.38	20.411
465.84	20.800
466.30	21.157
466.76	21.478
467.22	21.756
467.68	22.010
468.14	22.219
468.60	22.386
469.06	22.517
469.52	22.611
469.98	22.671
470.44	22.693
470.90	22.663
471.36	22.603
471.82	22.498
472.28	22.366
472.74	22.208
473.20	22.010
473.66	21.794
474.12	21.550
474.58	21.276
475.04	20.994
475.50	20.690
475.95	20.370
476.41	20.049
476.87	19.728
477.33	19.405
477.79	19.086
478.25	18.774
478.71	18.466
479.17	18.175
479.63	17.898
480.09	17.633
480.55	17.398
481.01	17.185
481.47	17.016
481.93	16.864
482.39	16.747
482.84	16.684
483.30	16.655
483.76	16.662
484.22	16.705
484.68	16.786
485.14	16.917
485.60	17.086
486.06	17.292
486.52	17.538
486.98	17.821
487.44	18.143
487.89	18.490
488.35	18.874
488.81	19.283
489.27	19.724
489.73	20.193
490.19	20.680
490.65	21.190
491.11	21.712
491.56	22.241
492.02	22.779
492.48	23.320
492.94	23.855
493.40	24.392
493.86	24.932
494.32	25.462
494.77	25.976
495.23	26.470
495.69	26.943
496.15	27.399
496.61	27.835
497.07	28.239
497.52	28.623
497.98	28.985
498.44	29.319
498.90	29.621
499.36	29.890
499.82	30.122
500.27	30.323
500.73	30.485
501.19	30.620
501.65	30.720
502.11	30.783
502.56	30.820
503.02	30.812
503.48	30.776
503.94	30.710
504.40	30.609
504.85	30.481
505.31	30.333
505.77	30.156
506.23	29.951
506.69	29.723
507.14	29.471
507.60	29.198
508.06	28.901
508.52	28.586
508.97	28.259
509.43	27.925
509.89	27.566
510.35	27.206
510.80	26.850
511.26	26.496
511.72	26.141
512.18	25.783
512.63	25.432
513.09	25.086
513.55	24.750
514.01	24.431
514.46	24.133
514.92	23.850
515.38	23.586
515.84	23.342
516.29	23.132
516.75	22.951
517.21	22.792
517.66	22.660
518.12	22.565
518.58	22.504
519.04	22.471
519.49	22.482
519.95	22.528
520.41	22.601
520.86	22.705
521.32	22.845
521.78	23.023
522.23	23.235
522.69	23.478
523.15	23.757
523.61	24.062
524.06	24.397
524.52	24.759
524.98	25.142
525.43	25.553
525.89	25.976
526.35	26.411
526.80	26.867
527.26	27.340
527.72	27.825
528.17	28.313
528.63	28.813
529.09	29.313
529.54	29.817
530.00	30.323
530.45	30.826
530.91	31.324
531.37	31.805
531.82	32.283
532.28	32.755
532.74	33.209
533.19	33.645
533.65	34.051
534.10	34.432
534.56	34.789
535.02	35.124
535.47	35.443
535.93	35.740
536.39	36.019
536.84	36.269
537.30	36.493
537.75	36.692
538.21	36.857
538.67	37.006
539.12	37.121
539.58	37.208
540.03	37.269
540.49	37.305
540.94	37.320
541.40	37.298
541.86	37.244
542.31	37.165
542.77	37.069
543.22	36.958
543.68	36.832
544.13	36.688
544.59	36.527
545.05	36.336
545.50	36.125
545.96	35.888
546.41	35.640
546.87	35.375
547.32	35.093
547.78	34.803
548.23	34.491
548.69	34.166
549.14	33.833
549.60	33.490
550.06	33.142
550.51	32.791
550.97	32.440
551.42	32.083
551.88	31.725
552.33	31.366
552.79	31.012
553.24	30.662
553.70	30.325
554.15	29.993
554.61	29.679
555.06	29.378
555.52	29.084
555.97	28.806
556.43	28.550
556.88	28.313
557.34	28.101
557.79	27.916
558.25	27.755
558.70	27.617
559.15	27.509
559.61	27.422
560.06	27.361
560.52	27.332
560.97	27.341
561.43	27.381
561.88	27.447
562.34	27.540
562.79	27.658
563.25	27.807
563.70	27.979
564.16	28.180
564.61	28.410
565.06	28.670
565.52	28.952
565.97	29.255
566.43	29.584
566.88	29.935
567.34	30.303
567.79	30.690
568.24	31.102
568.70	31.524
569.15	31.957
569.61	32.408
570.06	32.860
570.51	33.318
570.97	33.783
571.42	34.258
571.88	34.750
572.33	35.236
572.78	35.715
573.24	36.200
573.69	36.673
574.15	37.149
574.60	37.614
575.05	38.076
575.51	38.535
575.96	38.985
576.42	39.430
576.87	39.865
577.32	40.290
577.78	40.689
578.23	41.081
578.68	41.458
579.14	41.819
579.59	42.165
580.04	42.490
580.50	42.795
580.95	43.073
581.40	43.327
581.86	43.572
582.31	43.801
582.76	44.016
583.22	44.213
583.67	44.384
584.12	44.540
584.58	44.669
585.03	44.769
585.48	44.842
585.94	44.881
586.39	44.890
586.84	44.891
587.30	44.883
587.75	44.844
588.20	44.792
588.66	44.719
589.11	44.624
589.56	44.513
590.01	44.384
590.47	44.231
590.92	44.063
591.37	43.874
591.83	43.665
592.28	43.430
592.73	43.186
593.18	42.923
593.64	42.645
594.09	42.352
594.54	42.062
594.99	41.761
595.45	41.451
595.90	41.131
596.35	40.794
596.80	40.442
597.26	40.084
597.71	39.714
598.16	39.341
598.61	38.968
599.07	38.595
599.52	38.216
599.97	37.844
600.42	37.465
600.88	37.087
601.33	36.709
601.78	36.342
602.23	35.968
602.69	35.605
603.14	35.247
603.59	34.899
604.04	34.554
604.49	34.216
604.95	33.893
605.40	33.595
605.85	33.310
606.30	33.035
606.75	32.784
607.21	32.553
607.66	32.337
608.11	32.140
608.56	31.956
609.01	31.796
609.46	31.658
609.92	31.544
610.37	31.450
610.82	31.382
611.27	31.337
611.72	31.319
612.17	31.325
612.63	31.354
613.08	31.400
613.53	31.467
613.98	31.570
614.43	31.692
614.88	31.830
615.34	31.986
615.79	32.163
616.24	32.358
616.69	32.570
617.14	32.799
617.59	33.045
618.04	33.310
618.49	33.591
618.95	33.882
619.40	34.187
619.85	34.514
620.30	34.850
620.75	35.189
621.20	35.545
621.65	35.906
622.10	36.275
622.55	36.659
623.00	37.051
623.46	37.438
623.91	37.824
624.36	38.218
624.81	38.610
625.26	39.005
625.71	39.395
626.16	39.798
626.61	40.193
627.06	40.588
627.51	40.983
627.96	41.369
628.41	41.754
628.86	42.127
629.32	42.490
629.77	42.849
630.22	43.202
630.67	43.546
631.12	43.883
631.57	44.216
632.02	44.540
632.47	44.843
632.92	45.146
633.37	45.444
633.82	45.724
634.27	45.993
634.72	46.253
635.17	46.493
635.62	46.712
636.07	46.919
636.52	47.099
636.97	47.269
637.42	47.428
637.87	47.569
638.32	47.697
638.77	47.820
639.22	47.925
639.67	48.015
640.12	48.085
640.57	48.142
641.02	48.175
641.47	48.190
641.92	48.203
642.37	48.184
642.82	48.143
643.27	48.087
643.72	48.022
644.17	47.935
644.62	47.844
645.07	47.735
645.52	47.622
645.97	47.507
646.42	47.369
646.87	47.225
647.32	47.088
647.77	46.944
648.22	46.776
648.66	46.588
649.11	46.381
649.56	46.160
650.01	45.930
650.46	45.700
650.91	45.464
651.36	45.205
651.81	44.940
652.26	44.680
652.71	44.398
653.16	44.111
653.61	43.820
654.06	43.522
654.50	43.215
654.95	42.894
655.40	42.563
655.85	42.239
656.30	41.906
656.75	41.549
657.20	41.189
657.65	40.838
658.10	40.480
658.55	40.139
658.99	39.807
659.44	39.476
659.89	39.143
660.34	38.798
660.79	38.459
661.24	38.133
661.69	37.808
662.13	37.503
662.58	37.191
663.03	36.890
663.48	36.591
663.93	36.306
664.38	36.030
664.83	35.769
665.27	35.503
665.72	35.245
666.17	34.999
666.62	34.764
667.07	34.532
667.52	34.323
667.96	34.112
668.41	33.906
668.86	33.721
669.31	33.545
669.76	33.395
670.21	33.259
670.65	33.141
671.10	33.032
671.55	32.932
672.00	32.852
672.45	32.790
672.89	32.745
673.34	32.706
673.79	32.682
674.24	32.666
674.68	32.669
675.13	32.688
675.58	32.730
676.03	32.782
676.48	32.843
676.92	32.916
677.37	33.010
677.82	33.120
678.27	33.226
678.71	33.341
679.16	33.472
679.61	33.619
680.06	33.775
680.50	33.935
680.95	34.126
681.40	34.324
681.85	34.517
682.29	34.723
682.74	34.945
683.19	35.178
683.64	35.419
684.08	35.678
684.53	35.947
684.98	36.228
685.43	36.517
685.87	36.811
686.32	37.107
686.77	37.396
687.21	37.672
687.66	37.978
688.11	38.299
688.55	38.614
689.00	38.917
689.45	39.241
689.90	39.578
690.34	39.897
690.79	40.208
691.24	40.533
691.68	40.853
692.13	41.162
692.58	41.451
693.02	41.756
693.47	42.047
693.92	42.326
694.36	42.591
694.81	42.869
695.26	43.147
695.70	43.415
696.15	43.689
696.60	43.974
697.04	44.238
697.49	44.485
697.94	44.712
698.38	44.961
698.83	45.193
699.27	45.413
699.72	45.612
700.17	45.826
700.61	46.026
701.06	46.218
701.51	46.411
701.95	46.610
702.40	46.802
702.84	46.987
703.29	47.167
703.74	47.329
704.18	47.472
704.63	47.607
705.07	47.739
705.52	47.860
705.97	47.971
706.41	48.062
706.86	48.138
707.30	48.228
707.75	48.306
708.20	48.369
708.64	48.410
709.09	48.445
709.53	48.468
709.98	48.486
710.42	48.484
710.87	48.455
711.32	48.426
711.76	48.374
712.21	48.317
712.65	48.251
713.10	48.193
713.54	48.126
713.99	48.048
714.43	47.962
714.88	47.856
715.33	47.727
715.77	47.612
716.22	47.502
716.66	47.370
717.11	47.220
717.55	47.075
718.00	46.932
718.44	46.780
718.89	46.600
719.33	46.432
719.78	46.277
720.22	46.122
720.67	45.948
721.11	45.775
721.56	45.596
722.00	45.401
722.45	45.186
722.89	44.972
723.34	44.755
723.78	44.551
724.23	44.347
724.67	44.141
725.12	43.915
725.56	43.676
726.01	43.439
726.45	43.194
726.90	42.925
727.34	42.655
727.78	42.403
728.23	42.155
728.67	41.883
729.12	41.606
729.56	41.341
730.01	41.069
730.45	40.776
730.90	40.476
731.34	40.201
731.79	39.935
732.23	39.655
732.67	39.362
733.12	39.057
733.56	38.781
734.01	38.513
734.45	38.237
734.89	37.978
735.34	37.737
735.78	37.501
736.23	37.258
736.67	37.011
737.12	36.768
737.56	36.531
738.00	36.297
738.45	36.070
738.89	35.845
739.34	35.651
739.78	35.489
740.22	35.321
740.67	35.139
741.11	34.953
741.55	34.790
742.00	34.643
742.44	34.493
742.89	34.335
743.33	34.190
743.77	34.071
744.22	33.957
744.66	33.828
745.10	33.699
745.55	33.586
745.99	33.495
746.43	33.418
746.88	33.344
747.32	33.267
747.76	33.210
748.21	33.181
748.65	33.134
749.09	33.074
749.54	33.022
749.98	33.000
750.42	32.999
750.87	32.987
751.31	32.973
751.75	32.989
752.20	33.028
752.64	33.075
753.08	33.117
753.53	33.156
753.97	33.220
754.41	33.302
754.85	33.396
755.30	33.491
755.74	33.583
756.18	33.704
756.63	33.857
757.07	34.006
757.51	34.124
757.95	34.260
758.40	34.419
758.84	34.592
759.28	34.763
759.72	34.929
760.17	35.114
760.61	35.318
761.05	35.524
761.50	35.712
761.94	35.897
762.38	36.085
762.82	36.303
763.26	36.520
763.71	36.731
764.15	36.948
764.59	37.153
765.03	37.359
765.48	37.560
765.92	37.749
766.36	37.935
766.80	38.148
767.25	38.372
767.69	38.597
768.13	38.839
768.57	39.081
769.01	39.325
769.46	39.559
769.90	39.790
770.34	40.011
770.78	40.243
771.22	40.489
771.67	40.762
772.11	41.016
772.55	41.267
772.99	41.500
773.43	41.723
773.87	41.983
774.32	42.242
774.76	42.496
775.20	42.736
775.64	42.981
776.08	43.245
776.52	43.493
776.97	43.727
777.41	43.939
777.85	44.150
778.29	44.375
778.73	44.612
779.17	44.856
779.62	45.084
780.06	45.302
780.50	45.518
780.94	45.721
781.38	45.910
781.82	46.092
782.26	46.297
782.70	46.503
783.15	46.689
783.59	46.869
784.03	47.031
784.47	47.197
784.91	47.340
785.35	47.468
785.79	47.599
786.23	47.740
786.67	47.876
787.11	48.002
787.56	48.114
788.00	48.230
788.44	48.322
788.88	48.425
789.32	48.520
789.76	48.606
790.20	48.686
790.64	48.777
791.08	48.874
791.52	48.946
791.96	48.996
792.40	49.044
792.84	49.106
793.28	49.186
793.73	49.265
794.17	49.335
794.61	49.386
795.05	49.445
795.49	49.464
795.93	49.478
796.37	49.477
796.81	49.477
797.25	49.488
797.69	49.473
798.13	49.447
798.57	49.429
799.01	49.407
799.45	49.351
799.89	49.280
800.33	49.202
800.77	49.145
801.21	49.100
801.65	49.027
802.09	48.939
802.53	48.838
802.97	48.724
803.41	48.620
803.85	48.531
804.29	48.427
804.73	48.357
805.17	48.248
805.61	48.138
806.05	48.021
806.49	47.858
806.93	47.735
807.37	47.622
807.81	47.507
808.25	47.367
808.69	47.225
809.13	47.080
809.57	46.934
810.01	46.773
810.44	46.597
810.88	46.426
811.32	46.254
811.76	46.083
812.20	45.910
812.64	45.737
813.08	45.544
813.52	45.323
813.96	45.084
814.40	44.892
814.84	44.711
815.28	44.518
815.72	44.339
816.16	44.141
816.59	43.940
817.03	43.732
817.47	43.535
817.91	43.358
818.35	43.187
818.79	43.014
819.23	42.824
819.67	42.636
820.11	42.452
820.54	42.258
820.98	42.045
821.42	41.843
821.86	41.627
822.30	41.422
822.74	41.230
823.18	41.034
823.62	40.817
824.05	40.601
824.49	40.406
824.93	40.211
825.37	40.023
825.81	39.831
826.25	39.627
826.69	39.394
827.12	39.148
827.56	38.905
828.00	38.676
828.44	38.476
828.88	38.278
829.32	38.071
829.75	37.872
830.19	37.683
830.63	37.484
831.07	37.298
831.51	37.096
831.94	36.897
832.38	36.710
832.82	36.535
833.26	36.364
833.70	36.198
834.13	36.031
834.57	35.856
835.01	35.696
835.45	35.544
835.89	35.425
836.32	35.314
836.76	35.187
837.20	35.035
837.64	34.894
838.08	34.778
838.51	34.688
838.95	34.591
839.39	34.500
839.83	34.422
840.26	34.350
840.70	34.297
841.14	34.248
841.58	34.200
842.01	34.161
842.45	34.120
842.89	34.073
843.33	34.024
843.76	33.983
844.20	33.941
844.64	33.915
845.08	33.886
845.51	33.860
845.95	33.847
846.39	33.854
846.82	33.847
847.26	33.825
847.70	33.788
848.14	33.771
848.57	33.767
849.01	33.769
849.45	33.756
849.88	33.752
850.32	33.767
850.76	33.789
851.19	33.823
851.63	33.865
852.07	33.912
852.50	33.980
852.94	34.027
853.38	34.072
853.81	34.130
854.25	34.201
854.69	34.280
855.12	34.378
855.56	34.475
856.00	34.584
856.43	34.705
856.87	34.833
857.31	34.973
857.74	35.118
858.18	35.244
858.62	35.382
859.05	35.514
859.49	35.643
859.93	35.768
860.36	35.896
860.80	36.024
861.24	36.167
861.67	36.286
862.11	36.424
862.54	36.561
862.98	36.717
863.42	36.879
863.85	37.054
864.29	37.217
864.72	37.393
865.16	37.549
865.60	37.708
866.03	37.877
866.47	38.036
866.90	38.178
867.34	38.360
867.78	38.561
868.21	38.783
868.65	39.004
869.08	39.234
869.52	39.439
869.95	39.634
870.39	39.818
870.83	40.028
871.26	40.259
871.70	40.511
872.13	40.730
872.57	40.948
873.00	41.146
873.44	41.346
873.87	41.536
874.31	41.735
874.75	41.933
875.18	42.121
875.62	42.313
876.05	42.508
876.49	42.719
876.92	42.955
877.36	43.185
877.79	43.395
878.23	43.586
878.66	43.789
879.10	44.016
879.53	44.240
879.97	44.446
880.40	44.644
880.84	44.833
881.27	44.994
881.71	45.156
882.14	45.324
882.58	45.493
883.01	45.666
883.45	45.854
883.88	46.045
884.32	46.223
884.75	46.397
885.19	46.589
885.62	46.764
886.06	46.908
886.49	47.057
886.92	47.217
887.36	47.397
887.79	47.568
888.23	47.724
888.66	47.875
889.10	48.010
889.53	48.141
889.97	48.262
890.40	48.406
890.83	48.528
891.27	48.658
891.70	48.799
892.14	48.954
892.57	49.102
893.01	49.268
893.44	49.433
893.87	49.591
894.31	49.765
894.74	49.916
895.18	50.038
895.61	50.130
896.04	50.217
896.48	50.287
896.91	50.342
897.35	50.370
897.78	50.411
898.21	50.489
898.65	50.554
899.08	50.633
899.52	50.724
899.95	50.826
900.38	50.926
900.82	51.032
901.25	51.135
901.68	51.223
902.12	51.266
902.55	51.329
902.99	51.423
903.42	51.475
903.85	51.512
904.29	51.571
904.72	51.624
905.15	51.671
905.59	51.699
906.02	51.761
906.45	51.840
906.89	51.906
907.32	51.966
907.75	52.029
908.19	52.049
908.62	52.050
909.05	52.032
909.49	51.988
909.92	51.935
910.35	51.872
910.78	51.793
911.22	51.709
911.65	51.618
912.08	51.514
912.52	51.434
912.95	51.370
913.38	51.281
913.82	51.206
914.25	51.156
914.68	51.085
915.11	51.017
915.55	50.939
915.98	50.871
916.41	50.778
916.84	50.675
917.28	50.592
917.71	50.535
918.14	50.486
918.58	50.419
919.01	50.323
919.44	50.219
919.87	50.145
920.31	50.090
920.74	50.053
921.17	49.949
921.60	49.834
922.03	49.715
922.47	49.588
922.90	49.457
923.33	49.300
923.76	49.186
924.20	49.065
924.63	48.944
925.06	48.799
925.49	48.636
925.92	48.494
926.36	48.364
926.79	48.195
927.22	48.029
927.65	47.885
928.08	47.765
928.52	47.636
928.95	47.468
929.38	47.296
929.81	47.136
930.24	46.987
930.68	46.833
931.11	46.685
931.54	46.549
931.97	46.408
932.40	46.264
932.83	46.142
933.27	46.004
933.70	45.824
934.13	45.645
934.56	45.499
934.99	45.327
935.42	45.148
935.85	44.962
936.29	44.793
936.72	44.659
937.15	44.473
937.58	44.291
938.01	44.147
938.44	43.971
938.87	43.762
939.31	43.585
939.74	43.411
940.17	43.246
940.60	43.059
941.03	42.868
941.46	42.689
941.89	42.497
942.32	42.279
942.75	42.097
943.18	41.942
943.62	41.762
944.05	41.560
944.48	41.346
944.91	41.136
945.34	40.919
945.77	40.701
946.20	40.515
946.63	40.317
947.06	40.129
947.49	39.946
947.92	39.776
948.35	39.572
948.78	39.342
949.22	39.126
949.65	38.914
950.08	38.699
950.51	38.504
950.94	38.285
951.37	38.081
951.80	37.911
952.23	37.707
952.66	37.542
953.09	37.411
953.52	37.270
953.95	37.176
954.38	37.067
954.81	36.920
955.24	36.776
955.67	36.642
956.10	36.494
956.53	36.360
956.96	36.201
957.39	36.098
957.82	36.015
958.25	35.890
958.68	35.751
959.11	35.634
959.54	35.536
959.97	35.410
960.40	35.320
960.83	35.245
961.26	35.155
961.69	35.029
962.12	34.873
962.55	34.746
962.98	34.596
963.41	34.472
963.84	34.348
964.27	34.241
964.70	34.152
965.13	34.020
965.56	33.907
965.99	33.844
966.42	33.763
966.84	33.655
967.27	33.583
967.70	33.545
968.13	33.506
968.56	33.429
968.99	33.366
969.42	33.281
969.85	33.210
970.28	33.109
970.71	33.023
971.14	32.993
971.57	32.955
972.00	32.898
972.42	32.844
972.85	32.794
973.28	32.768
973.71	32.671
974.14	32.625
974.57	32.599
975.00	32.556
975.43	32.529
975.86	32.500
976.28	32.453
976.71	32.448
977.14	32.418
977.57	32.349
978.00	32.338
978.43	32.385
978.86	32.346
979.29	32.354
979.71	32.355
980.14	32.375
980.57	32.384
981.00	32.370
981.43	32.358
981.86	32.400
982.28	32.409
982.71	32.425
983.14	32.409
983.57	32.404
984.00	32.387
984.43	32.354
984.85	32.409
985.28	32.503
985.71	32.578
986.14	32.618
986.57	32.706
986.99	32.813
987.42	32.788
987.85	32.845
988.28	32.946
988.71	33.057
989.13	33.146
989.56	33.223
989.99	33.326
990.42	33.465
990.85	33.555
991.27	33.621
991.70	33.687
992.13	33.859
992.56	34.003
992.98	34.111
993.41	34.239
993.84	34.358
994.27	34.394
994.70	34.477
995.12	34.568
995.55	34.622
995.98	34.749
996.41	34.874
996.83	34.913
997.26	35.027
997.69	35.126
998.11	35.133
998.54	35.221
998.97	35.358
999.40	35.476
999.82	35.537
1000.25	35.624
1000.68	35.817
1001.11	35.927
1001.53	36.037
1001.96	36.039
1002.39	36.086
1002.81	36.221
1003.24	36.307
1003.67	36.376
1004.09	36.499
1004.52	36.701
1004.95	36.691
1005.38	36.785
1005.80	36.918
1006.23	37.090
1006.66	37.175
1007.08	37.340
1007.51	37.419
1007.94	37.554
1008.36	37.596
1008.79	37.670
1009.22	37.755
1009.64	37.869
1010.07	37.965
1010.50	37.988
1010.92	38.231
1011.35	38.388
1011.77	38.494
1012.20	38.516
1012.63	38.615
1013.05	38.752
1013.48	38.765
1013.91	38.854
1014.33	38.959
1014.76	39.102
1015.19	39.151
1015.61	39.223
1016.04	39.330
1016.46	39.466
1016.89	39.462
1017.32	39.514
1017.74	39.514
1018.17	39.687
1018.59	39.918
1019.02	39.980
1019.45	40.104
1019.87	40.171
1020.30	40.311
1020.72	40.302
1021.15	40.385
1021.58	40.371
1022.00	40.459
1022.43	40.559
1022.85	40.638
1023.28	40.739
1023.70	40.772
1024.13	40.738
1024.55	40.705
1024.98	40.694
1025.41	40.719
1025.83	40.711
1026.26	40.715
1026.68	40.875
1027.11	41.007
1027.53	40.847
1027.96	40.802
1028.38	40.802
1028.81	40.988
1029.23	41.001
1029.66	40.995
1030.08	41.158
1030.51	41.296
1030.94	41.289
1031.36	41.124
1031.79	41.204
1032.21	41.317
1032.64	41.390
1033.06	41.288
1033.49	41.286
1033.91	41.313
1034.34	41.297
1034.76	41.336
1035.19	41.317
1035.61	41.463
1036.03	41.307
1036.46	41.271
1036.88	41.253
1037.31	41.333
1037.73	41.171
1038.16	41.240
1038.58	41.173
1039.01	41.214
1039.43	41.457
1039.86	41.301
1040.28	41.471
1040.71	41.539
1041.13	41.470
1041.55	41.287
1041.98	41.410
1042.40	41.531
1042.83	41.554
1043.25	41.479
1043.68	41.556
1044.10	41.910
1044.52	41.914
1044.95	41.731
1045.37	41.665
1045.80	41.623
1046.22	41.727
1046.65	41.684
1047.07	41.336
1047.49	41.390
1047.92	41.357
1048.34	40.858
1048.77	40.662
1049.19	40.512
1049.61	40.298
1050.04	40.072
1050.46	39.911
1050.89	40.027
1051.31	40.021
1051.73	39.921
1052.16	39.887
1052.58	39.612
1053.00	39.290
1053.43	38.936
1053.85	38.914
1054.27	38.927
1054.70	38.980
1055.12	38.671
1055.55	38.455
1055.97	38.377
1056.39	38.553
1056.82	38.365
1057.24	38.488
1057.66	38.663
1058.09	38.635
1058.51	38.605
1058.93	38.390
1059.36	38.424
1059.78	38.336
1060.20	38.062
1060.62	37.710
1061.05	37.629
1061.47	37.702
1061.89	37.553
1062.32	37.131
1062.74	36.887
1063.16	36.399
1063.59	36.129
1064.01	35.448
1064.43	35.350
1064.85	35.600
1065.28	35.149
1065.70	34.838
1066.12	34.088
1066.55	34.260
1066.97	34.420
1067.39	33.909
1067.81	33.312
1068.24	32.888
1068.66	32.561
1069.08	31.884
1069.50	31.088
1069.93	30.642
1070.35	30.331
1070.77	29.124
1071.19	28.572
1071.62	28.750
1072.04	28.835
1072.46	28.337
1072.88	28.252
1073.31	28.096
1073.73	27.810
1074.15	27.124
1074.57	25.972
1075.00	25.769
1075.42	25.220
1075.84	24.111
1076.26	22.567
1076.68	22.587
1077.11	22.931
1077.53	21.627
1077.95	21.487
1078.37	21.471
1078.79	21.221
1079.22	20.419
1079.64	19.882
1080.06	20.014
1080.48	18.817
1080.90	17.640
1081.32	16.366
1081.75	15.631
1082.17	14.887
1082.59	13.165
1083.01	11.583
1083.43	11.215
1083.85	10.937
1084.28	8.862
1084.70	7.244
1085.12	7.787
1085.54	6.857
1085.96	4.868
1086.38	3.318
1086.80	2.610
1087.23	2.502
1087.65	0.945
1088.07	-0.870
1088.49	-1.524
1088.91	-2.374
1089.33	-3.422
1089.75	-6.400
1090.17	-6.977
1090.60	-6.890
1091.02	-8.588
1091.44	-11.060
1091.86	-11.507
1092.28	-11.702
1092.70	-14.324
1093.12	-17.971
1093.54	-20.168
1093.96	-20.652
1094.38	-22.205
1094.81	-25.977
1095.23	-28.396
1095.65	-29.521
1096.07	-31.384
1096.49	-33.986
1096.91	-36.344
1097.33	-35.357
1097.75	-39.436
1098.17	-42.086
1098.59	-42.114
1099.01	-41.053
1099.43	-43.261
1099.85	-48.796
1100.27	-51.140
1100.69	-51.692
1101.11	-52.689
1101.53	-54.593
1101.95	-55.464
1102.38	-32.126
1102.80	-135.980
1103.22	-4.506
1103.64	-23.104
1104.06	-165.419
1104.48	-101.953
1104.90	-75.460
1105.32	-30.920
1105.74	-57.465
1106.16	-156.160
