188.40	-113.189
188.88	-81.723
189.35	149.861
189.83	940.000
190.30	-474.510
190.78	-132.692
191.26	-61.353
191.73	466.038
192.21	-757.971
192.68	-4.771
193.16	-459.826
193.63	-531.671
194.11	-576.543
194.58	-532.590
195.06	-414.527
195.53	-258.575
196.01	-203.068
196.48	-190.843
196.96	-157.614
197.43	-129.552
197.91	-119.507
198.38	-104.181
198.86	-80.695
199.33	-60.934
199.81	-58.227
200.28	-56.115
200.76	-47.735
201.23	-40.734
201.71	-36.540
202.18	-34.919
202.66	-29.270
203.13	-27.081
203.61	-23.182
204.08	-19.730
204.55	-14.905
205.03	-13.460
205.50	-13.597
205.98	-13.929
206.45	-12.766
206.93	-10.809
207.40	-9.592
207.88	-11.293
208.35	-9.935
208.82	-11.224
209.30	-11.256
209.77	-11.585
210.25	-12.741
210.72	-11.302
211.20	-10.606
211.67	-9.714
212.14	-10.613
212.62	-10.248
213.09	-9.085
213.57	-9.159
214.04	-10.129
214.52	-12.323
214.99	-9.102
215.46	-10.609
215.94	-11.522
216.41	-10.351
216.89	-9.424
217.36	-9.067
217.83	-8.372
218.31	-8.711
218.78	-5.513
219.25	-5.866
219.73	-6.799
220.20	-7.294
220.68	-4.909
221.15	-6.336
221.62	-7.514
222.10	-6.063
222.57	-4.623
223.04	-3.622
223.52	-4.406
223.99	-4.290
224.47	-3.653
224.94	-6.611
225.41	-6.027
225.89	-5.386
226.36	-4.493
226.83	-4.475
227.31	-6.343
227.78	-7.568
228.25	-7.346
228.73	-8.615
229.20	-8.679
229.67	-7.854
230.15	-5.909
230.62	-7.064
231.09	-8.947
231.57	-9.220
232.04	-9.455
232.51	-11.299
232.98	-15.131
233.46	-15.428
233.93	-14.961
234.40	-14.226
234.88	-12.760
235.35	-13.771
235.82	-12.960
236.30	-10.733
236.77	-14.649
237.24	-17.461
237.71	-15.485
238.19	-14.509
238.66	-14.455
239.13	-16.271
239.61	-15.780
240.08	-14.184
240.55	-14.238
241.02	-10.973
241.50	-10.728
241.97	-8.565
242.44	-8.028
242.91	-6.261
243.39	-6.371
243.86	-5.034
244.33	-6.871
244.80	-8.540
245.28	-8.918
245.75	-6.089
246.22	-8.901
246.69	-5.257
247.17	-2.301
247.64	0.239
248.11	-2.094
248.58	-2.403
249.05	-2.088
249.53	-1.250
250.00	-1.976
250.47	-3.142
250.94	-5.934
251.42	-4.261
251.89	-5.697
252.36	-6.380
252.83	-7.776
253.30	-5.738
253.78	-5.188
254.25	-4.860
254.72	-4.023
255.19	-2.579
255.66	-4.172
256.13	-3.222
256.61	-3.998
257.08	-5.156
257.55	-7.339
258.02	-6.999
258.49	-7.638
258.97	-6.562
259.44	-8.081
259.91	-8.823
260.38	-9.265
260.85	-6.827
261.32	-7.013
261.79	-7.274
262.27	-5.733
262.74	-3.180
263.21	-1.844
263.68	-4.185
264.15	-5.264
264.62	-6.014
265.09	-7.690
265.57	-10.915
266.04	-13.499
266.51	-13.882
266.98	-12.833
267.45	-12.890
267.92	-12.912
268.39	-12.239
268.86	-11.332
269.34	-9.631
269.81	-10.065
270.28	-10.521
270.75	-8.704
271.22	-8.848
271.69	-7.579
272.16	-7.929
272.63	-7.352
273.10	-10.064
273.57	-9.374
274.05	-7.988
274.52	-5.725
274.99	-5.294
275.46	-4.817
275.93	-2.430
276.40	-2.692
276.87	-2.012
277.34	-2.754
277.81	-3.616
278.28	-2.995
278.75	-4.166
279.22	-5.412
279.69	-5.810
280.16	-4.201
280.63	-4.826
281.11	-6.640
281.58	-8.763
282.05	-7.890
282.52	-9.441
282.99	-8.850
283.46	-9.372
283.93	-8.849
284.40	-10.375
284.87	-8.189
285.34	-8.265
285.81	-7.610
286.28	-7.490
286.75	-7.005
287.22	-5.632
287.69	-4.102
288.16	-2.959
288.63	-1.558
289.10	-1.520
289.57	-0.031
290.04	1.134
290.51	-0.415
290.98	0.511
291.45	1.674
291.92	1.736
292.39	3.128
292.86	3.088
293.33	5.366
293.80	6.216
294.27	5.390
294.74	3.924
295.21	6.016
295.68	5.461
296.15	4.329
296.62	3.387
297.09	2.846
297.56	3.676
298.03	2.227
298.49	0.770
298.96	0.933
299.43	1.289
299.90	0.266
300.37	1.331
300.84	2.189
301.31	3.002
301.78	2.149
302.25	1.454
302.72	0.673
303.19	-1.082
303.66	-0.254
304.13	0.508
304.60	1.476
305.07	1.685
305.53	2.127
306.00	3.219
306.47	1.811
306.94	2.741
307.41	1.899
307.88	1.379
308.35	2.106
308.82	3.103
309.29	2.806
309.76	3.581
310.22	2.797
310.69	2.448
311.16	2.114
311.63	2.294
312.10	2.086
312.57	3.750
313.04	4.045
313.51	4.622
313.97	4.589
314.44	4.741
314.91	4.173
315.38	2.796
315.85	3.310
316.32	5.459
316.79	5.739
317.25	5.806
317.72	4.911
318.19	5.201
318.66	6.036
319.13	6.211
319.60	4.547
320.07	5.141
320.53	5.624
321.00	6.081
321.47	5.582
321.94	5.514
322.41	4.809
322.87	4.947
323.34	4.320
323.81	4.743
324.28	4.790
324.75	5.683
325.22	6.284
325.68	6.332
326.15	6.244
326.62	6.046
327.09	6.279
327.56	6.290
328.02	6.357
328.49	5.488
328.96	4.998
329.43	5.945
329.89	5.680
330.36	5.183
330.83	4.704
331.30	4.879
331.77	4.969
332.23	5.350
332.70	5.617
333.17	5.019
333.64	4.342
334.10	4.171
334.57	3.485
335.04	3.307
335.51	3.172
335.97	3.228
336.44	3.204
336.91	3.652
337.38	5.071
337.84	4.285
338.31	4.315
338.78	4.412
339.24	4.663
339.71	5.095
340.18	5.650
340.65	5.890
341.11	7.062
341.58	7.220
342.05	7.467
342.52	6.984
342.98	7.191
343.45	7.638
343.92	7.230
344.38	6.974
344.85	7.392
345.32	7.624
345.78	7.545
346.25	7.498
346.72	7.370
347.18	7.302
347.65	7.592
348.12	7.792
348.58	7.959
349.05	7.610
349.52	7.653
349.99	7.576
350.45	7.531
350.92	7.005
351.38	6.864
351.85	6.496
352.32	6.989
352.78	7.159
353.25	7.423
353.72	7.437
354.18	7.381
354.65	7.497
355.12	7.147
355.58	7.096
356.05	6.836
356.52	6.732
356.98	6.794
357.45	6.756
357.91	6.476
358.38	6.300
358.85	6.341
359.31	6.149
359.78	5.919
360.25	5.734
360.71	5.825
361.18	5.800
361.64	5.798
362.11	5.663
362.58	5.372
363.04	5.243
363.51	5.386
363.97	5.562
364.44	5.413
364.91	5.483
365.37	5.417
365.84	5.464
366.30	5.332
366.77	5.311
367.23	5.402
367.70	5.460
368.17	5.597
368.63	5.673
369.10	5.758
369.56	5.788
370.03	5.834
370.49	5.809
370.96	5.676
371.42	5.786
371.89	5.815
372.36	5.810
372.82	5.776
373.29	5.718
373.75	5.583
374.22	5.669
374.68	5.612
375.15	5.615
375.61	5.625
376.08	5.696
376.54	5.646
377.01	5.589
377.47	5.557
377.94	5.528
378.40	5.510
378.87	5.459
379.33	5.572
379.80	5.583
380.26	5.539
380.73	5.650
381.19	5.577
381.66	5.575
382.12	5.593
382.59	5.629
383.05	5.612
383.52	5.638
383.98	5.581
384.45	5.667
384.91	5.651
385.38	5.684
385.84	5.663
386.31	5.644
386.77	5.640
387.24	5.634
387.70	5.696
388.16	5.725
388.63	5.769
389.09	5.740
389.56	5.719
390.02	5.754
390.49	5.740
390.95	5.765
391.42	5.810
391.88	5.862
392.34	5.832
392.81	5.918
393.27	6.006
393.74	6.094
394.20	6.070
394.67	6.098
395.13	6.129
395.59	6.218
396.06	6.226
396.52	6.240
396.99	6.284
397.45	6.223
397.91	6.192
398.38	6.094
398.84	6.049
399.31	6.052
399.77	5.991
400.23	5.976
400.70	5.972
401.16	5.908
401.63	5.837
402.09	5.813
402.55	5.741
403.02	5.611
403.48	5.503
403.94	5.489
404.41	5.464
404.87	5.451
405.33	5.398
405.80	5.391
406.26	5.426
406.73	5.437
407.19	5.503
407.65	5.577
408.12	5.678
408.58	5.804
409.04	5.913
409.51	6.014
409.97	6.156
410.43	6.262
410.90	6.422
411.36	6.588
411.82	6.770
412.29	6.958
412.75	7.180
413.21	7.383
413.67	7.592
414.14	7.786
414.60	7.938
415.06	8.135
415.53	8.319
415.99	8.482
416.45	8.626
416.92	8.725
417.38	8.830
417.84	8.936
418.30	8.976
418.77	9.003
419.23	9.039
419.69	9.001
420.16	8.986
420.62	8.904
421.08	8.851
421.54	8.750
422.01	8.636
422.47	8.520
422.93	8.380
423.39	8.233
423.86	8.097
424.32	7.940
424.78	7.793
425.24	7.658
425.71	7.509
426.17	7.386
426.63	7.281
427.09	7.204
427.56	7.126
428.02	7.055
428.48	7.014
428.94	6.960
429.41	6.920
429.87	6.896
430.33	7.028
430.79	7.202
431.25	7.397
431.72	7.636
432.18	7.881
432.64	8.170
433.10	8.485
433.56	8.807
434.03	9.172
434.49	9.565
434.95	9.954
435.41	10.351
435.87	10.750
436.34	11.154
436.80	11.551
437.26	11.948
437.72	12.335
438.18	12.726
438.64	13.112
439.11	13.494
439.57	13.858
440.03	14.123
440.49	14.333
440.95	14.520
441.41	14.640
441.88	14.776
442.34	14.877
442.80	14.912
443.26	14.921
443.72	14.895
444.18	14.812
444.64	14.701
445.11	14.567
445.57	14.406
446.03	14.232
446.49	14.021
446.95	13.809
447.41	13.584
447.87	13.338
448.33	13.104
448.79	12.849
449.26	12.598
449.72	12.368
450.18	12.150
450.64	11.958
451.10	11.794
451.56	11.636
452.02	11.500
452.48	11.392
452.94	11.316
453.40	11.278
453.87	11.289
454.33	11.331
454.79	11.415
455.25	11.545
455.71	11.694
456.17	11.896
456.63	12.141
457.09	12.424
457.55	12.745
458.01	13.094
458.47	13.499
458.93	13.926
459.39	14.360
459.85	14.798
460.31	15.255
460.77	15.725
461.24	16.214
461.70	16.723
462.16	17.232
462.62	17.753
463.08	18.250
463.54	18.734
464.00	19.224
464.46	19.678
464.92	20.105
465.38	20.513
465.84	20.892
466.30	21.242
466.76	21.556
467.22	21.834
467.68	22.079
468.14	22.272
468.60	22.438
469.06	22.567
469.52	22.654
469.98	22.705
470.44	22.722
470.90	22.697
471.36	22.631
471.82	22.522
472.28	22.384
472.74	22.223
473.20	22.023
473.66	21.797
474.12	21.545
474.58	21.274
475.04	20.987
475.50	20.682
475.95	20.366
476.41	20.044
476.87	19.712
477.33	19.385
477.79	19.067
478.25	18.755
478.71	18.449
479.17	18.162
479.63	17.889
480.09	17.638
480.55	17.401
481.01	17.195
481.47	17.029
481.93	16.889
482.39	16.783
482.84	16.718
483.30	16.694
483.76	16.715
484.22	16.763
484.68	16.854
485.14	16.983
485.60	17.154
486.06	17.363
486.52	17.612
486.98	17.901
487.44	18.222
487.89	18.570
488.35	18.957
488.81	19.369
489.27	19.800
489.73	20.262
490.19	20.749
490.65	21.251
491.11	21.772
491.56	22.297
492.02	22.831
492.48	23.368
492.94	23.904
493.40	24.440
493.86	24.972
494.32	25.494
494.77	26.002
495.23	26.486
495.69	26.959
496.15	27.409
496.61	27.837
497.07	28.240
497.52	28.625
497.98	28.985
498.44	29.320
498.90	29.632
499.36	29.903
499.82	30.134
500.27	30.333
500.73	30.496
501.19	30.623
501.65	30.717
502.11	30.780
502.56	30.811
503.02	30.798
503.48	30.757
503.94	30.689
504.40	30.593
504.85	30.467
505.31	30.314
505.77	30.130
506.23	29.922
506.69	29.693
507.14	29.435
507.60	29.158
508.06	28.856
508.52	28.535
508.97	28.200
509.43	27.859
509.89	27.509
510.35	27.152
510.80	26.794
511.26	26.444
511.72	26.085
512.18	25.728
512.63	25.377
513.09	25.037
513.55	24.704
514.01	24.386
514.46	24.089
514.92	23.815
515.38	23.565
515.84	23.333
516.29	23.127
516.75	22.949
517.21	22.798
517.66	22.674
518.12	22.584
518.58	22.531
519.04	22.510
519.49	22.519
519.95	22.566
520.41	22.645
520.86	22.753
521.32	22.903
521.78	23.082
522.23	23.299
522.69	23.549
523.15	23.831
523.61	24.147
524.06	24.484
524.52	24.846
524.98	25.230
525.43	25.635
525.89	26.058
526.35	26.502
526.80	26.955
527.26	27.425
527.72	27.903
528.17	28.389
528.63	28.883
529.09	29.386
529.54	29.885
530.00	30.392
530.45	30.893
530.91	31.390
531.37	31.877
531.82	32.353
532.28	32.819
532.74	33.268
533.19	33.697
533.65	34.101
534.10	34.482
534.56	34.841
535.02	35.176
535.47	35.489
535.93	35.780
536.39	36.049
536.84	36.298
537.30	36.525
537.75	36.722
538.21	36.884
538.67	37.021
539.12	37.134
539.58	37.210
540.03	37.262
540.49	37.293
540.94	37.298
541.40	37.269
541.86	37.216
542.31	37.135
542.77	37.032
543.22	36.914
543.68	36.780
544.13	36.626
544.59	36.460
545.05	36.271
545.50	36.056
545.96	35.822
546.41	35.569
546.87	35.303
547.32	35.018
547.78	34.730
548.23	34.416
548.69	34.093
549.14	33.765
549.60	33.427
550.06	33.079
550.51	32.730
550.97	32.379
551.42	32.024
551.88	31.668
552.33	31.312
552.79	30.964
553.24	30.618
553.70	30.287
554.15	29.957
554.61	29.646
555.06	29.346
555.52	29.059
555.97	28.789
556.43	28.538
556.88	28.309
557.34	28.104
557.79	27.926
558.25	27.772
558.70	27.641
559.15	27.536
559.61	27.454
560.06	27.399
560.52	27.378
560.97	27.388
561.43	27.430
561.88	27.506
562.34	27.608
562.79	27.725
563.25	27.879
563.70	28.056
564.16	28.261
564.61	28.499
565.06	28.761
565.52	29.043
565.97	29.349
566.43	29.682
566.88	30.031
567.34	30.403
567.79	30.790
568.24	31.201
568.70	31.623
569.15	32.058
569.61	32.508
570.06	32.958
570.51	33.419
570.97	33.888
571.42	34.357
571.88	34.846
572.33	35.331
572.78	35.810
573.24	36.291
573.69	36.758
574.15	37.226
574.60	37.689
575.05	38.148
575.51	38.610
575.96	39.053
576.42	39.494
576.87	39.925
577.32	40.340
577.78	40.734
578.23	41.124
578.68	41.496
579.14	41.855
579.59	42.198
580.04	42.514
580.50	42.809
580.95	43.080
581.40	43.328
581.86	43.571
582.31	43.794
582.76	44.010
583.22	44.206
583.67	44.376
584.12	44.528
584.58	44.649
585.03	44.738
585.48	44.809
585.94	44.846
586.39	44.857
586.84	44.860
587.30	44.846
587.75	44.804
588.20	44.748
588.66	44.666
589.11	44.567
589.56	44.454
590.01	44.318
590.47	44.164
590.92	43.994
591.37	43.804
591.83	43.590
592.28	43.348
592.73	43.095
593.18	42.829
593.64	42.545
594.09	42.248
594.54	41.951
594.99	41.645
595.45	41.328
595.90	41.001
596.35	40.663
596.80	40.312
597.26	39.953
597.71	39.585
598.16	39.218
598.61	38.844
599.07	38.469
599.52	38.094
599.97	37.723
600.42	37.346
600.88	36.967
601.33	36.598
601.78	36.238
602.23	35.872
602.69	35.514
603.14	35.162
603.59	34.827
604.04	34.494
604.49	34.160
604.95	33.838
605.40	33.543
605.85	33.259
606.30	32.989
606.75	32.737
607.21	32.506
607.66	32.293
608.11	32.099
608.56	31.924
609.01	31.774
609.46	31.645
609.92	31.531
610.37	31.440
610.82	31.374
611.27	31.333
611.72	31.323
612.17	31.334
612.63	31.368
613.08	31.417
613.53	31.487
613.98	31.597
614.43	31.728
614.88	31.869
615.34	32.033
615.79	32.214
616.24	32.417
616.69	32.635
617.14	32.867
617.59	33.118
618.04	33.383
618.49	33.662
618.95	33.953
619.40	34.261
619.85	34.593
620.30	34.927
620.75	35.264
621.20	35.612
621.65	35.969
622.10	36.339
622.55	36.721
623.00	37.110
623.46	37.496
623.91	37.882
624.36	38.279
624.81	38.672
625.26	39.069
625.71	39.465
626.16	39.872
626.61	40.270
627.06	40.667
627.51	41.068
627.96	41.461
628.41	41.848
628.86	42.218
629.32	42.583
629.77	42.942
630.22	43.296
630.67	43.645
631.12	43.983
631.57	44.318
632.02	44.642
632.47	44.940
632.92	45.239
633.37	45.539
633.82	45.812
634.27	46.068
634.72	46.322
635.17	46.554
635.62	46.761
636.07	46.960
636.52	47.134
636.97	47.293
637.42	47.439
637.87	47.574
638.32	47.698
638.77	47.813
639.22	47.922
639.67	48.009
640.12	48.080
640.57	48.135
641.02	48.160
641.47	48.168
641.92	48.179
642.37	48.159
642.82	48.111
643.27	48.053
643.72	47.990
644.17	47.902
644.62	47.804
645.07	47.693
645.52	47.580
645.97	47.462
646.42	47.326
646.87	47.178
647.32	47.039
647.77	46.895
648.22	46.717
648.66	46.523
649.11	46.310
649.56	46.079
650.01	45.843
650.46	45.609
650.91	45.373
651.36	45.115
651.81	44.843
652.26	44.582
652.71	44.304
653.16	44.023
653.61	43.731
654.06	43.437
654.50	43.127
654.95	42.803
655.40	42.473
655.85	42.145
656.30	41.811
656.75	41.454
657.20	41.097
657.65	40.750
658.10	40.393
658.55	40.054
658.99	39.723
659.44	39.393
659.89	39.059
660.34	38.715
660.79	38.378
661.24	38.061
661.69	37.739
662.13	37.433
662.58	37.116
663.03	36.811
663.48	36.508
663.93	36.229
664.38	35.957
664.83	35.702
665.27	35.444
665.72	35.191
666.17	34.950
666.62	34.714
667.07	34.490
667.52	34.286
667.96	34.081
668.41	33.881
668.86	33.702
669.31	33.532
669.76	33.386
670.21	33.257
670.65	33.143
671.10	33.038
671.55	32.942
672.00	32.869
672.45	32.812
672.89	32.773
673.34	32.737
673.79	32.715
674.24	32.701
674.68	32.705
675.13	32.731
675.58	32.773
676.03	32.830
676.48	32.890
676.92	32.957
677.37	33.054
677.82	33.163
678.27	33.272
678.71	33.393
679.16	33.524
679.61	33.667
680.06	33.814
680.50	33.980
680.95	34.178
681.40	34.378
681.85	34.576
682.29	34.790
682.74	35.017
683.19	35.253
683.64	35.495
684.08	35.758
684.53	36.027
684.98	36.312
685.43	36.605
685.87	36.901
686.32	37.198
686.77	37.483
687.21	37.766
687.66	38.071
688.11	38.393
688.55	38.707
689.00	39.017
689.45	39.355
689.90	39.689
690.34	40.003
690.79	40.312
691.24	40.641
691.68	40.964
692.13	41.270
692.58	41.561
693.02	41.865
693.47	42.156
693.92	42.435
694.36	42.697
694.81	42.973
695.26	43.251
695.70	43.523
696.15	43.801
696.60	44.082
697.04	44.350
697.49	44.590
697.94	44.820
698.38	45.060
698.83	45.273
699.27	45.486
699.72	45.678
700.17	45.884
700.61	46.080
701.06	46.268
701.51	46.456
701.95	46.649
702.40	46.831
702.84	47.008
703.29	47.187
703.74	47.348
704.18	47.489
704.63	47.624
705.07	47.750
705.52	47.862
705.97	47.964
706.41	48.049
706.86	48.116
707.30	48.198
707.75	48.273
708.20	48.339
708.64	48.380
709.09	48.416
709.53	48.439
709.98	48.455
710.42	48.450
710.87	48.424
711.32	48.398
711.76	48.347
712.21	48.291
712.65	48.220
713.10	48.159
713.54	48.088
713.99	48.003
714.43	47.923
714.88	47.818
715.33	47.688
715.77	47.566
716.22	47.461
716.66	47.336
717.11	47.193
717.55	47.044
718.00	46.895
718.44	46.741
718.89	46.568
719.33	46.395
719.78	46.231
720.22	46.072
720.67	45.893
721.11	45.718
721.56	45.538
722.00	45.340
722.45	45.127
722.89	44.908
723.34	44.695
723.78	44.487
724.23	44.278
724.67	44.072
725.12	43.846
725.56	43.605
726.01	43.364
726.45	43.117
726.90	42.856
727.34	42.591
727.78	42.338
728.23	42.086
728.67	41.814
729.12	41.541
729.56	41.278
730.01	41.008
730.45	40.720
730.90	40.419
731.34	40.144
731.79	39.878
732.23	39.602
732.67	39.309
733.12	39.008
733.56	38.733
734.01	38.470
734.45	38.202
734.89	37.945
735.34	37.707
735.78	37.471
736.23	37.236
736.67	36.996
737.12	36.756
737.56	36.518
738.00	36.280
738.45	36.053
738.89	35.829
739.34	35.634
739.78	35.464
740.22	35.297
740.67	35.116
741.11	34.931
741.55	34.766
742.00	34.612
742.44	34.467
742.89	34.312
743.33	34.172
743.77	34.053
744.22	33.943
744.66	33.812
745.10	33.688
745.55	33.573
745.99	33.482
746.43	33.407
746.88	33.336
747.32	33.270
747.76	33.219
748.21	33.195
748.65	33.150
749.09	33.098
749.54	33.054
749.98	33.036
750.42	33.038
750.87	33.028
751.31	33.022
751.75	33.033
752.20	33.067
752.64	33.118
753.08	33.158
753.53	33.192
753.97	33.261
754.41	33.339
754.85	33.431
755.30	33.525
755.74	33.619
756.18	33.739
756.63	33.889
757.07	34.035
757.51	34.155
757.95	34.294
758.40	34.455
758.84	34.629
759.28	34.806
759.72	34.974
760.17	35.163
760.61	35.368
761.05	35.576
761.50	35.777
761.94	35.962
762.38	36.157
762.82	36.381
763.26	36.605
763.71	36.824
764.15	37.038
764.59	37.243
765.03	37.451
765.48	37.665
765.92	37.857
766.36	38.045
766.80	38.259
767.25	38.487
767.69	38.703
768.13	38.939
768.57	39.181
769.01	39.424
769.46	39.657
769.90	39.889
770.34	40.110
770.78	40.334
771.22	40.584
771.67	40.856
772.11	41.121
772.55	41.368
772.99	41.598
773.43	41.824
773.87	42.087
774.32	42.357
774.76	42.608
775.20	42.849
775.64	43.092
776.08	43.354
776.52	43.598
776.97	43.840
777.41	44.056
777.85	44.261
778.29	44.479
778.73	44.720
779.17	44.955
779.62	45.171
780.06	45.389
780.50	45.593
780.94	45.786
781.38	45.965
781.82	46.147
782.26	46.342
782.70	46.543
783.15	46.726
783.59	46.896
784.03	47.038
784.47	47.190
784.91	47.329
785.35	47.443
785.79	47.570
786.23	47.703
786.67	47.834
787.11	47.969
787.56	48.091
788.00	48.193
788.44	48.295
788.88	48.410
789.32	48.511
789.76	48.601
790.20	48.690
790.64	48.781
791.08	48.876
791.52	48.956
791.96	49.002
792.40	49.043
792.84	49.096
793.28	49.180
793.73	49.259
794.17	49.326
794.61	49.383
795.05	49.431
795.49	49.454
795.93	49.464
796.37	49.449
796.81	49.443
797.25	49.459
797.69	49.444
798.13	49.417
798.57	49.391
799.01	49.356
799.45	49.293
799.89	49.212
800.33	49.125
800.77	49.058
801.21	49.015
801.65	48.948
802.09	48.867
802.53	48.769
802.97	48.659
803.41	48.556
803.85	48.463
804.29	48.370
804.73	48.298
805.17	48.195
805.61	48.080
806.05	47.952
806.49	47.781
806.93	47.646
807.37	47.521
807.81	47.407
808.25	47.283
808.69	47.141
809.13	47.001
809.57	46.853
810.01	46.702
810.44	46.524
810.88	46.345
811.32	46.171
811.76	45.999
812.20	45.828
812.64	45.658
813.08	45.467
813.52	45.252
813.96	45.016
814.40	44.818
814.84	44.646
815.28	44.464
815.72	44.285
816.16	44.087
816.59	43.896
817.03	43.691
817.47	43.487
817.91	43.308
818.35	43.133
818.79	42.959
819.23	42.769
819.67	42.587
820.11	42.406
820.54	42.203
820.98	41.991
821.42	41.776
821.86	41.560
822.30	41.361
822.74	41.176
823.18	40.981
823.62	40.772
824.05	40.556
824.49	40.364
824.93	40.172
825.37	39.985
825.81	39.782
826.25	39.573
826.69	39.343
827.12	39.102
827.56	38.871
828.00	38.657
828.44	38.453
828.88	38.250
829.32	38.044
829.75	37.855
830.19	37.667
830.63	37.482
831.07	37.301
831.51	37.107
831.94	36.900
832.38	36.705
832.82	36.525
833.26	36.357
833.70	36.187
834.13	36.027
834.57	35.867
835.01	35.717
835.45	35.575
835.89	35.461
836.32	35.351
836.76	35.222
837.20	35.069
837.64	34.931
838.08	34.824
838.51	34.743
838.95	34.651
839.39	34.564
839.83	34.489
840.26	34.420
840.70	34.354
841.14	34.298
841.58	34.261
842.01	34.221
842.45	34.183
842.89	34.134
843.33	34.081
843.76	34.035
844.20	34.004
844.64	33.972
845.08	33.941
845.51	33.914
845.95	33.905
846.39	33.910
846.82	33.897
847.26	33.878
847.70	33.850
848.14	33.833
848.57	33.836
849.01	33.841
849.45	33.832
849.88	33.830
850.32	33.843
850.76	33.873
851.19	33.917
851.63	33.955
852.07	34.018
852.50	34.093
852.94	34.144
853.38	34.184
853.81	34.236
854.25	34.313
854.69	34.402
855.12	34.493
855.56	34.585
856.00	34.695
856.43	34.822
856.87	34.937
857.31	35.061
857.74	35.203
858.18	35.328
858.62	35.457
859.05	35.592
859.49	35.720
859.93	35.838
860.36	35.969
860.80	36.107
861.24	36.231
861.67	36.355
862.11	36.479
862.54	36.622
862.98	36.776
863.42	36.933
863.85	37.094
864.29	37.259
864.72	37.442
865.16	37.608
865.60	37.761
866.03	37.924
866.47	38.088
866.90	38.234
867.34	38.411
867.78	38.611
868.21	38.845
868.65	39.086
869.08	39.315
869.52	39.513
869.95	39.701
870.39	39.893
870.83	40.093
871.26	40.330
871.70	40.576
872.13	40.803
872.57	41.019
873.00	41.225
873.44	41.421
873.87	41.606
874.31	41.802
874.75	41.992
875.18	42.194
875.62	42.394
876.05	42.592
876.49	42.808
876.92	43.046
877.36	43.264
877.79	43.461
878.23	43.644
878.66	43.841
879.10	44.066
879.53	44.290
879.97	44.505
880.40	44.690
880.84	44.873
881.27	45.055
881.71	45.217
882.14	45.378
882.58	45.554
883.01	45.731
883.45	45.925
883.88	46.118
884.32	46.283
884.75	46.460
885.19	46.638
885.62	46.808
886.06	46.965
886.49	47.115
886.92	47.272
887.36	47.454
887.79	47.636
888.23	47.780
888.66	47.936
889.10	48.065
889.53	48.209
889.97	48.344
890.40	48.471
890.83	48.587
891.27	48.720
891.70	48.868
892.14	49.012
892.57	49.155
893.01	49.324
893.44	49.500
893.87	49.659
894.31	49.824
894.74	49.971
895.18	50.095
895.61	50.169
896.04	50.265
896.48	50.346
896.91	50.414
897.35	50.469
897.78	50.489
898.21	50.560
898.65	50.639
899.08	50.705
899.52	50.771
899.95	50.865
900.38	50.958
900.82	51.051
901.25	51.145
901.68	51.230
902.12	51.288
902.55	51.357
902.99	51.445
903.42	51.503
903.85	51.560
904.29	51.593
904.72	51.660
905.15	51.709
905.59	51.746
906.02	51.777
906.45	51.842
906.89	51.917
907.32	51.998
907.75	52.050
908.19	52.076
908.62	52.083
909.05	52.072
909.49	52.056
909.92	52.005
910.35	51.934
910.78	51.841
911.22	51.741
911.65	51.626
912.08	51.528
912.52	51.443
912.95	51.354
913.38	51.276
913.82	51.208
914.25	51.159
914.68	51.092
915.11	51.040
915.55	50.957
915.98	50.899
916.41	50.800
916.84	50.697
917.28	50.602
917.71	50.555
918.14	50.507
918.58	50.408
919.01	50.303
919.44	50.201
919.87	50.136
920.31	50.082
920.74	50.029
921.17	49.912
921.60	49.822
922.03	49.705
922.47	49.586
922.90	49.444
923.33	49.270
923.76	49.132
924.20	48.990
924.63	48.869
925.06	48.713
925.49	48.519
925.92	48.370
926.36	48.251
926.79	48.102
927.22	47.964
927.65	47.845
928.08	47.733
928.52	47.631
928.95	47.477
929.38	47.335
929.81	47.177
930.24	47.071
930.68	46.914
931.11	46.769
931.54	46.629
931.97	46.521
932.40	46.383
932.83	46.264
933.27	46.131
933.70	45.982
934.13	45.840
934.56	45.729
934.99	45.566
935.42	45.392
935.85	45.204
936.29	45.008
936.72	44.809
937.15	44.628
937.58	44.449
938.01	44.279
938.44	44.099
938.87	43.930
939.31	43.731
939.74	43.543
940.17	43.360
940.60	43.182
941.03	42.988
941.46	42.803
941.89	42.601
942.32	42.413
942.75	42.214
943.18	42.029
943.62	41.836
944.05	41.627
944.48	41.405
944.91	41.203
945.34	41.014
945.77	40.846
946.20	40.678
946.63	40.481
947.06	40.271
947.49	40.073
947.92	39.891
948.35	39.662
948.78	39.451
949.22	39.243
949.65	39.035
950.08	38.816
950.51	38.612
950.94	38.399
951.37	38.225
951.80	38.066
952.23	37.891
952.66	37.732
953.09	37.630
953.52	37.529
953.95	37.371
954.38	37.243
954.81	37.112
955.24	36.960
955.67	36.838
956.10	36.727
956.53	36.622
956.96	36.504
957.39	36.428
957.82	36.335
958.25	36.239
958.68	36.124
959.11	36.026
959.54	35.900
959.97	35.808
960.40	35.691
960.83	35.564
961.26	35.455
961.69	35.366
962.12	35.215
962.55	35.055
962.98	34.945
963.41	34.826
963.84	34.715
964.27	34.578
964.70	34.494
965.13	34.403
965.56	34.275
965.99	34.159
966.42	34.032
966.84	33.991
967.27	33.942
967.70	33.889
968.13	33.820
968.56	33.809
968.99	33.751
969.42	33.673
969.85	33.618
970.28	33.535
970.71	33.468
971.14	33.394
971.57	33.374
972.00	33.366
972.42	33.311
972.85	33.254
973.28	33.244
973.71	33.154
974.14	33.149
974.57	33.120
975.00	33.073
975.43	33.082
975.86	33.010
976.28	32.971
976.71	32.953
977.14	32.911
977.57	32.892
978.00	32.855
978.43	32.892
978.86	32.879
979.29	32.928
979.71	32.923
980.14	32.908
980.57	32.882
981.00	32.853
981.43	32.881
981.86	32.931
982.28	32.942
982.71	33.003
983.14	32.956
983.57	32.933
984.00	32.972
984.43	32.999
984.85	33.048
985.28	33.128
985.71	33.172
986.14	33.238
986.57	33.306
986.99	33.356
987.42	33.320
987.85	33.358
988.28	33.377
988.71	33.384
989.13	33.556
989.56	33.692
989.99	33.846
990.42	33.882
990.85	34.002
991.27	34.153
991.70	34.170
992.13	34.265
992.56	34.393
992.98	34.532
993.41	34.646
993.84	34.705
994.27	34.748
994.70	34.845
995.12	34.940
995.55	35.011
995.98	35.085
996.41	35.220
996.83	35.447
997.26	35.601
997.69	35.806
998.11	35.861
998.54	35.942
998.97	36.012
999.40	36.191
999.82	36.322
1000.25	36.446
1000.68	36.627
1001.11	36.776
1001.53	36.909
1001.96	37.027
1002.39	37.148
1002.81	37.288
1003.24	37.407
1003.67	37.534
1004.09	37.673
1004.52	37.803
1004.95	37.955
1005.38	38.057
1005.80	38.142
1006.23	38.253
1006.66	38.353
1007.08	38.536
1007.51	38.625
1007.94	38.850
1008.36	38.946
1008.79	39.018
1009.22	39.131
1009.64	39.211
1010.07	39.381
1010.50	39.493
1010.92	39.544
1011.35	39.706
1011.77	39.796
1012.20	39.872
1012.63	39.976
1013.05	40.023
1013.48	40.136
1013.91	40.314
1014.33	40.474
1014.76	40.558
1015.19	40.601
1015.61	40.695
1016.04	40.776
1016.46	40.846
1016.89	40.911
1017.32	40.990
1017.74	41.010
1018.17	41.118
1018.59	41.265
1019.02	41.411
1019.45	41.450
1019.87	41.511
1020.30	41.578
1020.72	41.648
1021.15	41.748
1021.58	41.874
1022.00	42.024
1022.43	42.135
1022.85	42.304
1023.28	42.311
1023.70	42.300
1024.13	42.412
1024.55	42.396
1024.98	42.439
1025.41	42.464
1025.83	42.440
1026.26	42.647
1026.68	42.616
1027.11	42.573
1027.53	42.504
1027.96	42.389
1028.38	42.527
1028.81	42.664
1029.23	42.735
1029.66	42.936
1030.08	43.026
1030.51	43.063
1030.94	43.194
1031.36	43.133
1031.79	43.047
1032.21	43.098
1032.64	43.314
1033.06	43.315
1033.49	43.229
1033.91	43.277
1034.34	43.376
1034.76	43.430
1035.19	43.336
1035.61	43.440
1036.03	43.411
1036.46	43.603
1036.88	43.552
1037.31	43.547
1037.73	43.460
1038.16	43.419
1038.58	43.377
1039.01	43.276
1039.43	43.382
1039.86	43.533
1040.28	43.619
1040.71	43.770
1041.13	43.899
1041.55	43.786
1041.98	43.810
1042.40	43.871
1042.83	43.967
1043.25	44.081
1043.68	43.962
1044.10	44.034
1044.52	44.072
1044.95	44.301
1045.37	44.391
1045.80	44.353
1046.22	44.510
1046.65	44.587
1047.07	44.543
1047.49	44.483
1047.92	44.470
1048.34	44.408
1048.77	44.331
1049.19	43.934
1049.61	43.721
1050.04	43.606
1050.46	43.532
1050.89	43.692
1051.31	43.692
1051.73	43.392
1052.16	43.233
1052.58	42.994
1053.00	42.869
1053.43	42.879
1053.85	42.625
1054.27	42.430
1054.70	42.410
1055.12	42.279
1055.55	42.189
1055.97	41.864
1056.39	42.102
1056.82	42.109
1057.24	41.946
1057.66	41.529
1058.09	41.937
1058.51	42.248
1058.93	42.421
1059.36	42.099
1059.78	41.914
1060.20	41.672
1060.62	41.914
1061.05	42.042
1061.47	41.978
1061.89	41.882
1062.32	41.906
1062.74	41.800
1063.16	41.871
1063.59	41.609
1064.01	41.275
1064.43	41.131
1064.85	41.120
1065.28	40.791
1065.70	40.893
1066.12	40.256
1066.55	40.312
1066.97	39.864
1067.39	39.339
1067.81	38.633
1068.24	38.283
1068.66	37.791
1069.08	37.791
1069.50	36.816
1069.93	36.398
1070.35	36.441
1070.77	35.819
1071.19	35.198
1071.62	34.440
1072.04	34.024
1072.46	34.105
1072.88	33.947
1073.31	33.677
1073.73	33.505
1074.15	32.835
1074.57	32.171
1075.00	31.824
1075.42	31.133
1075.84	30.923
1076.26	29.882
1076.68	29.241
1077.11	29.060
1077.53	28.809
1077.95	28.814
1078.37	28.289
1078.79	27.846
1079.22	27.164
1079.64	26.836
1080.06	26.046
1080.48	25.082
1080.90	24.053
1081.32	23.236
1081.75	21.792
1082.17	21.131
1082.59	19.642
1083.01	18.513
1083.43	17.917
1083.85	17.274
1084.28	15.770
1084.70	14.311
1085.12	12.767
1085.54	12.638
1085.96	11.166
1086.38	10.849
1086.80	10.265
1087.23	10.020
1087.65	9.737
1088.07	9.267
1088.49	8.046
1088.91	7.701
1089.33	7.382
1089.75	6.447
1090.17	7.050
1090.60	6.787
1091.02	5.273
1091.44	5.508
1091.86	4.313
1092.28	3.064
1092.70	1.593
1093.12	1.390
1093.54	0.732
1093.96	1.053
1094.38	-1.001
1094.81	-2.828
1095.23	-6.847
1095.65	-9.853
1096.07	-11.891
1096.49	-15.351
1096.91	-16.564
1097.33	-17.380
1097.75	-20.141
1098.17	-21.102
1098.59	-22.465
1099.01	-24.297
1099.43	-26.272
1099.85	-28.038
1100.27	-31.348
1100.69	-32.537
1101.11	-33.180
1101.53	-34.010
1101.95	-37.011
1102.38	-19.404
1102.80	-58.387
1103.22	4.651
1103.64	-47.368
1104.06	-55.615
1104.48	-67.626
1104.90	-83.313
1105.32	-21.494
1105.74	-42.817
1106.16	-105.920
