188.40	-247.746
188.88	-93.211
189.35	158.217
189.83	1324.348
190.30	-943.137
190.78	-101.923
191.26	-288.406
191.73	954.717
192.21	-1595.652
192.68	-45.611
193.16	-777.896
193.63	-860.018
194.11	-928.061
194.58	-868.503
195.06	-704.092
195.53	-445.782
196.01	-363.828
196.48	-326.430
196.96	-271.748
197.43	-223.652
197.91	-203.215
198.38	-184.054
198.86	-147.954
199.33	-119.371
199.81	-115.061
200.28	-112.072
200.76	-98.694
201.23	-86.752
201.71	-78.967
202.18	-77.451
202.66	-69.609
203.13	-62.651
203.61	-57.949
204.08	-53.754
204.55	-49.551
205.03	-43.570
205.50	-43.620
205.98	-45.564
206.45	-44.501
206.93	-40.899
207.40	-39.456
207.88	-42.719
208.35	-43.131
208.82	-44.114
209.30	-43.968
209.77	-43.745
210.25	-43.958
210.72	-43.293
211.20	-43.052
211.67	-41.686
212.14	-41.215
212.62	-38.816
213.09	-37.802
213.57	-39.448
214.04	-40.168
214.52	-40.001
214.99	-36.418
215.46	-39.484
215.94	-41.104
216.41	-38.549
216.89	-38.092
217.36	-37.780
217.83	-38.060
218.31	-36.049
218.78	-32.525
219.25	-33.408
219.73	-36.049
220.20	-34.624
220.68	-31.983
221.15	-32.374
221.62	-34.560
222.10	-34.156
222.57	-31.590
223.04	-32.554
223.52	-34.941
223.99	-35.819
224.47	-33.530
224.94	-36.313
225.41	-36.529
225.89	-35.552
226.36	-34.107
226.83	-36.644
227.31	-39.303
227.78	-38.086
228.25	-34.967
228.73	-36.294
229.20	-37.246
229.67	-36.677
230.15	-35.365
230.62	-37.554
231.09	-42.284
231.57	-44.283
232.04	-40.703
232.51	-40.992
232.98	-44.242
233.46	-42.203
233.93	-38.930
234.40	-40.384
234.88	-40.386
235.35	-41.283
235.82	-38.379
236.30	-36.816
236.77	-37.926
237.24	-39.937
237.71	-36.733
238.19	-37.528
238.66	-38.706
239.13	-39.064
239.61	-37.467
240.08	-35.296
240.55	-36.507
241.02	-33.337
241.50	-29.661
241.97	-30.881
242.44	-31.496
242.91	-30.727
243.39	-31.314
243.86	-30.763
244.33	-32.504
244.80	-34.870
245.28	-34.202
245.75	-33.235
246.22	-35.524
246.69	-35.810
247.17	-32.778
247.64	-32.944
248.11	-35.177
248.58	-35.764
249.05	-35.223
249.53	-33.097
250.00	-35.365
250.47	-37.624
250.94	-38.598
251.42	-36.485
251.89	-36.512
252.36	-37.687
252.83	-36.786
253.30	-33.351
253.78	-33.644
254.25	-34.815
254.72	-33.608
255.19	-31.353
255.66	-33.382
256.13	-35.214
256.61	-33.211
257.08	-32.362
257.55	-33.523
258.02	-34.278
258.49	-33.545
258.97	-33.561
259.44	-36.992
259.91	-38.611
260.38	-36.234
260.85	-34.367
261.32	-34.089
261.79	-35.898
262.27	-35.371
262.74	-32.555
263.21	-32.724
263.68	-36.469
264.15	-36.739
264.62	-36.706
265.09	-37.138
265.57	-39.203
266.04	-39.237
266.51	-38.361
266.98	-39.421
267.45	-40.132
267.92	-40.675
268.39	-38.021
268.86	-37.488
269.34	-36.648
269.81	-34.794
270.28	-34.775
270.75	-33.736
271.22	-36.156
271.69	-34.644
272.16	-33.125
272.63	-33.356
273.10	-34.819
273.57	-32.927
274.05	-30.788
274.52	-28.558
274.99	-28.679
275.46	-26.961
275.93	-25.573
276.40	-25.371
276.87	-26.255
277.34	-25.870
277.81	-24.817
278.28	-27.421
278.75	-27.785
279.22	-28.519
279.69	-28.710
280.16	-27.591
280.63	-28.614
281.11	-29.200
281.58	-29.912
282.05	-29.013
282.52	-29.652
282.99	-30.785
283.46	-29.980
283.93	-27.506
284.40	-30.474
284.87	-31.327
285.34	-32.487
285.81	-32.211
286.28	-32.151
286.75	-31.612
287.22	-30.783
287.69	-29.230
288.16	-28.276
288.63	-27.920
289.10	-27.026
289.57	-24.960
290.04	-22.871
290.51	-23.616
290.98	-22.441
291.45	-21.134
291.92	-22.899
292.39	-23.272
292.86	-22.943
293.33	-22.991
293.80	-23.444
294.27	-23.911
294.74	-23.719
295.21	-21.535
295.68	-20.090
296.15	-20.436
296.62	-21.314
297.09	-20.937
297.56	-20.456
298.03	-20.936
298.49	-19.978
298.96	-18.859
299.43	-20.892
299.90	-23.155
300.37	-22.228
300.84	-21.929
301.31	-20.502
301.78	-20.507
302.25	-20.092
302.72	-17.311
303.19	-17.460
303.66	-17.606
304.13	-16.623
304.60	-15.093
305.07	-13.878
305.53	-14.565
306.00	-14.563
306.47	-12.314
306.94	-12.399
307.41	-13.678
307.88	-14.201
308.35	-13.462
308.82	-12.703
309.29	-13.878
309.76	-13.837
310.22	-12.718
310.69	-13.182
311.16	-13.761
311.63	-13.668
312.10	-13.654
312.57	-14.324
313.04	-14.856
313.51	-14.567
313.97	-13.525
314.44	-13.846
314.91	-14.805
315.38	-15.611
315.85	-14.430
316.32	-13.662
316.79	-13.721
317.25	-13.909
317.72	-13.134
318.19	-13.737
318.66	-13.740
319.13	-12.375
319.60	-12.346
320.07	-11.855
320.53	-11.682
321.00	-12.129
321.47	-11.195
321.94	-10.457
322.41	-10.582
322.87	-9.990
323.34	-9.919
323.81	-8.692
324.28	-8.938
324.75	-9.044
325.22	-8.049
325.68	-8.819
326.15	-9.320
326.62	-9.591
327.09	-8.906
327.56	-8.109
328.02	-8.477
328.49	-9.079
328.96	-8.982
329.43	-8.757
329.89	-9.012
330.36	-9.123
330.83	-8.702
331.30	-8.468
331.77	-8.936
332.23	-8.657
332.70	-8.441
333.17	-9.050
333.64	-9.710
334.10	-9.762
334.57	-8.679
335.04	-8.352
335.51	-8.751
335.97	-9.037
336.44	-8.535
336.91	-8.586
337.38	-8.169
337.84	-9.555
338.31	-8.439
338.78	-7.611
339.24	-7.069
339.71	-6.177
340.18	-5.270
340.65	-5.000
341.11	-4.634
341.58	-4.810
342.05	-4.545
342.52	-4.261
342.98	-3.428
343.45	-3.233
343.92	-3.528
344.38	-4.171
344.85	-3.625
345.32	-2.951
345.78	-2.329
346.25	-1.709
346.72	-1.176
347.18	-0.870
347.65	0.277
348.12	0.152
348.58	0.333
349.05	0.342
349.52	0.542
349.99	0.685
350.45	0.895
350.92	1.064
351.38	1.362
351.85	1.744
352.32	2.171
352.78	1.690
353.25	1.814
353.72	2.339
354.18	2.704
354.65	2.719
355.12	2.525
355.58	2.654
356.05	2.719
356.52	2.465
356.98	2.341
357.45	2.540
357.91	2.631
358.38	2.579
358.85	2.451
359.31	2.489
359.78	2.741
360.25	2.492
360.71	2.453
361.18	2.621
361.64	2.649
362.11	2.528
362.58	2.657
363.04	2.895
363.51	3.268
363.97	3.140
364.44	3.152
364.91	3.343
365.37	3.311
365.84	3.307
366.30	3.410
366.77	3.387
367.23	3.529
367.70	3.469
368.17	3.575
368.63	3.816
369.10	3.768
369.56	3.602
370.03	3.619
370.49	3.761
370.96	3.783
371.42	3.714
371.89	3.884
372.36	4.013
372.82	3.987
373.29	3.925
373.75	3.990
374.22	4.038
374.68	4.222
375.15	4.277
375.61	4.365
376.08	4.419
376.54	4.552
377.01	4.560
377.47	4.586
377.94	4.622
378.40	4.657
378.87	4.525
379.33	4.617
379.80	4.701
380.26	4.702
380.73	4.759
381.19	4.698
381.66	4.669
382.12	4.666
382.59	4.613
383.05	4.594
383.52	4.558
383.98	4.532
384.45	4.515
384.91	4.420
385.38	4.429
385.84	4.512
386.31	4.431
386.77	4.399
387.24	4.378
387.70	4.431
388.16	4.505
388.63	4.567
389.09	4.626
389.56	4.727
390.02	4.782
390.49	4.811
390.95	4.874
391.42	4.944
391.88	5.056
392.34	5.048
392.81	5.115
393.27	5.216
393.74	5.275
394.20	5.319
394.67	5.390
395.13	5.461
395.59	5.545
396.06	5.579
396.52	5.656
396.99	5.748
397.45	5.745
397.91	5.725
398.38	5.636
398.84	5.638
399.31	5.629
399.77	5.537
400.23	5.528
400.70	5.506
401.16	5.468
401.63	5.375
402.09	5.339
402.55	5.315
403.02	5.273
403.48	5.176
403.94	5.118
404.41	5.110
404.87	5.067
405.33	5.008
405.80	4.972
406.26	4.961
406.73	4.975
407.19	4.981
407.65	5.007
408.12	5.148
408.58	5.245
409.04	5.327
409.51	5.419
409.97	5.539
410.43	5.700
410.90	5.850
411.36	6.057
411.82	6.275
412.29	6.495
412.75	6.725
413.21	6.888
413.67	7.118
414.14	7.322
414.60	7.510
415.06	7.682
415.53	7.901
415.99	8.076
416.45	8.259
416.92	8.381
417.38	8.518
417.84	8.628
418.30	8.649
418.77	8.681
419.23	8.729
419.69	8.743
420.16	8.747
420.62	8.661
421.08	8.589
421.54	8.489
422.01	8.354
422.47	8.204
422.93	8.110
423.39	7.974
423.86	7.866
424.32	7.694
424.78	7.556
425.24	7.416
425.71	7.277
426.17	7.144
426.63	7.026
427.09	6.955
427.56	6.888
428.02	6.825
428.48	6.797
428.94	6.752
429.41	6.683
429.87	6.660
430.33	6.776
430.79	6.940
431.25	7.175
431.72	7.380
432.18	7.636
432.64	7.926
433.10	8.244
433.56	8.539
434.03	8.898
434.49	9.286
434.95	9.687
435.41	10.074
435.87	10.454
436.34	10.879
436.80	11.283
437.26	11.688
437.72	12.065
438.18	12.457
438.64	12.869
439.11	13.262
439.57	13.614
440.03	13.899
440.49	14.130
440.95	14.311
441.41	14.454
441.88	14.595
442.34	14.716
442.80	14.753
443.26	14.775
443.72	14.762
444.18	14.712
444.64	14.616
445.11	14.478
445.57	14.345
446.03	14.180
446.49	13.970
446.95	13.747
447.41	13.536
447.87	13.299
448.33	13.056
448.79	12.790
449.26	12.551
449.72	12.331
450.18	12.116
450.64	11.907
451.10	11.733
451.56	11.568
452.02	11.430
452.48	11.303
452.94	11.221
453.40	11.186
453.87	11.178
454.33	11.206
454.79	11.289
455.25	11.405
455.71	11.550
456.17	11.731
456.63	11.967
457.09	12.249
457.55	12.561
458.01	12.898
458.47	13.287
458.93	13.707
459.39	14.135
459.85	14.566
460.31	15.029
460.77	15.519
461.24	16.018
461.70	16.519
462.16	17.020
462.62	17.543
463.08	18.040
463.54	18.525
464.00	19.007
464.46	19.473
464.92	19.911
465.38	20.327
465.84	20.711
466.30	21.083
466.76	21.414
467.22	21.695
467.68	21.950
468.14	22.164
468.60	22.333
469.06	22.479
469.52	22.570
469.98	22.638
470.44	22.666
470.90	22.641
471.36	22.586
471.82	22.509
472.28	22.387
472.74	22.225
473.20	22.024
473.66	21.819
474.12	21.586
474.58	21.307
475.04	21.024
475.50	20.729
475.95	20.406
476.41	20.085
476.87	19.758
477.33	19.434
477.79	19.124
478.25	18.813
478.71	18.497
479.17	18.204
479.63	17.927
480.09	17.661
480.55	17.419
481.01	17.209
481.47	17.034
481.93	16.878
482.39	16.768
482.84	16.701
483.30	16.665
483.76	16.670
484.22	16.708
484.68	16.782
485.14	16.905
485.60	17.068
486.06	17.265
486.52	17.504
486.98	17.787
487.44	18.104
487.89	18.443
488.35	18.825
488.81	19.235
489.27	19.671
489.73	20.136
490.19	20.615
490.65	21.121
491.11	21.640
491.56	22.168
492.02	22.706
492.48	23.248
492.94	23.793
493.40	24.325
493.86	24.865
494.32	25.394
494.77	25.908
495.23	26.404
495.69	26.889
496.15	27.352
496.61	27.791
497.07	28.198
497.52	28.583
497.98	28.946
498.44	29.289
498.90	29.593
499.36	29.862
499.82	30.107
500.27	30.311
500.73	30.478
501.19	30.614
501.65	30.714
502.11	30.787
502.56	30.820
503.02	30.819
503.48	30.790
503.94	30.733
504.40	30.647
504.85	30.521
505.31	30.372
505.77	30.196
506.23	29.994
506.69	29.766
507.14	29.520
507.60	29.249
508.06	28.955
508.52	28.645
508.97	28.320
509.43	27.988
509.89	27.630
510.35	27.273
510.80	26.912
511.26	26.557
511.72	26.198
512.18	25.836
512.63	25.485
513.09	25.142
513.55	24.804
514.01	24.476
514.46	24.177
514.92	23.888
515.38	23.623
515.84	23.373
516.29	23.162
516.75	22.978
517.21	22.820
517.66	22.683
518.12	22.578
518.58	22.509
519.04	22.476
519.49	22.483
519.95	22.524
520.41	22.595
520.86	22.696
521.32	22.829
521.78	23.000
522.23	23.205
522.69	23.445
523.15	23.717
523.61	24.022
524.06	24.352
524.52	24.714
524.98	25.093
525.43	25.498
525.89	25.913
526.35	26.346
526.80	26.792
527.26	27.262
527.72	27.745
528.17	28.240
528.63	28.736
529.09	29.233
529.54	29.734
530.00	30.243
530.45	30.739
530.91	31.236
531.37	31.724
531.82	32.204
532.28	32.667
532.74	33.115
533.19	33.552
533.65	33.962
534.10	34.345
534.56	34.708
535.02	35.049
535.47	35.371
535.93	35.673
536.39	35.955
536.84	36.208
537.30	36.441
537.75	36.635
538.21	36.801
538.67	36.944
539.12	37.059
539.58	37.149
540.03	37.216
540.49	37.259
540.94	37.276
541.40	37.259
541.86	37.220
542.31	37.157
542.77	37.064
543.22	36.958
543.68	36.829
544.13	36.688
544.59	36.527
545.05	36.339
545.50	36.128
545.96	35.895
546.41	35.643
546.87	35.376
547.32	35.095
547.78	34.806
548.23	34.504
548.69	34.186
549.14	33.856
549.60	33.515
550.06	33.171
550.51	32.821
550.97	32.472
551.42	32.115
551.88	31.754
552.33	31.393
552.79	31.035
553.24	30.685
553.70	30.345
554.15	30.014
554.61	29.698
555.06	29.394
555.52	29.103
555.97	28.831
556.43	28.576
556.88	28.337
557.34	28.125
557.79	27.936
558.25	27.771
558.70	27.630
559.15	27.521
559.61	27.430
560.06	27.367
560.52	27.330
560.97	27.329
561.43	27.364
561.88	27.427
562.34	27.518
562.79	27.634
563.25	27.776
563.70	27.943
564.16	28.141
564.61	28.371
565.06	28.624
565.52	28.900
565.97	29.203
566.43	29.535
566.88	29.882
567.34	30.248
567.79	30.629
568.24	31.034
568.70	31.450
569.15	31.876
569.61	32.315
570.06	32.765
570.51	33.228
570.97	33.694
571.42	34.162
571.88	34.644
572.33	35.126
572.78	35.606
573.24	36.090
573.69	36.562
574.15	37.036
574.60	37.504
575.05	37.966
575.51	38.423
575.96	38.866
576.42	39.310
576.87	39.744
577.32	40.170
577.78	40.573
578.23	40.971
578.68	41.353
579.14	41.724
579.59	42.070
580.04	42.389
580.50	42.695
580.95	42.980
581.40	43.245
581.86	43.498
582.31	43.723
582.76	43.939
583.22	44.144
583.67	44.317
584.12	44.475
584.58	44.603
585.03	44.703
585.48	44.779
585.94	44.816
586.39	44.831
586.84	44.836
587.30	44.824
587.75	44.784
588.20	44.731
588.66	44.653
589.11	44.562
589.56	44.459
590.01	44.334
590.47	44.189
590.92	44.027
591.37	43.841
591.83	43.639
592.28	43.411
592.73	43.167
593.18	42.909
593.64	42.640
594.09	42.358
594.54	42.070
594.99	41.776
595.45	41.473
595.90	41.156
596.35	40.821
596.80	40.474
597.26	40.124
597.71	39.762
598.16	39.393
598.61	39.021
599.07	38.643
599.52	38.262
599.97	37.885
600.42	37.502
600.88	37.123
601.33	36.749
601.78	36.378
602.23	36.006
602.69	35.638
603.14	35.278
603.59	34.926
604.04	34.580
604.49	34.245
604.95	33.918
605.40	33.621
605.85	33.340
606.30	33.064
606.75	32.810
607.21	32.572
607.66	32.354
608.11	32.154
608.56	31.971
609.01	31.810
609.46	31.667
609.92	31.546
610.37	31.451
610.82	31.376
611.27	31.330
611.72	31.307
612.17	31.310
612.63	31.325
613.08	31.366
613.53	31.429
613.98	31.523
614.43	31.641
614.88	31.768
615.34	31.920
615.79	32.090
616.24	32.276
616.69	32.487
617.14	32.719
617.59	32.962
618.04	33.223
618.49	33.500
618.95	33.791
619.40	34.093
619.85	34.420
620.30	34.755
620.75	35.088
621.20	35.438
621.65	35.798
622.10	36.168
622.55	36.547
623.00	36.936
623.46	37.326
623.91	37.714
624.36	38.108
624.81	38.500
625.26	38.893
625.71	39.286
626.16	39.684
626.61	40.074
627.06	40.466
627.51	40.860
627.96	41.242
628.41	41.628
628.86	42.005
629.32	42.367
629.77	42.725
630.22	43.083
630.67	43.427
631.12	43.763
631.57	44.095
632.02	44.416
632.47	44.721
632.92	45.022
633.37	45.322
633.82	45.605
634.27	45.869
634.72	46.127
635.17	46.367
635.62	46.588
636.07	46.798
636.52	46.988
636.97	47.163
637.42	47.324
637.87	47.465
638.32	47.599
638.77	47.721
639.22	47.830
639.67	47.922
640.12	48.002
640.57	48.064
641.02	48.104
641.47	48.130
641.92	48.143
642.37	48.127
642.82	48.083
643.27	48.030
643.72	47.967
644.17	47.893
644.62	47.807
645.07	47.710
645.52	47.603
645.97	47.487
646.42	47.348
646.87	47.203
647.32	47.070
647.77	46.928
648.22	46.760
648.66	46.578
649.11	46.370
649.56	46.145
650.01	45.917
650.46	45.688
650.91	45.456
651.36	45.200
651.81	44.936
652.26	44.681
652.71	44.404
653.16	44.125
653.61	43.829
654.06	43.531
654.50	43.219
654.95	42.895
655.40	42.565
655.85	42.242
656.30	41.911
656.75	41.557
657.20	41.194
657.65	40.840
658.10	40.477
658.55	40.143
658.99	39.818
659.44	39.484
659.89	39.147
660.34	38.802
660.79	38.470
661.24	38.149
661.69	37.832
662.13	37.524
662.58	37.210
663.03	36.913
663.48	36.620
663.93	36.336
664.38	36.062
664.83	35.797
665.27	35.539
665.72	35.284
666.17	35.042
666.62	34.808
667.07	34.578
667.52	34.371
667.96	34.154
668.41	33.941
668.86	33.756
669.31	33.585
669.76	33.430
670.21	33.284
670.65	33.156
671.10	33.039
671.55	32.940
672.00	32.858
672.45	32.791
672.89	32.736
673.34	32.693
673.79	32.665
674.24	32.648
674.68	32.640
675.13	32.653
675.58	32.683
676.03	32.734
676.48	32.796
676.92	32.865
677.37	32.957
677.82	33.068
678.27	33.176
678.71	33.295
679.16	33.426
679.61	33.574
680.06	33.731
680.50	33.890
680.95	34.074
681.40	34.269
681.85	34.459
682.29	34.667
682.74	34.886
683.19	35.109
683.64	35.350
684.08	35.604
684.53	35.868
684.98	36.143
685.43	36.423
685.87	36.711
686.32	36.998
686.77	37.288
687.21	37.567
687.66	37.866
688.11	38.174
688.55	38.480
689.00	38.786
689.45	39.107
689.90	39.437
690.34	39.749
690.79	40.060
691.24	40.384
691.68	40.702
692.13	41.009
692.58	41.308
693.02	41.618
693.47	41.917
693.92	42.202
694.36	42.476
694.81	42.760
695.26	43.038
695.70	43.307
696.15	43.575
696.60	43.855
697.04	44.121
697.49	44.369
697.94	44.598
698.38	44.839
698.83	45.071
699.27	45.301
699.72	45.510
700.17	45.720
700.61	45.919
701.06	46.115
701.51	46.310
701.95	46.513
702.40	46.704
702.84	46.885
703.29	47.065
703.74	47.230
704.18	47.375
704.63	47.512
705.07	47.647
705.52	47.770
705.97	47.876
706.41	47.967
706.86	48.052
707.30	48.154
707.75	48.245
708.20	48.317
708.64	48.358
709.09	48.393
709.53	48.421
709.98	48.446
710.42	48.443
710.87	48.423
711.32	48.384
711.76	48.328
712.21	48.276
712.65	48.214
713.10	48.152
713.54	48.083
713.99	48.013
714.43	47.934
714.88	47.830
715.33	47.707
715.77	47.593
716.22	47.478
716.66	47.343
717.11	47.188
717.55	47.036
718.00	46.887
718.44	46.735
718.89	46.561
719.33	46.391
719.78	46.230
720.22	46.066
720.67	45.897
721.11	45.727
721.56	45.548
722.00	45.344
722.45	45.131
722.89	44.917
723.34	44.700
723.78	44.501
724.23	44.298
724.67	44.098
725.12	43.880
725.56	43.651
726.01	43.419
726.45	43.181
726.90	42.920
727.34	42.663
727.78	42.419
728.23	42.166
728.67	41.898
729.12	41.628
729.56	41.362
730.01	41.088
730.45	40.794
730.90	40.497
731.34	40.234
731.79	39.972
732.23	39.692
732.67	39.399
733.12	39.094
733.56	38.821
734.01	38.556
734.45	38.278
734.89	38.011
735.34	37.767
735.78	37.527
736.23	37.282
736.67	37.034
737.12	36.787
737.56	36.559
738.00	36.329
738.45	36.100
738.89	35.881
739.34	35.692
739.78	35.533
740.22	35.367
740.67	35.183
741.11	35.001
741.55	34.844
742.00	34.685
742.44	34.529
742.89	34.364
743.33	34.215
743.77	34.095
744.22	33.981
744.66	33.848
745.10	33.717
745.55	33.599
745.99	33.507
746.43	33.424
746.88	33.338
747.32	33.254
747.76	33.193
748.21	33.162
748.65	33.117
749.09	33.058
749.54	33.002
749.98	32.977
750.42	32.969
750.87	32.951
751.31	32.936
751.75	32.956
752.20	32.998
752.64	33.044
753.08	33.088
753.53	33.124
753.97	33.184
754.41	33.260
754.85	33.351
755.30	33.439
755.74	33.535
756.18	33.659
756.63	33.810
757.07	33.961
757.51	34.087
757.95	34.226
758.40	34.382
758.84	34.551
759.28	34.719
759.72	34.884
760.17	35.069
760.61	35.272
761.05	35.467
761.50	35.653
761.94	35.832
762.38	36.012
762.82	36.234
763.26	36.455
763.71	36.675
764.15	36.889
764.59	37.098
765.03	37.301
765.48	37.502
765.92	37.693
766.36	37.880
766.80	38.087
767.25	38.306
767.69	38.519
768.13	38.758
768.57	39.005
769.01	39.250
769.46	39.487
769.90	39.726
770.34	39.957
770.78	40.190
771.22	40.441
771.67	40.717
772.11	40.967
772.55	41.209
772.99	41.428
773.43	41.656
773.87	41.912
774.32	42.169
774.76	42.409
775.20	42.646
775.64	42.888
776.08	43.145
776.52	43.386
776.97	43.629
777.41	43.852
777.85	44.063
778.29	44.281
778.73	44.517
779.17	44.760
779.62	44.985
780.06	45.203
780.50	45.415
780.94	45.612
781.38	45.804
781.82	45.989
782.26	46.203
782.70	46.413
783.15	46.597
783.59	46.788
784.03	46.975
784.47	47.151
784.91	47.296
785.35	47.424
785.79	47.561
786.23	47.701
786.67	47.823
787.11	47.951
787.56	48.060
788.00	48.161
788.44	48.247
788.88	48.349
789.32	48.444
789.76	48.537
790.20	48.618
790.64	48.711
791.08	48.802
791.52	48.873
791.96	48.923
792.40	48.972
792.84	49.033
793.28	49.105
793.73	49.182
794.17	49.259
794.61	49.316
795.05	49.364
795.49	49.384
795.93	49.401
796.37	49.392
796.81	49.406
797.25	49.422
797.69	49.423
798.13	49.397
798.57	49.379
799.01	49.351
799.45	49.290
799.89	49.203
800.33	49.137
800.77	49.082
801.21	49.034
801.65	48.962
802.09	48.864
802.53	48.766
802.97	48.650
803.41	48.549
803.85	48.463
804.29	48.364
804.73	48.296
805.17	48.200
805.61	48.104
806.05	47.989
806.49	47.836
806.93	47.708
807.37	47.591
807.81	47.482
808.25	47.353
808.69	47.217
809.13	47.092
809.57	46.950
810.01	46.795
810.44	46.623
810.88	46.458
811.32	46.309
811.76	46.146
812.20	45.977
812.64	45.802
813.08	45.606
813.52	45.403
813.96	45.169
814.40	44.969
814.84	44.794
815.28	44.603
815.72	44.422
816.16	44.228
816.59	44.037
817.03	43.829
817.47	43.625
817.91	43.461
818.35	43.295
818.79	43.116
819.23	42.925
819.67	42.737
820.11	42.556
820.54	42.336
820.98	42.110
821.42	41.902
821.86	41.687
822.30	41.477
822.74	41.280
823.18	41.085
823.62	40.879
824.05	40.654
824.49	40.462
824.93	40.264
825.37	40.074
825.81	39.884
826.25	39.675
826.69	39.443
827.12	39.196
827.56	38.949
828.00	38.711
828.44	38.500
828.88	38.295
829.32	38.078
829.75	37.880
830.19	37.684
830.63	37.481
831.07	37.296
831.51	37.098
831.94	36.880
832.38	36.683
832.82	36.505
833.26	36.334
833.70	36.165
834.13	36.005
834.57	35.834
835.01	35.663
835.45	35.516
835.89	35.395
836.32	35.286
836.76	35.155
837.20	35.022
837.64	34.888
838.08	34.779
838.51	34.698
838.95	34.620
839.39	34.543
839.83	34.475
840.26	34.393
840.70	34.334
841.14	34.287
841.58	34.246
842.01	34.202
842.45	34.152
842.89	34.102
843.33	34.045
843.76	33.997
844.20	33.955
844.64	33.915
845.08	33.882
845.51	33.846
845.95	33.825
846.39	33.820
846.82	33.814
847.26	33.790
847.70	33.755
848.14	33.720
848.57	33.706
849.01	33.706
849.45	33.695
849.88	33.696
850.32	33.716
850.76	33.745
851.19	33.789
851.63	33.844
852.07	33.897
852.50	33.966
852.94	34.009
853.38	34.060
853.81	34.125
854.25	34.189
854.69	34.268
855.12	34.371
855.56	34.473
856.00	34.581
856.43	34.704
856.87	34.832
857.31	34.979
857.74	35.129
858.18	35.253
858.62	35.393
859.05	35.528
859.49	35.647
859.93	35.752
860.36	35.870
860.80	35.993
861.24	36.117
861.67	36.244
862.11	36.376
862.54	36.517
862.98	36.669
863.42	36.839
863.85	37.013
864.29	37.176
864.72	37.344
865.16	37.505
865.60	37.660
866.03	37.825
866.47	37.974
866.90	38.117
867.34	38.287
867.78	38.487
868.21	38.702
868.65	38.937
869.08	39.169
869.52	39.376
869.95	39.575
870.39	39.770
870.83	39.972
871.26	40.215
871.70	40.468
872.13	40.698
872.57	40.909
873.00	41.108
873.44	41.309
873.87	41.498
874.31	41.686
874.75	41.871
875.18	42.061
875.62	42.264
876.05	42.445
876.49	42.652
876.92	42.877
877.36	43.109
877.79	43.319
878.23	43.523
878.66	43.729
879.10	43.951
879.53	44.168
879.97	44.376
880.40	44.572
880.84	44.758
881.27	44.938
881.71	45.106
882.14	45.292
882.58	45.466
883.01	45.645
883.45	45.844
883.88	46.049
884.32	46.226
884.75	46.394
885.19	46.601
885.62	46.796
886.06	46.963
886.49	47.102
886.92	47.265
887.36	47.450
887.79	47.616
888.23	47.758
888.66	47.902
889.10	48.050
889.53	48.177
889.97	48.294
890.40	48.400
890.83	48.532
891.27	48.633
891.70	48.766
892.14	48.910
892.57	49.064
893.01	49.234
893.44	49.386
893.87	49.542
894.31	49.708
894.74	49.849
895.18	49.952
895.61	50.033
896.04	50.112
896.48	50.163
896.91	50.212
897.35	50.260
897.78	50.307
898.21	50.372
898.65	50.469
899.08	50.552
899.52	50.655
899.95	50.755
900.38	50.863
900.82	50.971
901.25	51.079
901.68	51.173
902.12	51.229
902.55	51.291
902.99	51.381
903.42	51.430
903.85	51.475
904.29	51.537
904.72	51.625
905.15	51.697
905.59	51.759
906.02	51.815
906.45	51.895
906.89	51.972
907.32	52.038
907.75	52.084
908.19	52.106
908.62	52.123
909.05	52.122
909.49	52.069
909.92	52.032
910.35	51.981
910.78	51.895
911.22	51.785
911.65	51.697
912.08	51.597
912.52	51.536
912.95	51.438
913.38	51.346
913.82	51.264
914.25	51.185
914.68	51.108
915.11	51.037
915.55	50.961
915.98	50.898
916.41	50.777
916.84	50.657
917.28	50.565
917.71	50.488
918.14	50.413
918.58	50.343
919.01	50.241
919.44	50.142
919.87	50.055
920.31	50.035
920.74	50.004
921.17	49.898
921.60	49.785
922.03	49.680
922.47	49.579
922.90	49.458
923.33	49.296
923.76	49.176
924.20	49.077
924.63	48.977
925.06	48.835
925.49	48.676
925.92	48.537
926.36	48.421
926.79	48.262
927.22	48.108
927.65	47.985
928.08	47.851
928.52	47.720
928.95	47.538
929.38	47.358
929.81	47.195
930.24	47.055
930.68	46.891
931.11	46.744
931.54	46.596
931.97	46.454
932.40	46.311
932.83	46.168
933.27	46.010
933.70	45.783
934.13	45.600
934.56	45.460
934.99	45.317
935.42	45.137
935.85	44.943
936.29	44.767
936.72	44.626
937.15	44.466
937.58	44.273
938.01	44.126
938.44	43.962
938.87	43.775
939.31	43.595
939.74	43.424
940.17	43.275
940.60	43.104
941.03	42.904
941.46	42.735
941.89	42.565
942.32	42.384
942.75	42.210
943.18	42.049
943.62	41.890
944.05	41.690
944.48	41.475
944.91	41.260
945.34	41.055
945.77	40.856
946.20	40.621
946.63	40.445
947.06	40.263
947.49	40.040
947.92	39.845
948.35	39.635
948.78	39.426
949.22	39.201
949.65	38.938
950.08	38.711
950.51	38.513
950.94	38.301
951.37	38.087
951.80	37.915
952.23	37.742
952.66	37.614
953.09	37.437
953.52	37.303
953.95	37.198
954.38	37.081
954.81	36.913
955.24	36.792
955.67	36.656
956.10	36.525
956.53	36.394
956.96	36.264
957.39	36.144
957.82	36.040
958.25	35.928
958.68	35.809
959.11	35.725
959.54	35.611
959.97	35.481
960.40	35.384
960.83	35.308
961.26	35.219
961.69	35.095
962.12	34.961
962.55	34.808
962.98	34.692
963.41	34.543
963.84	34.433
964.27	34.313
964.70	34.199
965.13	34.105
965.56	34.002
965.99	33.920
966.42	33.853
966.84	33.755
967.27	33.668
967.70	33.607
968.13	33.554
968.56	33.505
968.99	33.396
969.42	33.332
969.85	33.276
970.28	33.166
970.71	33.043
971.14	32.976
971.57	32.971
972.00	32.935
972.42	32.849
972.85	32.812
973.28	32.818
973.71	32.723
974.14	32.669
974.57	32.584
975.00	32.553
975.43	32.555
975.86	32.473
976.28	32.444
976.71	32.473
977.14	32.426
977.57	32.390
978.00	32.376
978.43	32.379
978.86	32.372
979.29	32.322
979.71	32.334
980.14	32.383
980.57	32.367
981.00	32.305
981.43	32.295
981.86	32.330
982.28	32.306
982.71	32.277
983.14	32.245
983.57	32.264
984.00	32.270
984.43	32.270
984.85	32.305
985.28	32.388
985.71	32.435
986.14	32.446
986.57	32.491
986.99	32.594
987.42	32.614
987.85	32.603
988.28	32.629
988.71	32.680
989.13	32.812
989.56	32.844
989.99	32.949
990.42	33.145
990.85	33.247
991.27	33.372
991.70	33.489
992.13	33.599
992.56	33.765
992.98	33.800
993.41	33.806
993.84	33.891
994.27	33.994
994.70	34.077
995.12	34.068
995.55	34.185
995.98	34.347
996.41	34.465
996.83	34.584
997.26	34.836
997.69	34.956
998.11	34.950
998.54	34.979
998.97	35.062
999.40	35.148
999.82	35.232
1000.25	35.294
1000.68	35.469
1001.11	35.636
1001.53	35.791
1001.96	35.858
1002.39	36.066
1002.81	36.176
1003.24	36.240
1003.67	36.349
1004.09	36.486
1004.52	36.649
1004.95	36.729
1005.38	36.729
1005.80	36.912
1006.23	36.992
1006.66	37.110
1007.08	37.267
1007.51	37.432
1007.94	37.715
1008.36	37.883
1008.79	37.864
1009.22	37.975
1009.64	38.085
1010.07	38.254
1010.50	38.345
1010.92	38.384
1011.35	38.598
1011.77	38.837
1012.20	38.795
1012.63	38.804
1013.05	38.935
1013.48	38.942
1013.91	38.998
1014.33	39.049
1014.76	39.112
1015.19	39.252
1015.61	39.233
1016.04	39.311
1016.46	39.395
1016.89	39.354
1017.32	39.378
1017.74	39.397
1018.17	39.518
1018.59	39.700
1019.02	39.648
1019.45	39.598
1019.87	39.730
1020.30	39.738
1020.72	39.817
1021.15	39.851
1021.58	40.075
1022.00	40.292
1022.43	40.282
1022.85	40.381
1023.28	40.529
1023.70	40.563
1024.13	40.551
1024.55	40.542
1024.98	40.665
1025.41	40.862
1025.83	40.874
1026.26	40.796
1026.68	41.000
1027.11	41.010
1027.53	40.937
1027.96	40.791
1028.38	40.952
1028.81	41.269
1029.23	41.199
1029.66	41.163
1030.08	41.228
1030.51	41.295
1030.94	41.367
1031.36	41.276
1031.79	41.253
1032.21	41.407
1032.64	41.427
1033.06	41.361
1033.49	41.307
1033.91	41.280
1034.34	41.323
1034.76	40.987
1035.19	41.088
1035.61	41.177
1036.03	41.160
1036.46	40.991
1036.88	40.960
1037.31	40.962
1037.73	40.789
1038.16	40.568
1038.58	40.465
1039.01	40.582
1039.43	40.669
1039.86	40.602
1040.28	40.620
1040.71	40.811
1041.13	40.915
1041.55	40.567
1041.98	40.465
1042.40	40.552
1042.83	40.578
1043.25	40.433
1043.68	40.544
1044.10	40.652
1044.52	40.783
1044.95	40.753
1045.37	40.865
1045.80	41.076
1046.22	41.321
1046.65	41.285
1047.07	41.122
1047.49	41.465
1047.92	41.631
1048.34	41.084
1048.77	40.983
1049.19	40.930
1049.61	40.765
1050.04	40.492
1050.46	40.256
1050.89	40.664
1051.31	40.883
1051.73	40.661
1052.16	40.475
1052.58	40.321
1053.00	40.181
1053.43	39.862
1053.85	39.448
1054.27	39.448
1054.70	39.342
1055.12	38.667
1055.55	38.482
1055.97	38.261
1056.39	38.218
1056.82	38.225
1057.24	37.996
1057.66	37.948
1058.09	38.163
1058.51	37.884
1058.93	37.472
1059.36	37.605
1059.78	37.280
1060.20	36.993
1060.62	36.334
1061.05	36.134
1061.47	36.352
1061.89	36.007
1062.32	35.699
1062.74	35.479
1063.16	35.284
1063.59	35.295
1064.01	34.739
1064.43	34.317
1064.85	34.672
1065.28	34.164
1065.70	33.389
1066.12	32.813
1066.55	32.724
1066.97	32.657
1067.39	31.746
1067.81	31.652
1068.24	31.726
1068.66	31.603
1069.08	31.172
1069.50	30.609
1069.93	30.836
1070.35	30.812
1070.77	30.125
1071.19	29.300
1071.62	29.420
1072.04	29.090
1072.46	28.247
1072.88	27.912
1073.31	28.258
1073.73	28.181
1074.15	27.259
1074.57	26.329
1075.00	26.576
1075.42	25.531
1075.84	24.774
1076.26	23.845
1076.68	23.386
1077.11	22.822
1077.53	21.054
1077.95	20.496
1078.37	19.668
1078.79	18.842
1079.22	18.654
1079.64	17.565
1080.06	17.780
1080.48	17.327
1080.90	15.797
1081.32	14.894
1081.75	13.455
1082.17	11.959
1082.59	10.125
1083.01	7.998
1083.43	7.491
1083.85	7.549
1084.28	6.547
1084.70	4.316
1085.12	3.496
1085.54	2.498
1085.96	1.560
1086.38	-0.175
1086.80	-0.661
1087.23	-0.021
1087.65	-1.478
1088.07	-5.173
1088.49	-7.554
1088.91	-8.959
1089.33	-10.242
1089.75	-12.952
1090.17	-13.842
1090.60	-13.722
1091.02	-15.773
1091.44	-16.482
1091.86	-18.618
1092.28	-19.061
1092.70	-21.551
1093.12	-25.580
1093.54	-27.408
1093.96	-26.964
1094.38	-28.740
1094.81	-33.258
1095.23	-35.657
1095.65	-38.587
1096.07	-38.633
1096.49	-43.849
1096.91	-45.067
1097.33	-43.082
1097.75	-46.690
1098.17	-50.756
1098.59	-53.068
1099.01	-52.596
1099.43	-52.794
1099.85	-58.252
1100.27	-63.018
1100.69	-63.348
1101.11	-63.967
1101.53	-66.303
1101.95	-68.929
1102.38	-53.704
1102.80	-206.658
1103.22	-15.843
1103.64	-34.166
1104.06	-191.800
1104.48	-104.214
1104.90	-155.215
1105.32	-13.448
1105.74	-43.944
1106.16	-237.120
