188.40	-198.998
188.88	-196.606
189.35	272.981
189.83	1366.087
190.30	-1280.392
190.78	-292.308
191.26	-310.145
191.73	1358.491
192.21	-2085.507
192.68	-160.878
193.16	-1033.333
193.63	-1218.837
194.11	-1317.973
194.58	-1241.557
195.06	-1015.803
195.53	-656.409
196.01	-528.512
196.48	-469.744
196.96	-385.694
197.43	-323.357
197.91	-293.014
198.38	-261.782
198.86	-213.192
199.33	-175.636
199.81	-167.671
200.28	-158.639
200.76	-144.116
201.23	-130.690
201.71	-118.491
202.18	-110.400
202.66	-102.097
203.13	-96.716
203.61	-92.419
204.08	-85.998
204.55	-79.873
205.03	-75.011
205.50	-75.820
205.98	-78.144
206.45	-77.799
206.93	-75.583
207.40	-73.756
207.88	-73.022
208.35	-71.914
208.82	-74.617
209.30	-76.998
209.77	-75.541
210.25	-74.655
210.72	-74.359
211.20	-76.137
211.67	-73.730
212.14	-72.194
212.62	-70.451
213.09	-67.080
213.57	-62.792
214.04	-62.395
214.52	-61.003
214.99	-58.957
215.46	-59.732
215.94	-60.241
216.41	-58.131
216.89	-55.239
217.36	-55.443
217.83	-56.206
218.31	-56.205
218.78	-54.387
219.25	-53.199
219.73	-53.500
220.20	-55.877
220.68	-53.111
221.15	-52.398
221.62	-53.745
222.10	-55.660
222.57	-53.670
223.04	-53.792
223.52	-57.335
223.99	-58.965
224.47	-57.320
224.94	-58.278
225.41	-58.875
225.89	-58.817
226.36	-59.698
226.83	-62.482
227.31	-63.773
227.78	-64.529
228.25	-63.019
228.73	-62.826
229.20	-63.217
229.67	-65.515
230.15	-64.406
230.62	-65.131
231.09	-67.764
231.57	-69.474
232.04	-67.848
232.51	-67.880
232.98	-70.667
233.46	-68.471
233.93	-67.196
234.40	-66.702
234.88	-67.815
235.35	-69.013
235.82	-66.079
236.30	-62.359
236.77	-64.501
237.24	-66.141
237.71	-63.898
238.19	-63.369
238.66	-62.796
239.13	-65.747
239.61	-64.125
240.08	-61.843
240.55	-63.126
241.02	-59.460
241.50	-57.239
241.97	-55.301
242.44	-56.499
242.91	-56.342
243.39	-57.182
243.86	-56.399
244.33	-57.856
244.80	-57.854
245.28	-58.329
245.75	-57.538
246.22	-59.320
246.69	-58.047
247.17	-55.871
247.64	-57.125
248.11	-58.736
248.58	-58.657
249.05	-57.193
249.53	-55.038
250.00	-57.074
250.47	-59.614
250.94	-61.832
251.42	-61.686
251.89	-60.530
252.36	-60.799
252.83	-61.285
253.30	-57.861
253.78	-56.960
254.25	-57.592
254.72	-56.648
255.19	-54.054
255.66	-53.444
256.13	-54.815
256.61	-54.580
257.08	-53.682
257.55	-53.957
258.02	-55.352
258.49	-58.388
258.97	-57.892
259.44	-59.041
259.91	-57.966
260.38	-55.603
260.85	-53.204
261.32	-53.294
261.79	-54.692
262.27	-54.037
262.74	-52.359
263.21	-51.396
263.68	-53.936
264.15	-56.409
264.62	-58.160
265.09	-59.267
265.57	-63.532
266.04	-64.675
266.51	-65.195
266.98	-66.028
267.45	-63.595
267.92	-63.708
268.39	-60.637
268.86	-60.419
269.34	-57.901
269.81	-59.162
270.28	-59.201
270.75	-57.498
271.22	-57.862
271.69	-56.968
272.16	-55.779
272.63	-55.390
273.10	-57.747
273.57	-55.949
274.05	-53.655
274.52	-50.315
274.99	-49.062
275.46	-47.706
275.93	-45.915
276.40	-45.582
276.87	-45.256
277.34	-47.388
277.81	-47.609
278.28	-48.150
278.75	-48.323
279.22	-49.849
279.69	-49.080
280.16	-48.087
280.63	-48.752
281.11	-50.277
281.58	-52.308
282.05	-51.615
282.52	-50.349
282.99	-48.900
283.46	-49.168
283.93	-47.538
284.40	-47.440
284.87	-47.397
285.34	-47.442
285.81	-48.480
286.28	-46.136
286.75	-45.187
287.22	-44.630
287.69	-43.301
288.16	-41.105
288.63	-40.517
289.10	-41.635
289.57	-40.349
290.04	-39.626
290.51	-39.703
290.98	-38.247
291.45	-36.992
291.92	-38.024
292.39	-39.003
292.86	-41.511
293.33	-39.916
293.80	-39.811
294.27	-40.447
294.74	-41.651
295.21	-39.438
295.68	-38.480
296.15	-40.208
296.62	-42.367
297.09	-41.089
297.56	-40.115
298.03	-40.502
298.49	-40.763
298.96	-40.533
299.43	-39.885
299.90	-40.223
300.37	-40.339
300.84	-40.017
301.31	-38.458
301.78	-37.843
302.25	-36.432
302.72	-35.078
303.19	-36.452
303.66	-34.883
304.13	-35.978
304.60	-35.432
305.07	-35.068
305.53	-33.321
306.00	-32.438
306.47	-31.704
306.94	-30.614
307.41	-30.253
307.88	-31.814
308.35	-31.603
308.82	-30.115
309.29	-31.275
309.76	-30.892
310.22	-30.863
310.69	-30.773
311.16	-29.939
311.63	-29.172
312.10	-30.181
312.57	-29.435
313.04	-28.507
313.51	-29.580
313.97	-27.787
314.44	-27.662
314.91	-28.036
315.38	-28.918
315.85	-29.427
316.32	-28.621
316.79	-28.382
317.25	-28.287
317.72	-28.092
318.19	-28.148
318.66	-27.807
319.13	-26.452
319.60	-26.853
320.07	-26.441
320.53	-25.224
321.00	-25.952
321.47	-26.635
321.94	-25.773
322.41	-24.822
322.87	-24.774
323.34	-23.759
323.81	-23.630
324.28	-22.736
324.75	-23.075
325.22	-22.551
325.68	-21.790
326.15	-21.598
326.62	-21.502
327.09	-20.916
327.56	-20.816
328.02	-20.055
328.49	-19.234
328.96	-19.773
329.43	-19.490
329.89	-19.676
330.36	-20.117
330.83	-20.416
331.30	-20.142
331.77	-20.350
332.23	-20.198
332.70	-20.148
333.17	-21.280
333.64	-20.996
334.10	-20.370
334.57	-18.626
335.04	-18.372
335.51	-18.430
335.97	-17.173
336.44	-17.225
336.91	-17.580
337.38	-16.381
337.84	-16.519
338.31	-15.819
338.78	-15.463
339.24	-14.930
339.71	-12.869
340.18	-11.642
340.65	-11.036
341.11	-10.495
341.58	-9.569
342.05	-9.518
342.52	-9.068
342.98	-8.181
343.45	-7.929
343.92	-7.834
344.38	-7.952
344.85	-7.785
345.32	-7.124
345.78	-6.901
346.25	-6.531
346.72	-6.229
347.18	-5.536
347.65	-5.300
348.12	-5.728
348.58	-5.434
349.05	-4.854
349.52	-5.062
349.99	-5.354
350.45	-5.044
350.92	-4.591
351.38	-4.623
351.85	-4.392
352.32	-4.052
352.78	-3.566
353.25	-2.802
353.72	-2.503
354.18	-2.670
354.65	-2.079
355.12	-1.850
355.58	-1.620
356.05	-1.594
356.52	-1.596
356.98	-1.590
357.45	-1.128
357.91	-0.985
358.38	-0.735
358.85	-0.696
359.31	-0.540
359.78	-0.495
360.25	-0.454
360.71	-0.145
361.18	0.238
361.64	0.284
362.11	0.436
362.58	0.306
363.04	0.089
363.51	0.174
363.97	0.318
364.44	0.324
364.91	0.290
365.37	0.327
365.84	0.486
366.30	0.886
366.77	1.049
367.23	1.035
367.70	1.110
368.17	1.210
368.63	1.431
369.10	1.409
369.56	1.596
370.03	1.700
370.49	1.706
370.96	1.671
371.42	1.703
371.89	1.742
372.36	1.993
372.82	2.175
373.29	2.211
373.75	2.336
374.22	2.595
374.68	2.771
375.15	2.798
375.61	2.915
376.08	2.938
376.54	2.932
377.01	2.992
377.47	3.169
377.94	3.275
378.40	3.217
378.87	3.276
379.33	3.337
379.80	3.417
380.26	3.450
380.73	3.480
381.19	3.590
381.66	3.733
382.12	3.751
382.59	3.715
383.05	3.844
383.52	3.881
383.98	3.810
384.45	3.810
384.91	3.841
385.38	3.899
385.84	3.887
386.31	3.826
386.77	3.863
387.24	3.870
387.70	3.938
388.16	3.994
388.63	4.052
389.09	4.147
389.56	4.178
390.02	4.240
390.49	4.296
390.95	4.306
391.42	4.365
391.88	4.386
392.34	4.427
392.81	4.500
393.27	4.572
393.74	4.644
394.20	4.690
394.67	4.752
395.13	4.857
395.59	4.967
396.06	5.089
396.52	5.185
396.99	5.204
397.45	5.169
397.91	5.180
398.38	5.127
398.84	5.104
399.31	5.148
399.77	5.107
400.23	5.134
400.70	5.173
401.16	5.102
401.63	5.065
402.09	5.044
402.55	4.976
403.02	4.908
403.48	4.812
403.94	4.802
404.41	4.753
404.87	4.657
405.33	4.598
405.80	4.566
406.26	4.527
406.73	4.530
407.19	4.549
407.65	4.592
408.12	4.680
408.58	4.765
409.04	4.832
409.51	4.942
409.97	5.062
410.43	5.173
410.90	5.337
411.36	5.513
411.82	5.697
412.29	5.901
412.75	6.095
413.21	6.339
413.67	6.572
414.14	6.793
414.60	7.017
415.06	7.239
415.53	7.476
415.99	7.700
416.45	7.892
416.92	8.064
417.38	8.253
417.84	8.414
418.30	8.527
418.77	8.617
419.23	8.704
419.69	8.732
420.16	8.746
420.62	8.720
421.08	8.703
421.54	8.645
422.01	8.539
422.47	8.454
422.93	8.353
423.39	8.206
423.86	8.075
424.32	7.910
424.78	7.773
425.24	7.611
425.71	7.448
426.17	7.311
426.63	7.179
427.09	7.029
427.56	6.893
428.02	6.761
428.48	6.646
428.94	6.520
429.41	6.394
429.87	6.307
430.33	6.354
430.79	6.460
431.25	6.612
431.72	6.803
432.18	7.021
432.64	7.258
433.10	7.542
433.56	7.843
434.03	8.179
434.49	8.530
434.95	8.896
435.41	9.271
435.87	9.654
436.34	10.068
436.80	10.493
437.26	10.924
437.72	11.335
438.18	11.781
438.64	12.247
439.11	12.702
439.57	13.152
440.03	13.498
440.49	13.794
440.95	14.046
441.41	14.270
441.88	14.476
442.34	14.660
442.80	14.780
443.26	14.872
443.72	14.934
444.18	14.958
444.64	14.932
445.11	14.880
445.57	14.806
446.03	14.704
446.49	14.545
446.95	14.374
447.41	14.207
447.87	13.994
448.33	13.753
448.79	13.497
449.26	13.241
449.72	12.986
450.18	12.739
450.64	12.514
451.10	12.289
451.56	12.062
452.02	11.854
452.48	11.668
452.94	11.514
453.40	11.402
453.87	11.307
454.33	11.260
454.79	11.246
455.25	11.262
455.71	11.298
456.17	11.392
456.63	11.542
457.09	11.721
457.55	11.938
458.01	12.203
458.47	12.515
458.93	12.865
459.39	13.252
459.85	13.638
460.31	14.058
460.77	14.505
461.24	14.990
461.70	15.482
462.16	15.992
462.62	16.519
463.08	17.030
463.54	17.539
464.00	18.056
464.46	18.564
464.92	19.062
465.38	19.548
465.84	20.014
466.30	20.436
466.76	20.845
467.22	21.217
467.68	21.559
468.14	21.871
468.60	22.138
469.06	22.369
469.52	22.560
469.98	22.722
470.44	22.839
470.90	22.908
471.36	22.941
471.82	22.932
472.28	22.884
472.74	22.804
473.20	22.683
473.66	22.540
474.12	22.359
474.58	22.135
475.04	21.895
475.50	21.628
475.95	21.353
476.41	21.054
476.87	20.743
477.33	20.415
477.79	20.085
478.25	19.756
478.71	19.426
479.17	19.097
479.63	18.768
480.09	18.450
480.55	18.149
481.01	17.874
481.47	17.624
481.93	17.392
482.39	17.191
482.84	17.029
483.30	16.898
483.76	16.801
484.22	16.738
484.68	16.715
485.14	16.732
485.60	16.782
486.06	16.877
486.52	17.016
486.98	17.202
487.44	17.423
487.89	17.671
488.35	17.961
488.81	18.290
489.27	18.651
489.73	19.052
490.19	19.475
490.65	19.930
491.11	20.413
491.56	20.910
492.02	21.421
492.48	21.944
492.94	22.479
493.40	23.016
493.86	23.557
494.32	24.103
494.77	24.646
495.23	25.182
495.69	25.706
496.15	26.214
496.61	26.710
497.07	27.183
497.52	27.645
497.98	28.085
498.44	28.504
498.90	28.894
499.36	29.256
499.82	29.586
500.27	29.877
500.73	30.134
501.19	30.363
501.65	30.559
502.11	30.727
502.56	30.854
503.02	30.948
503.48	31.012
503.94	31.041
504.40	31.038
504.85	30.999
505.31	30.932
505.77	30.837
506.23	30.709
506.69	30.557
507.14	30.375
507.60	30.165
508.06	29.920
508.52	29.657
508.97	29.369
509.43	29.066
509.89	28.740
510.35	28.407
510.80	28.061
511.26	27.719
511.72	27.358
512.18	26.992
512.63	26.628
513.09	26.261
513.55	25.896
514.01	25.534
514.46	25.185
514.92	24.845
515.38	24.516
515.84	24.204
516.29	23.918
516.75	23.650
517.21	23.406
517.66	23.184
518.12	22.993
518.58	22.833
519.04	22.706
519.49	22.613
519.95	22.546
520.41	22.512
520.86	22.507
521.32	22.539
521.78	22.609
522.23	22.711
522.69	22.853
523.15	23.028
523.61	23.241
524.06	23.484
524.52	23.757
524.98	24.065
525.43	24.400
525.89	24.757
526.35	25.133
526.80	25.532
527.26	25.959
527.72	26.403
528.17	26.859
528.63	27.328
529.09	27.810
529.54	28.306
530.00	28.810
530.45	29.313
530.91	29.823
531.37	30.330
531.82	30.834
532.28	31.333
532.74	31.820
533.19	32.294
533.65	32.751
534.10	33.194
534.56	33.617
535.02	34.017
535.47	34.401
535.93	34.773
536.39	35.129
536.84	35.464
537.30	35.771
537.75	36.049
538.21	36.296
538.67	36.525
539.12	36.726
539.58	36.902
540.03	37.050
540.49	37.181
540.94	37.283
541.40	37.355
541.86	37.399
542.31	37.416
542.77	37.412
543.22	37.389
543.68	37.340
544.13	37.268
544.59	37.180
545.05	37.061
545.50	36.920
545.96	36.748
546.41	36.557
546.87	36.350
547.32	36.124
547.78	35.886
548.23	35.620
548.69	35.334
549.14	35.035
549.60	34.726
550.06	34.395
550.51	34.056
550.97	33.714
551.42	33.358
551.88	32.999
552.33	32.626
552.79	32.254
553.24	31.878
553.70	31.514
554.15	31.149
554.61	30.794
555.06	30.444
555.52	30.103
555.97	29.769
556.43	29.452
556.88	29.149
557.34	28.866
557.79	28.606
558.25	28.367
558.70	28.148
559.15	27.948
559.61	27.776
560.06	27.626
560.52	27.503
560.97	27.412
561.43	27.351
561.88	27.321
562.34	27.317
562.79	27.340
563.25	27.386
563.70	27.460
564.16	27.568
564.61	27.704
565.06	27.870
565.52	28.059
565.97	28.278
566.43	28.527
566.88	28.797
567.34	29.088
567.79	29.407
568.24	29.750
568.70	30.107
569.15	30.477
569.61	30.868
570.06	31.269
570.51	31.689
570.97	32.120
571.42	32.561
571.88	33.025
572.33	33.488
572.78	33.961
573.24	34.440
573.69	34.915
574.15	35.394
574.60	35.869
575.05	36.350
575.51	36.831
575.96	37.304
576.42	37.783
576.87	38.257
577.32	38.716
577.78	39.160
578.23	39.610
578.68	40.044
579.14	40.470
579.59	40.876
580.04	41.262
580.50	41.626
580.95	41.980
581.40	42.308
581.86	42.633
582.31	42.931
582.76	43.224
583.22	43.493
583.67	43.741
584.12	43.976
584.58	44.181
585.03	44.355
585.48	44.504
585.94	44.617
586.39	44.705
586.84	44.788
587.30	44.857
587.75	44.892
588.20	44.914
588.66	44.911
589.11	44.891
589.56	44.853
590.01	44.801
590.47	44.720
590.92	44.623
591.37	44.501
591.83	44.356
592.28	44.182
592.73	44.000
593.18	43.797
593.64	43.582
594.09	43.346
594.54	43.104
594.99	42.856
595.45	42.598
595.90	42.321
596.35	42.022
596.80	41.704
597.26	41.381
597.71	41.041
598.16	40.690
598.61	40.336
599.07	39.973
599.52	39.599
599.97	39.224
600.42	38.840
600.88	38.453
601.33	38.070
601.78	37.687
602.23	37.298
602.69	36.911
603.14	36.522
603.59	36.140
604.04	35.760
604.49	35.379
604.95	35.004
605.40	34.652
605.85	34.315
606.30	33.985
606.75	33.669
607.21	33.371
607.66	33.086
608.11	32.814
608.56	32.557
609.01	32.322
609.46	32.109
609.92	31.914
610.37	31.739
610.82	31.586
611.27	31.457
611.72	31.352
612.17	31.270
612.63	31.206
613.08	31.164
613.53	31.146
613.98	31.160
614.43	31.198
614.88	31.251
615.34	31.319
615.79	31.412
616.24	31.521
616.69	31.657
617.14	31.817
617.59	31.991
618.04	32.186
618.49	32.402
618.95	32.627
619.40	32.874
619.85	33.146
620.30	33.427
620.75	33.716
621.20	34.022
621.65	34.342
622.10	34.673
622.55	35.018
623.00	35.373
623.46	35.736
623.91	36.099
624.36	36.469
624.81	36.845
625.26	37.229
625.71	37.615
626.16	38.011
626.61	38.407
627.06	38.806
627.51	39.212
627.96	39.607
628.41	40.009
628.86	40.394
629.32	40.779
629.77	41.164
630.22	41.546
630.67	41.921
631.12	42.287
631.57	42.656
632.02	43.017
632.47	43.363
632.92	43.705
633.37	44.049
633.82	44.383
634.27	44.700
634.72	45.002
635.17	45.297
635.62	45.574
636.07	45.835
636.52	46.076
636.97	46.306
637.42	46.524
637.87	46.727
638.32	46.919
638.77	47.101
639.22	47.272
639.67	47.419
640.12	47.554
640.57	47.674
641.02	47.777
641.47	47.863
641.92	47.940
642.37	47.994
642.82	48.014
643.27	48.020
643.72	48.019
644.17	48.004
644.62	47.974
645.07	47.923
645.52	47.873
645.97	47.811
646.42	47.725
646.87	47.635
647.32	47.549
647.77	47.460
648.22	47.351
648.66	47.213
649.11	47.061
649.56	46.887
650.01	46.707
650.46	46.515
650.91	46.320
651.36	46.103
651.81	45.870
652.26	45.647
652.71	45.402
653.16	45.146
653.61	44.881
654.06	44.608
654.50	44.328
654.95	44.029
655.40	43.725
655.85	43.418
656.30	43.101
656.75	42.759
657.20	42.409
657.65	42.054
658.10	41.699
658.55	41.361
658.99	41.027
659.44	40.691
659.89	40.350
660.34	39.998
660.79	39.652
661.24	39.315
661.69	38.978
662.13	38.653
662.58	38.318
663.03	37.997
663.48	37.675
663.93	37.361
664.38	37.050
664.83	36.754
665.27	36.454
665.72	36.158
666.17	35.876
666.62	35.600
667.07	35.330
667.52	35.076
667.96	34.814
668.41	34.561
668.86	34.322
669.31	34.093
669.76	33.886
670.21	33.689
670.65	33.510
671.10	33.334
671.55	33.177
672.00	33.039
672.45	32.913
672.89	32.801
673.34	32.695
673.79	32.606
674.24	32.524
674.68	32.460
675.13	32.417
675.58	32.388
676.03	32.376
676.48	32.369
676.92	32.373
677.37	32.405
677.82	32.457
678.27	32.510
678.71	32.576
679.16	32.659
679.61	32.753
680.06	32.859
680.50	32.975
680.95	33.114
681.40	33.263
681.85	33.410
682.29	33.573
682.74	33.754
683.19	33.945
683.64	34.147
684.08	34.368
684.53	34.599
684.98	34.840
685.43	35.096
685.87	35.362
686.32	35.630
686.77	35.895
687.21	36.153
687.66	36.430
688.11	36.727
688.55	37.013
689.00	37.303
689.45	37.614
689.90	37.934
690.34	38.247
690.79	38.555
691.24	38.874
691.68	39.199
692.13	39.511
692.58	39.814
693.02	40.132
693.47	40.443
693.92	40.743
694.36	41.034
694.81	41.330
695.26	41.629
695.70	41.922
696.15	42.214
696.60	42.517
697.04	42.813
697.49	43.083
697.94	43.341
698.38	43.613
698.83	43.871
699.27	44.128
699.72	44.361
700.17	44.608
700.61	44.840
701.06	45.068
701.51	45.298
701.95	45.530
702.40	45.761
702.84	45.974
703.29	46.185
703.74	46.383
704.18	46.571
704.63	46.746
705.07	46.916
705.52	47.086
705.97	47.237
706.41	47.366
706.86	47.486
707.30	47.622
707.75	47.757
708.20	47.868
708.64	47.953
709.09	48.029
709.53	48.096
709.98	48.166
710.42	48.202
710.87	48.217
711.32	48.229
711.76	48.211
712.21	48.207
712.65	48.193
713.10	48.176
713.54	48.144
713.99	48.110
714.43	48.072
714.88	47.997
715.33	47.914
715.77	47.841
716.22	47.775
716.66	47.682
717.11	47.565
717.55	47.455
718.00	47.342
718.44	47.227
718.89	47.089
719.33	46.957
719.78	46.834
720.22	46.708
720.67	46.571
721.11	46.432
721.56	46.276
722.00	46.094
722.45	45.909
722.89	45.722
723.34	45.527
723.78	45.347
724.23	45.166
724.67	44.976
725.12	44.767
725.56	44.550
726.01	44.335
726.45	44.109
726.90	43.866
727.34	43.618
727.78	43.384
728.23	43.144
728.67	42.880
729.12	42.610
729.56	42.351
730.01	42.079
730.45	41.793
730.90	41.496
731.34	41.234
731.79	40.970
732.23	40.687
732.67	40.391
733.12	40.086
733.56	39.811
734.01	39.542
734.45	39.259
734.89	38.982
735.34	38.725
735.78	38.472
736.23	38.206
736.67	37.940
737.12	37.671
737.56	37.415
738.00	37.160
738.45	36.916
738.89	36.674
739.34	36.462
739.78	36.273
740.22	36.077
740.67	35.863
741.11	35.648
741.55	35.456
742.00	35.272
742.44	35.081
742.89	34.880
743.33	34.693
743.77	34.534
744.22	34.380
744.66	34.208
745.10	34.037
745.55	33.880
745.99	33.754
746.43	33.638
746.88	33.519
747.32	33.401
747.76	33.300
748.21	33.222
748.65	33.125
749.09	33.021
749.54	32.926
749.98	32.857
750.42	32.810
750.87	32.755
751.31	32.701
751.75	32.681
752.20	32.678
752.64	32.688
753.08	32.695
753.53	32.691
753.97	32.716
754.41	32.753
754.85	32.808
755.30	32.856
755.74	32.914
756.18	33.000
756.63	33.113
757.07	33.229
757.51	33.317
757.95	33.421
758.40	33.547
758.84	33.694
759.28	33.834
759.72	33.973
760.17	34.124
760.61	34.295
761.05	34.462
761.50	34.623
761.94	34.776
762.38	34.940
762.82	35.139
763.26	35.335
763.71	35.530
764.15	35.721
764.59	35.912
765.03	36.096
765.48	36.276
765.92	36.444
766.36	36.608
766.80	36.803
767.25	37.013
767.69	37.217
768.13	37.438
768.57	37.673
769.01	37.907
769.46	38.146
769.90	38.381
770.34	38.604
770.78	38.832
771.22	39.090
771.67	39.361
772.11	39.620
772.55	39.865
772.99	40.097
773.43	40.327
773.87	40.586
774.32	40.847
774.76	41.106
775.20	41.356
775.64	41.614
776.08	41.886
776.52	42.144
776.97	42.398
777.41	42.629
777.85	42.854
778.29	43.091
778.73	43.341
779.17	43.596
779.62	43.844
780.06	44.083
780.50	44.314
780.94	44.529
781.38	44.738
781.82	44.946
782.26	45.177
782.70	45.405
783.15	45.617
783.59	45.828
784.03	46.023
784.47	46.218
784.91	46.394
785.35	46.558
785.79	46.723
786.23	46.887
786.67	47.044
787.11	47.191
787.56	47.324
788.00	47.443
788.44	47.557
788.88	47.688
789.32	47.816
789.76	47.928
790.20	48.039
790.64	48.161
791.08	48.287
791.52	48.385
791.96	48.473
792.40	48.555
792.84	48.653
793.28	48.768
793.73	48.874
794.17	48.973
794.61	49.044
795.05	49.123
795.49	49.181
795.93	49.223
796.37	49.259
796.81	49.298
797.25	49.354
797.69	49.383
798.13	49.383
798.57	49.387
799.01	49.387
799.45	49.357
799.89	49.307
800.33	49.262
800.77	49.241
801.21	49.223
801.65	49.176
802.09	49.102
802.53	49.021
802.97	48.934
803.41	48.867
803.85	48.807
804.29	48.732
804.73	48.681
805.17	48.614
805.61	48.529
806.05	48.441
806.49	48.306
806.93	48.203
807.37	48.109
807.81	48.029
808.25	47.924
808.69	47.819
809.13	47.697
809.57	47.572
810.01	47.432
810.44	47.277
810.88	47.126
811.32	46.991
811.76	46.845
812.20	46.698
812.64	46.531
813.08	46.358
813.52	46.162
813.96	45.950
814.40	45.770
814.84	45.606
815.28	45.428
815.72	45.262
816.16	45.065
816.59	44.884
817.03	44.676
817.47	44.482
817.91	44.314
818.35	44.153
818.79	43.985
819.23	43.798
819.67	43.619
820.11	43.439
820.54	43.231
820.98	43.016
821.42	42.803
821.86	42.585
822.30	42.373
822.74	42.177
823.18	41.976
823.62	41.756
824.05	41.532
824.49	41.329
824.93	41.130
825.37	40.946
825.81	40.746
826.25	40.533
826.69	40.286
827.12	40.026
827.56	39.777
828.00	39.534
828.44	39.318
828.88	39.095
829.32	38.869
829.75	38.649
830.19	38.440
830.63	38.228
831.07	38.026
831.51	37.817
831.94	37.593
832.38	37.378
832.82	37.183
833.26	37.004
833.70	36.818
834.13	36.630
834.57	36.434
835.01	36.237
835.45	36.066
835.89	35.928
836.32	35.786
836.76	35.631
837.20	35.462
837.64	35.303
838.08	35.164
838.51	35.049
838.95	34.944
839.39	34.836
839.83	34.732
840.26	34.630
840.70	34.549
841.14	34.474
841.58	34.397
842.01	34.323
842.45	34.254
842.89	34.169
843.33	34.090
843.76	34.016
844.20	33.957
844.64	33.900
845.08	33.836
845.51	33.787
845.95	33.746
846.39	33.722
846.82	33.686
847.26	33.631
847.70	33.565
848.14	33.511
848.57	33.466
849.01	33.441
849.45	33.410
849.88	33.373
850.32	33.358
850.76	33.359
851.19	33.372
851.63	33.386
852.07	33.411
852.50	33.438
852.94	33.456
853.38	33.470
853.81	33.504
854.25	33.556
854.69	33.613
855.12	33.685
855.56	33.747
856.00	33.829
856.43	33.935
856.87	34.043
857.31	34.165
857.74	34.284
858.18	34.372
858.62	34.475
859.05	34.575
859.49	34.673
859.93	34.768
860.36	34.877
860.80	34.980
861.24	35.094
861.67	35.201
862.11	35.315
862.54	35.441
862.98	35.578
863.42	35.719
863.85	35.869
864.29	36.004
864.72	36.165
865.16	36.316
865.60	36.458
866.03	36.607
866.47	36.744
866.90	36.874
867.34	37.046
867.78	37.242
868.21	37.463
868.65	37.689
869.08	37.911
869.52	38.110
869.95	38.295
870.39	38.481
870.83	38.686
871.26	38.925
871.70	39.169
872.13	39.398
872.57	39.603
873.00	39.794
873.44	40.001
873.87	40.173
874.31	40.344
874.75	40.527
875.18	40.712
875.62	40.907
876.05	41.104
876.49	41.327
876.92	41.560
877.36	41.791
877.79	42.001
878.23	42.194
878.66	42.399
879.10	42.626
879.53	42.844
879.97	43.067
880.40	43.259
880.84	43.452
881.27	43.636
881.71	43.819
882.14	44.010
882.58	44.205
883.01	44.419
883.45	44.651
883.88	44.868
884.32	45.063
884.75	45.257
885.19	45.462
885.62	45.654
886.06	45.828
886.49	45.991
886.92	46.171
887.36	46.369
887.79	46.544
888.23	46.716
888.66	46.894
889.10	47.038
889.53	47.182
889.97	47.311
890.40	47.438
890.83	47.571
891.27	47.702
891.70	47.859
892.14	48.019
892.57	48.160
893.01	48.328
893.44	48.504
893.87	48.665
894.31	48.855
894.74	49.005
895.18	49.120
895.61	49.223
896.04	49.303
896.48	49.380
896.91	49.450
897.35	49.509
897.78	49.562
898.21	49.640
898.65	49.748
899.08	49.852
899.52	49.960
899.95	50.076
900.38	50.193
900.82	50.295
901.25	50.401
901.68	50.498
902.12	50.582
902.55	50.673
902.99	50.791
903.42	50.873
903.85	50.941
904.29	51.046
904.72	51.122
905.15	51.214
905.59	51.295
906.02	51.380
906.45	51.479
906.89	51.578
907.32	51.660
907.75	51.730
908.19	51.768
908.62	51.805
909.05	51.816
909.49	51.806
909.92	51.796
910.35	51.782
910.78	51.740
911.22	51.677
911.65	51.596
912.08	51.515
912.52	51.444
912.95	51.408
913.38	51.324
913.82	51.276
914.25	51.231
914.68	51.173
915.11	51.146
915.55	51.080
915.98	51.032
916.41	50.972
916.84	50.887
917.28	50.820
917.71	50.768
918.14	50.742
918.58	50.700
919.01	50.613
919.44	50.522
919.87	50.450
920.31	50.419
920.74	50.392
921.17	50.301
921.60	50.210
922.03	50.104
922.47	50.000
922.90	49.865
923.33	49.719
923.76	49.608
924.20	49.489
924.63	49.394
925.06	49.252
925.49	49.098
925.92	48.959
926.36	48.844
926.79	48.678
927.22	48.520
927.65	48.376
928.08	48.237
928.52	48.096
928.95	47.951
929.38	47.763
929.81	47.621
930.24	47.493
930.68	47.357
931.11	47.199
931.54	47.065
931.97	46.935
932.40	46.818
932.83	46.696
933.27	46.560
933.70	46.365
934.13	46.209
934.56	46.085
934.99	45.922
935.42	45.746
935.85	45.568
936.29	45.399
936.72	45.223
937.15	45.072
937.58	44.914
938.01	44.761
938.44	44.588
938.87	44.400
939.31	44.219
939.74	44.032
940.17	43.861
940.60	43.671
941.03	43.521
941.46	43.334
941.89	43.142
942.32	42.925
942.75	42.747
943.18	42.577
943.62	42.395
944.05	42.175
944.48	41.968
944.91	41.778
945.34	41.562
945.77	41.379
946.20	41.176
946.63	40.974
947.06	40.769
947.49	40.577
947.92	40.382
948.35	40.160
948.78	39.929
949.22	39.722
949.65	39.487
950.08	39.251
950.51	39.035
950.94	38.798
951.37	38.582
951.80	38.378
952.23	38.191
952.66	38.017
953.09	37.890
953.52	37.740
953.95	37.597
954.38	37.456
954.81	37.297
955.24	37.149
955.67	36.996
956.10	36.829
956.53	36.679
956.96	36.529
957.39	36.415
957.82	36.282
958.25	36.150
958.68	36.009
959.11	35.891
959.54	35.735
959.97	35.613
960.40	35.513
960.83	35.449
961.26	35.310
961.69	35.169
962.12	34.992
962.55	34.835
962.98	34.665
963.41	34.515
963.84	34.383
964.27	34.229
964.70	34.107
965.13	34.009
965.56	33.902
965.99	33.793
966.42	33.641
966.84	33.548
967.27	33.442
967.70	33.375
968.13	33.272
968.56	33.186
968.99	33.093
969.42	33.003
969.85	32.892
970.28	32.778
970.71	32.706
971.14	32.675
971.57	32.620
972.00	32.584
972.42	32.524
972.85	32.449
973.28	32.390
973.71	32.287
974.14	32.213
974.57	32.149
975.00	32.037
975.43	32.027
975.86	31.955
976.28	31.871
976.71	31.819
977.14	31.721
977.57	31.684
978.00	31.642
978.43	31.622
978.86	31.554
979.29	31.524
979.71	31.476
980.14	31.456
980.57	31.397
981.00	31.372
981.43	31.344
981.86	31.346
982.28	31.339
982.71	31.316
983.14	31.290
983.57	31.252
984.00	31.288
984.43	31.227
984.85	31.293
985.28	31.379
985.71	31.427
986.14	31.483
986.57	31.555
986.99	31.624
987.42	31.572
987.85	31.599
988.28	31.659
988.71	31.641
989.13	31.668
989.56	31.701
989.99	31.786
990.42	31.894
990.85	32.005
991.27	32.084
991.70	32.145
992.13	32.211
992.56	32.312
992.98	32.300
993.41	32.459
993.84	32.520
994.27	32.556
994.70	32.650
995.12	32.732
995.55	32.777
995.98	32.857
996.41	32.980
996.83	33.103
997.26	33.190
997.69	33.273
998.11	33.352
998.54	33.452
998.97	33.499
999.40	33.543
999.82	33.592
1000.25	33.722
1000.68	33.930
1001.11	34.045
1001.53	34.138
1001.96	34.293
1002.39	34.345
1002.81	34.385
1003.24	34.429
1003.67	34.462
1004.09	34.563
1004.52	34.680
1004.95	34.730
1005.38	34.771
1005.80	34.931
1006.23	35.063
1006.66	35.160
1007.08	35.211
1007.51	35.277
1007.94	35.414
1008.36	35.496
1008.79	35.458
1009.22	35.499
1009.64	35.505
1010.07	35.561
1010.50	35.655
1010.92	35.780
1011.35	35.874
1011.77	35.952
1012.20	35.945
1012.63	36.030
1013.05	36.145
1013.48	36.139
1013.91	36.249
1014.33	36.385
1014.76	36.410
1015.19	36.450
1015.61	36.402
1016.04	36.486
1016.46	36.707
1016.89	36.725
1017.32	36.826
1017.74	36.936
1018.17	37.055
1018.59	37.184
1019.02	37.235
1019.45	37.299
1019.87	37.315
1020.30	37.367
1020.72	37.420
1021.15	37.568
1021.58	37.745
1022.00	37.852
1022.43	37.997
1022.85	38.025
1023.28	38.005
1023.70	37.919
1024.13	37.939
1024.55	38.160
1024.98	38.291
1025.41	38.233
1025.83	38.198
1026.26	38.315
1026.68	38.376
1027.11	38.482
1027.53	38.541
1027.96	38.425
1028.38	38.516
1028.81	38.604
1029.23	38.532
1029.66	38.716
1030.08	38.754
1030.51	38.728
1030.94	38.741
1031.36	38.630
1031.79	38.751
1032.21	38.848
1032.64	38.907
1033.06	38.928
1033.49	38.822
1033.91	38.723
1034.34	38.641
1034.76	38.598
1035.19	38.575
1035.61	38.709
1036.03	38.395
1036.46	38.223
1036.88	38.225
1037.31	38.091
1037.73	38.043
1038.16	37.979
1038.58	37.862
1039.01	37.952
1039.43	37.923
1039.86	37.796
1040.28	37.688
1040.71	37.591
1041.13	37.749
1041.55	37.634
1041.98	37.792
1042.40	37.910
1042.83	37.891
1043.25	38.099
1043.68	38.110
1044.10	37.953
1044.52	37.620
1044.95	37.470
1045.37	37.498
1045.80	37.735
1046.22	37.721
1046.65	37.545
1047.07	37.665
1047.49	37.785
1047.92	37.607
1048.34	37.276
1048.77	37.324
1049.19	37.289
1049.61	37.040
1050.04	36.674
1050.46	36.452
1050.89	36.231
1051.31	35.961
1051.73	35.684
1052.16	35.471
1052.58	35.331
1053.00	35.261
1053.43	35.370
1053.85	35.222
1054.27	35.302
1054.70	34.983
1055.12	34.838
1055.55	34.828
1055.97	34.402
1056.39	34.074
1056.82	34.071
1057.24	34.037
1057.66	33.647
1058.09	33.683
1058.51	33.300
1058.93	33.200
1059.36	33.329
1059.78	32.909
1060.20	32.752
1060.62	32.491
1061.05	32.155
1061.47	31.937
1061.89	31.547
1062.32	31.210
1062.74	31.315
1063.16	30.546
1063.59	30.243
1064.01	29.693
1064.43	29.399
1064.85	29.250
1065.28	28.779
1065.70	28.539
1066.12	27.918
1066.55	27.637
1066.97	27.362
1067.39	27.004
1067.81	26.408
1068.24	25.847
1068.66	25.441
1069.08	25.112
1069.50	24.348
1069.93	23.815
1070.35	23.646
1070.77	22.728
1071.19	22.440
1071.62	22.369
1072.04	22.175
1072.46	21.500
1072.88	21.035
1073.31	20.510
1073.73	20.130
1074.15	18.927
1074.57	17.805
1075.00	17.548
1075.42	16.754
1075.84	15.675
1076.26	14.542
1076.68	14.203
1077.11	13.596
1077.53	12.376
1077.95	12.173
1078.37	11.670
1078.79	11.355
1079.22	9.680
1079.64	8.999
1080.06	8.068
1080.48	6.315
1080.90	4.502
1081.32	4.246
1081.75	3.046
1082.17	1.933
1082.59	0.662
1083.01	0.182
1083.43	-0.947
1083.85	-2.211
1084.28	-4.657
1084.70	-6.116
1085.12	-6.542
1085.54	-8.559
1085.96	-9.934
1086.38	-11.187
1086.80	-12.422
1087.23	-12.823
1087.65	-14.783
1088.07	-15.262
1088.49	-16.747
1088.91	-18.929
1089.33	-20.481
1089.75	-22.349
1090.17	-24.424
1090.60	-26.672
1091.02	-28.742
1091.44	-30.082
1091.86	-32.840
1092.28	-34.451
1092.70	-36.742
1093.12	-38.906
1093.54	-40.579
1093.96	-41.824
1094.38	-43.753
1094.81	-47.664
1095.23	-50.809
1095.65	-55.808
1096.07	-57.152
1096.49	-61.558
1096.91	-65.162
1097.33	-67.054
1097.75	-70.679
1098.17	-73.549
1098.59	-76.338
1099.01	-76.862
1099.43	-76.615
1099.85	-81.996
1100.27	-86.444
1100.69	-87.374
1101.11	-90.574
1101.53	-91.418
1101.95	-93.635
1102.38	-64.976
1102.80	-207.426
1103.22	-46.802
1103.64	-62.712
1104.06	-193.583
1104.48	-112.847
1104.90	-135.092
1105.32	-130.230
1105.74	-56.901
1106.16	-205.760
