188.40	-356.260
188.88	-562.141
189.35	510.864
189.83	1780.000
190.30	-2139.216
190.78	-364.904
191.26	-431.884
191.73	1864.151
192.21	-3175.362
192.68	-251.718
193.16	-1614.274
193.63	-1872.761
194.11	-1966.063
194.58	-1831.634
195.06	-1521.284
195.53	-1008.562
196.01	-833.834
196.48	-741.660
196.96	-623.114
197.43	-525.315
197.91	-478.100
198.38	-430.043
198.86	-366.492
199.33	-308.543
199.81	-294.437
200.28	-280.064
200.76	-252.183
201.23	-229.837
201.71	-211.193
202.18	-202.371
202.66	-188.049
203.13	-175.879
203.61	-168.410
204.08	-157.457
204.55	-148.155
205.03	-138.659
205.50	-134.832
205.98	-136.980
206.45	-135.154
206.93	-128.570
207.40	-127.194
207.88	-127.316
208.35	-126.313
208.82	-127.031
209.30	-128.014
209.77	-126.824
210.25	-128.578
210.72	-127.491
211.20	-126.881
211.67	-124.718
212.14	-124.699
212.62	-122.107
213.09	-118.918
213.57	-114.545
214.04	-115.878
214.52	-115.679
214.99	-111.346
215.46	-112.815
215.94	-113.646
216.41	-111.791
216.89	-110.132
217.36	-108.817
217.83	-109.402
218.31	-109.044
218.78	-104.812
219.25	-103.763
219.73	-107.063
220.20	-107.325
220.68	-103.479
221.15	-103.768
221.62	-105.603
222.10	-106.682
222.57	-103.258
223.04	-102.509
223.52	-108.941
223.99	-111.506
224.47	-108.207
224.94	-111.883
225.41	-112.486
225.89	-111.312
226.36	-112.212
226.83	-116.248
227.31	-120.330
227.78	-122.059
228.25	-116.604
228.73	-117.457
229.20	-117.387
229.67	-118.326
230.15	-115.333
230.62	-114.762
231.09	-119.077
231.57	-121.574
232.04	-116.369
232.51	-118.346
232.98	-122.800
233.46	-119.806
233.93	-115.522
234.40	-113.973
234.88	-113.395
235.35	-116.220
235.82	-113.600
236.30	-109.481
236.77	-111.230
237.24	-112.858
237.71	-108.896
238.19	-108.403
238.66	-108.440
239.13	-111.594
239.61	-109.616
240.08	-107.120
240.55	-107.593
241.02	-103.818
241.50	-99.595
241.97	-98.415
242.44	-98.898
242.91	-98.619
243.39	-98.611
243.86	-98.474
244.33	-100.471
244.80	-103.545
245.28	-102.383
245.75	-100.176
246.22	-103.773
246.69	-102.928
247.17	-100.235
247.64	-100.458
248.11	-104.214
248.58	-106.447
249.05	-105.838
249.53	-102.089
250.00	-105.572
250.47	-109.966
250.94	-111.933
251.42	-111.733
251.89	-110.279
252.36	-109.370
252.83	-108.167
253.30	-102.284
253.78	-100.403
254.25	-101.277
254.72	-101.072
255.19	-99.863
255.66	-99.268
256.13	-101.284
256.61	-99.114
257.08	-97.159
257.55	-95.879
258.02	-95.178
258.49	-95.431
258.97	-94.420
259.44	-96.576
259.91	-97.269
260.38	-96.112
260.85	-93.626
261.32	-94.263
261.79	-95.662
262.27	-97.556
262.74	-95.408
263.21	-95.583
263.68	-98.827
264.15	-100.175
264.62	-99.903
265.09	-99.737
265.57	-101.570
266.04	-101.523
266.51	-101.181
266.98	-102.670
267.45	-103.946
267.92	-106.601
268.39	-104.521
268.86	-103.241
269.34	-100.159
269.81	-101.712
270.28	-100.105
270.75	-96.305
271.22	-97.370
271.69	-97.272
272.16	-95.267
272.63	-94.472
273.10	-95.255
273.57	-95.641
274.05	-92.172
274.52	-86.718
274.99	-87.577
275.46	-88.890
275.93	-87.830
276.40	-87.921
276.87	-85.272
277.34	-86.748
277.81	-85.566
278.28	-84.958
278.75	-86.511
279.22	-89.804
279.69	-87.693
280.16	-86.581
280.63	-87.167
281.11	-89.086
281.58	-90.408
282.05	-90.092
282.52	-90.553
282.99	-91.633
283.46	-91.819
283.93	-90.709
284.40	-93.605
284.87	-92.955
285.34	-93.127
285.81	-91.365
286.28	-89.841
286.75	-89.517
287.22	-89.394
287.69	-86.639
288.16	-85.083
288.63	-85.029
289.10	-82.781
289.57	-81.707
290.04	-80.227
290.51	-81.892
290.98	-79.684
291.45	-77.914
291.92	-78.523
292.39	-79.640
292.86	-81.199
293.33	-78.113
293.80	-77.957
294.27	-78.621
294.74	-79.707
295.21	-77.514
295.68	-76.789
296.15	-79.469
296.62	-81.110
297.09	-79.462
297.56	-80.227
298.03	-79.788
298.49	-79.111
298.96	-79.139
299.43	-76.817
299.90	-79.197
300.37	-78.939
300.84	-78.587
301.31	-78.003
301.78	-77.146
302.25	-77.173
302.72	-74.768
303.19	-74.549
303.66	-74.542
304.13	-74.294
304.60	-72.599
305.07	-72.018
305.53	-71.286
306.00	-70.504
306.47	-69.694
306.94	-67.592
307.41	-67.639
307.88	-68.758
308.35	-68.448
308.82	-66.823
309.29	-67.697
309.76	-66.384
310.22	-66.258
310.69	-66.137
311.16	-64.694
311.63	-63.504
312.10	-62.817
312.57	-62.629
313.04	-63.038
313.51	-63.264
313.97	-62.590
314.44	-61.714
314.91	-62.214
315.38	-62.925
315.85	-62.200
316.32	-60.433
316.79	-60.450
317.25	-59.864
317.72	-60.492
318.19	-59.430
318.66	-59.329
319.13	-59.201
319.60	-60.592
320.07	-60.105
320.53	-57.946
321.00	-57.597
321.47	-56.582
321.94	-55.926
322.41	-55.281
322.87	-54.899
323.34	-54.719
323.81	-52.841
324.28	-53.088
324.75	-52.828
325.22	-51.112
325.68	-49.855
326.15	-49.456
326.62	-50.009
327.09	-48.898
327.56	-46.898
328.02	-46.345
328.49	-47.250
328.96	-47.110
329.43	-46.879
329.89	-46.454
330.36	-46.914
330.83	-47.956
331.30	-48.040
331.77	-47.700
332.23	-46.658
332.70	-45.444
333.17	-45.466
333.64	-45.699
334.10	-43.897
334.57	-42.333
335.04	-42.010
335.51	-42.068
335.97	-42.281
336.44	-40.469
336.91	-40.642
337.38	-40.241
337.84	-40.319
338.31	-38.405
338.78	-37.315
339.24	-35.649
339.71	-33.683
340.18	-31.458
340.65	-30.388
341.11	-29.366
341.58	-27.615
342.05	-27.009
342.52	-26.225
342.98	-24.945
343.45	-24.066
343.92	-23.430
344.38	-23.534
344.85	-23.160
345.32	-21.998
345.78	-21.244
346.25	-20.633
346.72	-19.978
347.18	-19.231
347.65	-18.082
348.12	-17.760
348.58	-17.053
349.05	-16.473
349.52	-15.959
349.99	-15.999
350.45	-15.194
350.92	-14.905
351.38	-14.946
351.85	-14.622
352.32	-14.204
352.78	-13.769
353.25	-13.086
353.72	-12.390
354.18	-11.599
354.65	-10.973
355.12	-10.662
355.58	-10.091
356.05	-9.896
356.52	-9.625
356.98	-9.224
357.45	-8.647
357.91	-8.174
358.38	-8.002
358.85	-7.459
359.31	-7.208
359.78	-6.856
360.25	-6.887
360.71	-6.347
361.18	-5.748
361.64	-5.507
362.11	-5.316
362.58	-5.153
363.04	-4.926
363.51	-4.564
363.97	-4.499
364.44	-4.386
364.91	-3.996
365.37	-3.847
365.84	-3.598
366.30	-3.344
366.77	-3.184
367.23	-3.065
367.70	-2.982
368.17	-2.692
368.63	-2.388
369.10	-2.337
369.56	-2.332
370.03	-2.188
370.49	-2.048
370.96	-1.873
371.42	-1.679
371.89	-1.586
372.36	-1.288
372.82	-1.176
373.29	-1.217
373.75	-1.051
374.22	-0.775
374.68	-0.605
375.15	-0.483
375.61	-0.348
376.08	-0.120
376.54	0.063
377.01	0.131
377.47	0.252
377.94	0.306
378.40	0.355
378.87	0.431
379.33	0.614
379.80	0.760
380.26	0.875
380.73	0.917
381.19	0.904
381.66	1.073
382.12	1.207
382.59	1.264
383.05	1.358
383.52	1.525
383.98	1.575
384.45	1.602
384.91	1.580
385.38	1.614
385.84	1.661
386.31	1.631
386.77	1.637
387.24	1.714
387.70	1.895
388.16	1.978
388.63	2.007
389.09	2.084
389.56	2.244
390.02	2.249
390.49	2.286
390.95	2.400
391.42	2.472
391.88	2.520
392.34	2.588
392.81	2.680
393.27	2.817
393.74	2.897
394.20	2.970
394.67	3.133
395.13	3.312
395.59	3.492
396.06	3.564
396.52	3.676
396.99	3.800
397.45	3.816
397.91	3.826
398.38	3.854
398.84	3.932
399.31	3.951
399.77	3.969
400.23	4.015
400.70	4.075
401.16	4.084
401.63	4.057
402.09	4.073
402.55	4.041
403.02	3.959
403.48	3.914
403.94	3.897
404.41	3.866
404.87	3.805
405.33	3.683
405.80	3.685
406.26	3.699
406.73	3.682
407.19	3.659
407.65	3.677
408.12	3.790
408.58	3.829
409.04	3.880
409.51	3.958
409.97	4.069
410.43	4.190
410.90	4.336
411.36	4.498
411.82	4.678
412.29	4.900
412.75	5.091
413.21	5.279
413.67	5.505
414.14	5.767
414.60	5.969
415.06	6.224
415.53	6.498
415.99	6.750
416.45	6.972
416.92	7.179
417.38	7.410
417.84	7.611
418.30	7.750
418.77	7.878
419.23	8.035
419.69	8.136
420.16	8.182
420.62	8.177
421.08	8.188
421.54	8.175
422.01	8.109
422.47	8.020
422.93	7.962
423.39	7.854
423.86	7.726
424.32	7.578
424.78	7.430
425.24	7.282
425.71	7.108
426.17	6.941
426.63	6.799
427.09	6.642
427.56	6.461
428.02	6.290
428.48	6.177
428.94	6.027
429.41	5.855
429.87	5.737
430.33	5.776
430.79	5.859
431.25	5.975
431.72	6.112
432.18	6.307
432.64	6.547
433.10	6.802
433.56	7.055
434.03	7.392
434.49	7.763
434.95	8.110
435.41	8.464
435.87	8.863
436.34	9.287
436.80	9.729
437.26	10.177
437.72	10.652
438.18	11.109
438.64	11.592
439.11	12.078
439.57	12.548
440.03	12.927
440.49	13.266
440.95	13.549
441.41	13.819
441.88	14.081
442.34	14.288
442.80	14.447
443.26	14.581
443.72	14.691
444.18	14.752
444.64	14.761
445.11	14.765
445.57	14.725
446.03	14.660
446.49	14.530
446.95	14.395
447.41	14.232
447.87	14.046
448.33	13.822
448.79	13.583
449.26	13.343
449.72	13.106
450.18	12.860
450.64	12.625
451.10	12.392
451.56	12.156
452.02	11.934
452.48	11.730
452.94	11.549
453.40	11.391
453.87	11.246
454.33	11.148
454.79	11.086
455.25	11.060
455.71	11.055
456.17	11.105
456.63	11.214
457.09	11.360
457.55	11.539
458.01	11.758
458.47	12.035
458.93	12.346
459.39	12.685
459.85	13.037
460.31	13.440
460.77	13.874
461.24	14.327
461.70	14.815
462.16	15.320
462.62	15.848
463.08	16.371
463.54	16.903
464.00	17.451
464.46	17.978
464.92	18.490
465.38	18.984
465.84	19.475
466.30	19.938
466.76	20.372
467.22	20.777
467.68	21.171
468.14	21.529
468.60	21.849
469.06	22.135
469.52	22.386
469.98	22.607
470.44	22.786
470.90	22.905
471.36	22.992
471.82	23.042
472.28	23.052
472.74	23.019
473.20	22.953
473.66	22.854
474.12	22.717
474.58	22.536
475.04	22.344
475.50	22.115
475.95	21.852
476.41	21.575
476.87	21.276
477.33	20.965
477.79	20.642
478.25	20.311
478.71	19.964
479.17	19.623
479.63	19.274
480.09	18.930
480.55	18.609
481.01	18.295
481.47	18.007
481.93	17.733
482.39	17.490
482.84	17.280
483.30	17.101
483.76	16.957
484.22	16.843
484.68	16.764
485.14	16.724
485.60	16.732
486.06	16.777
486.52	16.864
486.98	16.991
487.44	17.157
487.89	17.356
488.35	17.603
488.81	17.887
489.27	18.208
489.73	18.564
490.19	18.955
490.65	19.381
491.11	19.834
491.56	20.308
492.02	20.805
492.48	21.316
492.94	21.837
493.40	22.361
493.86	22.900
494.32	23.442
494.77	23.992
495.23	24.531
495.69	25.075
496.15	25.610
496.61	26.134
497.07	26.637
497.52	27.136
497.98	27.612
498.44	28.065
498.90	28.496
499.36	28.906
499.82	29.287
500.27	29.628
500.73	29.937
501.19	30.214
501.65	30.464
502.11	30.679
502.56	30.863
503.02	31.014
503.48	31.138
503.94	31.230
504.40	31.278
504.85	31.295
505.31	31.273
505.77	31.219
506.23	31.133
506.69	31.024
507.14	30.878
507.60	30.707
508.06	30.503
508.52	30.272
508.97	30.012
509.43	29.733
509.89	29.427
510.35	29.112
510.80	28.789
511.26	28.449
511.72	28.097
512.18	27.732
512.63	27.364
513.09	26.983
513.55	26.596
514.01	26.222
514.46	25.855
514.92	25.492
515.38	25.139
515.84	24.798
516.29	24.473
516.75	24.165
517.21	23.875
517.66	23.606
518.12	23.369
518.58	23.157
519.04	22.973
519.49	22.825
519.95	22.702
520.41	22.607
520.86	22.547
521.32	22.522
521.78	22.534
522.23	22.580
522.69	22.668
523.15	22.794
523.61	22.952
524.06	23.143
524.52	23.370
524.98	23.631
525.43	23.927
525.89	24.247
526.35	24.592
526.80	24.968
527.26	25.370
527.72	25.789
528.17	26.227
528.63	26.682
529.09	27.152
529.54	27.636
530.00	28.132
530.45	28.635
530.91	29.145
531.37	29.654
531.82	30.165
532.28	30.670
532.74	31.176
533.19	31.675
533.65	32.155
534.10	32.622
534.56	33.075
535.02	33.505
535.47	33.921
535.93	34.321
536.39	34.708
536.84	35.073
537.30	35.420
537.75	35.741
538.21	36.032
538.67	36.302
539.12	36.551
539.58	36.772
540.03	36.969
540.49	37.149
540.94	37.304
541.40	37.424
541.86	37.518
542.31	37.579
542.77	37.619
543.22	37.638
543.68	37.631
544.13	37.603
544.59	37.555
545.05	37.481
545.50	37.382
545.96	37.245
546.41	37.091
546.87	36.914
547.32	36.716
547.78	36.503
548.23	36.264
548.69	36.002
549.14	35.730
549.60	35.433
550.06	35.118
550.51	34.791
550.97	34.459
551.42	34.113
551.88	33.758
552.33	33.384
552.79	33.008
553.24	32.633
553.70	32.259
554.15	31.882
554.61	31.510
555.06	31.143
555.52	30.784
555.97	30.430
556.43	30.085
556.88	29.752
557.34	29.439
557.79	29.142
558.25	28.866
558.70	28.604
559.15	28.363
559.61	28.143
560.06	27.947
560.52	27.777
560.97	27.641
561.43	27.528
561.88	27.447
562.34	27.392
562.79	27.363
563.25	27.357
563.70	27.377
564.16	27.432
564.61	27.517
565.06	27.633
565.52	27.777
565.97	27.949
566.43	28.152
566.88	28.378
567.34	28.630
567.79	28.906
568.24	29.210
568.70	29.534
569.15	29.875
569.61	30.236
570.06	30.610
570.51	31.001
570.97	31.412
571.42	31.838
571.88	32.289
572.33	32.735
572.78	33.192
573.24	33.665
573.69	34.136
574.15	34.610
574.60	35.083
575.05	35.565
575.51	36.050
575.96	36.530
576.42	37.019
576.87	37.501
577.32	37.983
577.78	38.452
578.23	38.921
578.68	39.385
579.14	39.839
579.59	40.274
580.04	40.693
580.50	41.099
580.95	41.484
581.40	41.844
581.86	42.200
582.31	42.542
582.76	42.869
583.22	43.179
583.67	43.472
584.12	43.748
584.58	43.993
585.03	44.212
585.48	44.406
585.94	44.566
586.39	44.703
586.84	44.826
587.30	44.935
587.75	45.015
588.20	45.077
588.66	45.116
589.11	45.128
589.56	45.129
590.01	45.104
590.47	45.058
590.92	44.998
591.37	44.916
591.83	44.807
592.28	44.669
592.73	44.517
593.18	44.346
593.64	44.160
594.09	43.955
594.54	43.743
594.99	43.522
595.45	43.288
595.90	43.035
596.35	42.756
596.80	42.454
597.26	42.145
597.71	41.815
598.16	41.475
598.61	41.137
599.07	40.784
599.52	40.418
599.97	40.048
600.42	39.671
600.88	39.286
601.33	38.898
601.78	38.516
602.23	38.122
602.69	37.722
603.14	37.326
603.59	36.928
604.04	36.533
604.49	36.135
604.95	35.736
605.40	35.357
605.85	34.991
606.30	34.636
606.75	34.291
607.21	33.965
607.66	33.648
608.11	33.345
608.56	33.048
609.01	32.776
609.46	32.521
609.92	32.284
610.37	32.067
610.82	31.872
611.27	31.698
611.72	31.553
612.17	31.429
612.63	31.321
613.08	31.236
613.53	31.169
613.98	31.136
614.43	31.131
614.88	31.141
615.34	31.172
615.79	31.217
616.24	31.281
616.69	31.367
617.14	31.480
617.59	31.610
618.04	31.768
618.49	31.949
618.95	32.141
619.40	32.352
619.85	32.588
620.30	32.838
620.75	33.098
621.20	33.378
621.65	33.670
622.10	33.973
622.55	34.293
623.00	34.631
623.46	34.971
623.91	35.316
624.36	35.675
624.81	36.041
625.26	36.418
625.71	36.802
626.16	37.196
626.61	37.592
627.06	37.994
627.51	38.403
627.96	38.800
628.41	39.209
628.86	39.608
629.32	40.005
629.77	40.402
630.22	40.797
630.67	41.184
631.12	41.567
631.57	41.957
632.02	42.343
632.47	42.706
632.92	43.073
633.37	43.444
633.82	43.797
634.27	44.134
634.72	44.463
635.17	44.789
635.62	45.099
636.07	45.392
636.52	45.662
636.97	45.923
637.42	46.176
637.87	46.410
638.32	46.633
638.77	46.848
639.22	47.051
639.67	47.229
640.12	47.395
640.57	47.545
641.02	47.681
641.47	47.800
641.92	47.909
642.37	47.996
642.82	48.052
643.27	48.094
643.72	48.132
644.17	48.151
644.62	48.149
645.07	48.132
645.52	48.107
645.97	48.074
646.42	48.017
646.87	47.956
647.32	47.901
647.77	47.842
648.22	47.758
648.66	47.649
649.11	47.519
649.56	47.372
650.01	47.221
650.46	47.053
650.91	46.879
651.36	46.688
651.81	46.485
652.26	46.282
652.71	46.053
653.16	45.811
653.61	45.559
654.06	45.299
654.50	45.028
654.95	44.747
655.40	44.462
655.85	44.171
656.30	43.864
656.75	43.529
657.20	43.186
657.65	42.840
658.10	42.488
658.55	42.154
658.99	41.824
659.44	41.487
659.89	41.147
660.34	40.793
660.79	40.445
661.24	40.098
661.69	39.753
662.13	39.419
662.58	39.079
663.03	38.748
663.48	38.418
663.93	38.089
664.38	37.764
664.83	37.447
665.27	37.126
665.72	36.804
666.17	36.501
666.62	36.203
667.07	35.912
667.52	35.636
667.96	35.352
668.41	35.069
668.86	34.800
669.31	34.543
669.76	34.308
670.21	34.080
670.65	33.864
671.10	33.652
671.55	33.464
672.00	33.296
672.45	33.136
672.89	32.988
673.34	32.851
673.79	32.725
674.24	32.608
674.68	32.506
675.13	32.429
675.58	32.370
676.03	32.323
676.48	32.285
676.92	32.256
677.37	32.252
677.82	32.269
678.27	32.289
678.71	32.323
679.16	32.375
679.61	32.440
680.06	32.518
680.50	32.613
680.95	32.726
681.40	32.844
681.85	32.967
682.29	33.106
682.74	33.265
683.19	33.432
683.64	33.610
684.08	33.813
684.53	34.024
684.98	34.243
685.43	34.477
685.87	34.717
686.32	34.970
686.77	35.222
687.21	35.472
687.66	35.746
688.11	36.030
688.55	36.308
689.00	36.588
689.45	36.893
689.90	37.210
690.34	37.516
690.79	37.825
691.24	38.143
691.68	38.468
692.13	38.783
692.58	39.087
693.02	39.411
693.47	39.732
693.92	40.043
694.36	40.337
694.81	40.646
695.26	40.960
695.70	41.257
696.15	41.559
696.60	41.873
697.04	42.180
697.49	42.469
697.94	42.741
698.38	43.029
698.83	43.303
699.27	43.570
699.72	43.814
700.17	44.067
700.61	44.323
701.06	44.573
701.51	44.822
701.95	45.081
702.40	45.331
702.84	45.561
703.29	45.787
703.74	46.006
704.18	46.216
704.63	46.414
705.07	46.611
705.52	46.805
705.97	46.972
706.41	47.125
706.86	47.275
707.30	47.435
707.75	47.585
708.20	47.726
708.64	47.840
709.09	47.945
709.53	48.042
709.98	48.135
710.42	48.197
710.87	48.238
711.32	48.274
711.76	48.287
712.21	48.307
712.65	48.319
713.10	48.338
713.54	48.332
713.99	48.322
714.43	48.306
714.88	48.260
715.33	48.207
715.77	48.161
716.22	48.112
716.66	48.042
717.11	47.954
717.55	47.861
718.00	47.767
718.44	47.676
718.89	47.561
719.33	47.441
719.78	47.324
720.22	47.214
720.67	47.089
721.11	46.961
721.56	46.821
722.00	46.665
722.45	46.491
722.89	46.314
723.34	46.126
723.78	45.956
724.23	45.790
724.67	45.614
725.12	45.409
725.56	45.191
726.01	44.982
726.45	44.763
726.90	44.529
727.34	44.287
727.78	44.058
728.23	43.826
728.67	43.569
729.12	43.309
729.56	43.052
730.01	42.788
730.45	42.503
730.90	42.205
731.34	41.933
731.79	41.662
732.23	41.375
732.67	41.084
733.12	40.780
733.56	40.498
734.01	40.218
734.45	39.927
734.89	39.653
735.34	39.394
735.78	39.139
736.23	38.869
736.67	38.598
737.12	38.325
737.56	38.051
738.00	37.783
738.45	37.529
738.89	37.271
739.34	37.032
739.78	36.825
740.22	36.620
740.67	36.390
741.11	36.156
741.55	35.947
742.00	35.739
742.44	35.528
742.89	35.308
743.33	35.100
743.77	34.924
744.22	34.755
744.66	34.558
745.10	34.366
745.55	34.188
745.99	34.039
746.43	33.899
746.88	33.757
747.32	33.614
747.76	33.489
748.21	33.387
748.65	33.271
749.09	33.143
749.54	33.026
749.98	32.938
750.42	32.868
750.87	32.789
751.31	32.717
751.75	32.671
752.20	32.648
752.64	32.632
753.08	32.606
753.53	32.568
753.97	32.567
754.41	32.579
754.85	32.607
755.30	32.630
755.74	32.658
756.18	32.722
756.63	32.820
757.07	32.920
757.51	32.992
757.95	33.082
758.40	33.198
758.84	33.322
759.28	33.445
759.72	33.570
760.17	33.708
760.61	33.868
761.05	34.021
761.50	34.162
761.94	34.308
762.38	34.462
762.82	34.648
763.26	34.828
763.71	35.006
764.15	35.179
764.59	35.357
765.03	35.535
765.48	35.710
765.92	35.870
766.36	36.028
766.80	36.222
767.25	36.425
767.69	36.622
768.13	36.842
768.57	37.070
769.01	37.302
769.46	37.529
769.90	37.751
770.34	37.973
770.78	38.201
771.22	38.455
771.67	38.733
772.11	38.995
772.55	39.252
772.99	39.495
773.43	39.731
773.87	39.991
774.32	40.260
774.76	40.525
775.20	40.780
775.64	41.035
776.08	41.309
776.52	41.569
776.97	41.825
777.41	42.056
777.85	42.288
778.29	42.528
778.73	42.787
779.17	43.049
779.62	43.306
780.06	43.554
780.50	43.793
780.94	44.013
781.38	44.230
781.82	44.446
782.26	44.681
782.70	44.925
783.15	45.155
783.59	45.386
784.03	45.604
784.47	45.815
784.91	46.014
785.35	46.196
785.79	46.380
786.23	46.561
786.67	46.736
787.11	46.899
787.56	47.048
788.00	47.187
788.44	47.329
788.88	47.479
789.32	47.625
789.76	47.758
790.20	47.897
790.64	48.040
791.08	48.181
791.52	48.297
791.96	48.394
792.40	48.491
792.84	48.595
793.28	48.707
793.73	48.832
794.17	48.948
794.61	49.039
795.05	49.134
795.49	49.213
795.93	49.274
796.37	49.333
796.81	49.391
797.25	49.450
797.69	49.485
798.13	49.499
798.57	49.514
799.01	49.519
799.45	49.499
799.89	49.459
800.33	49.424
800.77	49.415
801.21	49.422
801.65	49.393
802.09	49.333
802.53	49.263
802.97	49.192
803.41	49.131
803.85	49.070
804.29	49.008
804.73	48.966
805.17	48.908
805.61	48.828
806.05	48.750
806.49	48.644
806.93	48.555
807.37	48.477
807.81	48.409
808.25	48.336
808.69	48.237
809.13	48.134
809.57	48.024
810.01	47.903
810.44	47.760
810.88	47.626
811.32	47.497
811.76	47.366
812.20	47.215
812.64	47.057
813.08	46.890
813.52	46.706
813.96	46.504
814.40	46.332
814.84	46.174
815.28	46.008
815.72	45.853
816.16	45.669
816.59	45.493
817.03	45.297
817.47	45.104
817.91	44.941
818.35	44.781
818.79	44.620
819.23	44.441
819.67	44.250
820.11	44.059
820.54	43.851
820.98	43.638
821.42	43.435
821.86	43.212
822.30	43.000
822.74	42.798
823.18	42.584
823.62	42.359
824.05	42.141
824.49	41.941
824.93	41.738
825.37	41.546
825.81	41.336
826.25	41.120
826.69	40.865
827.12	40.594
827.56	40.338
828.00	40.087
828.44	39.858
828.88	39.636
829.32	39.405
829.75	39.188
830.19	38.971
830.63	38.736
831.07	38.526
831.51	38.308
831.94	38.077
832.38	37.857
832.82	37.652
833.26	37.456
833.70	37.249
834.13	37.034
834.57	36.820
835.01	36.614
835.45	36.424
835.89	36.262
836.32	36.108
836.76	35.946
837.20	35.763
837.64	35.584
838.08	35.426
838.51	35.303
838.95	35.177
839.39	35.052
839.83	34.940
840.26	34.829
840.70	34.732
841.14	34.632
841.58	34.546
842.01	34.460
842.45	34.367
842.89	34.275
843.33	34.181
843.76	34.103
844.20	34.038
844.64	33.960
845.08	33.889
845.51	33.817
845.95	33.759
846.39	33.716
846.82	33.659
847.26	33.599
847.70	33.521
848.14	33.448
848.57	33.392
849.01	33.356
849.45	33.311
849.88	33.265
850.32	33.242
850.76	33.230
851.19	33.226
851.63	33.224
852.07	33.226
852.50	33.254
852.94	33.245
853.38	33.228
853.81	33.247
854.25	33.285
854.69	33.337
855.12	33.388
855.56	33.443
856.00	33.510
856.43	33.611
856.87	33.701
857.31	33.803
857.74	33.909
858.18	33.993
858.62	34.086
859.05	34.174
859.49	34.262
859.93	34.352
860.36	34.436
860.80	34.528
861.24	34.625
861.67	34.710
862.11	34.825
862.54	34.940
862.98	35.062
863.42	35.195
863.85	35.332
864.29	35.462
864.72	35.605
865.16	35.750
865.60	35.874
866.03	36.020
866.47	36.159
866.90	36.293
867.34	36.453
867.78	36.641
868.21	36.850
868.65	37.063
869.08	37.275
869.52	37.477
869.95	37.666
870.39	37.858
870.83	38.070
871.26	38.298
871.70	38.542
872.13	38.769
872.57	38.968
873.00	39.155
873.44	39.349
873.87	39.535
874.31	39.722
874.75	39.889
875.18	40.069
875.62	40.257
876.05	40.457
876.49	40.660
876.92	40.894
877.36	41.128
877.79	41.342
878.23	41.532
878.66	41.743
879.10	41.981
879.53	42.215
879.97	42.426
880.40	42.625
880.84	42.826
881.27	43.008
881.71	43.190
882.14	43.382
882.58	43.586
883.01	43.796
883.45	44.012
883.88	44.236
884.32	44.437
884.75	44.639
885.19	44.838
885.62	45.035
886.06	45.212
886.49	45.409
886.92	45.613
887.36	45.817
887.79	46.008
888.23	46.173
888.66	46.324
889.10	46.482
889.53	46.634
889.97	46.775
890.40	46.910
890.83	47.060
891.27	47.214
891.70	47.385
892.14	47.538
892.57	47.693
893.01	47.891
893.44	48.082
893.87	48.259
894.31	48.448
894.74	48.614
895.18	48.749
895.61	48.823
896.04	48.875
896.48	48.952
896.91	49.027
897.35	49.089
897.78	49.166
898.21	49.260
898.65	49.364
899.08	49.471
899.52	49.579
899.95	49.691
900.38	49.810
900.82	49.920
901.25	50.045
901.68	50.167
902.12	50.264
902.55	50.360
902.99	50.475
903.42	50.558
903.85	50.672
904.29	50.771
904.72	50.870
905.15	50.978
905.59	51.077
906.02	51.183
906.45	51.306
906.89	51.419
907.32	51.526
907.75	51.630
908.19	51.683
908.62	51.768
909.05	51.833
909.49	51.848
909.92	51.834
910.35	51.823
910.78	51.790
911.22	51.710
911.65	51.628
912.08	51.558
912.52	51.520
912.95	51.465
913.38	51.396
913.82	51.351
914.25	51.345
914.68	51.302
915.11	51.253
915.55	51.183
915.98	51.139
916.41	51.078
916.84	50.988
917.28	50.939
917.71	50.896
918.14	50.825
918.58	50.770
919.01	50.689
919.44	50.614
919.87	50.565
920.31	50.529
920.74	50.506
921.17	50.425
921.60	50.334
922.03	50.242
922.47	50.128
922.90	49.995
923.33	49.848
923.76	49.720
924.20	49.600
924.63	49.518
925.06	49.388
925.49	49.212
925.92	49.080
926.36	48.953
926.79	48.796
927.22	48.663
927.65	48.529
928.08	48.409
928.52	48.278
928.95	48.084
929.38	47.931
929.81	47.763
930.24	47.629
930.68	47.478
931.11	47.288
931.54	47.152
931.97	47.063
932.40	46.935
932.83	46.828
933.27	46.712
933.70	46.542
934.13	46.380
934.56	46.268
934.99	46.107
935.42	45.948
935.85	45.759
936.29	45.564
936.72	45.399
937.15	45.263
937.58	45.101
938.01	44.961
938.44	44.783
938.87	44.616
939.31	44.442
939.74	44.255
940.17	44.101
940.60	43.933
941.03	43.730
941.46	43.537
941.89	43.346
942.32	43.139
942.75	42.922
943.18	42.729
943.62	42.532
944.05	42.345
944.48	42.105
944.91	41.899
945.34	41.710
945.77	41.510
946.20	41.284
946.63	41.061
947.06	40.849
947.49	40.641
947.92	40.451
948.35	40.213
948.78	39.984
949.22	39.759
949.65	39.521
950.08	39.277
950.51	39.026
950.94	38.796
951.37	38.564
951.80	38.368
952.23	38.176
952.66	38.006
953.09	37.852
953.52	37.707
953.95	37.554
954.38	37.405
954.81	37.230
955.24	37.056
955.67	36.879
956.10	36.706
956.53	36.561
956.96	36.413
957.39	36.301
957.82	36.188
958.25	36.036
958.68	35.872
959.11	35.694
959.54	35.553
959.97	35.419
960.40	35.304
960.83	35.201
961.26	35.086
961.69	34.941
962.12	34.734
962.55	34.533
962.98	34.353
963.41	34.192
963.84	34.089
964.27	33.919
964.70	33.818
965.13	33.710
965.56	33.582
965.99	33.457
966.42	33.280
966.84	33.138
967.27	33.025
967.70	32.915
968.13	32.855
968.56	32.767
968.99	32.644
969.42	32.490
969.85	32.352
970.28	32.204
970.71	32.078
971.14	31.969
971.57	31.905
972.00	31.830
972.42	31.732
972.85	31.570
973.28	31.527
973.71	31.417
974.14	31.332
974.57	31.231
975.00	31.112
975.43	31.072
975.86	31.002
976.28	30.933
976.71	30.868
977.14	30.805
977.57	30.729
978.00	30.632
978.43	30.595
978.86	30.549
979.29	30.505
979.71	30.439
980.14	30.431
980.57	30.383
981.00	30.333
981.43	30.283
981.86	30.265
982.28	30.219
982.71	30.161
983.14	30.039
983.57	29.976
984.00	29.953
984.43	29.915
984.85	29.886
985.28	29.912
985.71	29.988
986.14	29.991
986.57	30.020
986.99	30.030
987.42	30.004
987.85	30.007
988.28	30.010
988.71	30.008
989.13	30.007
989.56	30.087
989.99	30.143
990.42	30.168
990.85	30.239
991.27	30.293
991.70	30.338
992.13	30.430
992.56	30.511
992.98	30.555
993.41	30.616
993.84	30.662
994.27	30.725
994.70	30.747
995.12	30.781
995.55	30.804
995.98	30.892
996.41	31.004
996.83	31.078
997.26	31.188
997.69	31.326
998.11	31.405
998.54	31.391
998.97	31.377
999.40	31.499
999.82	31.632
1000.25	31.757
1000.68	31.849
1001.11	31.956
1001.53	32.025
1001.96	32.052
1002.39	32.112
1002.81	32.153
1003.24	32.222
1003.67	32.250
1004.09	32.280
1004.52	32.360
1004.95	32.480
1005.38	32.514
1005.80	32.534
1006.23	32.601
1006.66	32.607
1007.08	32.699
1007.51	32.703
1007.94	32.837
1008.36	32.862
1008.79	32.817
1009.22	32.712
1009.64	32.704
1010.07	32.768
1010.50	32.845
1010.92	32.925
1011.35	32.933
1011.77	33.070
1012.20	33.091
1012.63	33.148
1013.05	33.145
1013.48	33.255
1013.91	33.288
1014.33	33.363
1014.76	33.435
1015.19	33.449
1015.61	33.383
1016.04	33.398
1016.46	33.578
1016.89	33.628
1017.32	33.674
1017.74	33.673
1018.17	33.831
1018.59	34.102
1019.02	34.146
1019.45	34.162
1019.87	34.099
1020.30	34.184
1020.72	34.260
1021.15	34.236
1021.58	34.256
1022.00	34.532
1022.43	34.551
1022.85	34.532
1023.28	34.487
1023.70	34.623
1024.13	34.626
1024.55	34.759
1024.98	34.731
1025.41	34.716
1025.83	34.805
1026.26	34.790
1026.68	34.792
1027.11	34.794
1027.53	34.610
1027.96	34.540
1028.38	34.615
1028.81	34.822
1029.23	35.013
1029.66	34.900
1030.08	34.902
1030.51	35.088
1030.94	35.084
1031.36	34.913
1031.79	34.837
1032.21	34.875
1032.64	34.866
1033.06	34.771
1033.49	34.603
1033.91	34.688
1034.34	34.705
1034.76	34.545
1035.19	34.446
1035.61	34.457
1036.03	34.496
1036.46	34.451
1036.88	34.265
1037.31	34.149
1037.73	34.117
1038.16	33.918
1038.58	33.647
1039.01	33.578
1039.43	33.360
1039.86	33.166
1040.28	33.099
1040.71	33.252
1041.13	33.274
1041.55	32.962
1041.98	32.885
1042.40	32.911
1042.83	32.804
1043.25	32.632
1043.68	32.348
1044.10	32.360
1044.52	32.250
1044.95	31.987
1045.37	31.866
1045.80	31.867
1046.22	31.911
1046.65	31.682
1047.07	31.342
1047.49	31.556
1047.92	31.375
1048.34	31.126
1048.77	30.844
1049.19	30.602
1049.61	30.182
1050.04	29.938
1050.46	29.591
1050.89	29.549
1051.31	29.465
1051.73	29.297
1052.16	28.942
1052.58	28.903
1053.00	28.776
1053.43	28.646
1053.85	28.206
1054.27	27.975
1054.70	27.623
1055.12	27.318
1055.55	27.037
1055.97	26.852
1056.39	26.680
1056.82	27.043
1057.24	26.666
1057.66	26.463
1058.09	26.432
1058.51	26.195
1058.93	25.527
1059.36	25.276
1059.78	24.733
1060.20	24.018
1060.62	23.302
1061.05	22.764
1061.47	22.587
1061.89	22.377
1062.32	21.819
1062.74	21.290
1063.16	21.121
1063.59	20.755
1064.01	19.838
1064.43	19.063
1064.85	18.577
1065.28	18.291
1065.70	17.237
1066.12	16.660
1066.55	16.067
1066.97	15.629
1067.39	15.024
1067.81	14.021
1068.24	13.541
1068.66	13.689
1069.08	13.334
1069.50	12.481
1069.93	12.263
1070.35	11.656
1070.77	10.295
1071.19	9.067
1071.62	8.748
1072.04	8.078
1072.46	7.262
1072.88	6.262
1073.31	5.554
1073.73	4.825
1074.15	3.377
1074.57	2.266
1075.00	1.542
1075.42	0.994
1075.84	0.033
1076.26	-1.741
1076.68	-1.973
1077.11	-2.700
1077.53	-4.989
1077.95	-5.883
1078.37	-7.391
1078.79	-7.880
1079.22	-8.762
1079.64	-10.457
1080.06	-11.703
1080.48	-13.472
1080.90	-15.499
1081.32	-17.106
1081.75	-18.513
1082.17	-19.604
1082.59	-21.899
1083.01	-24.328
1083.43	-26.894
1083.85	-27.490
1084.28	-30.268
1084.70	-33.165
1085.12	-34.905
1085.54	-37.144
1085.96	-39.235
1086.38	-41.844
1086.80	-43.229
1087.23	-43.608
1087.65	-45.304
1088.07	-49.184
1088.49	-51.760
1088.91	-52.837
1089.33	-53.785
1089.75	-58.121
1090.17	-60.770
1090.60	-61.935
1091.02	-64.583
1091.44	-66.966
1091.86	-69.175
1092.28	-70.537
1092.70	-73.999
1093.12	-78.160
1093.54	-82.034
1093.96	-83.973
1094.38	-85.295
1094.81	-89.436
1095.23	-92.986
1095.65	-96.681
1096.07	-98.990
1096.49	-106.893
1096.91	-112.202
1097.33	-114.299
1097.75	-119.136
1098.17	-124.171
1098.59	-127.132
1099.01	-126.328
1099.43	-130.795
1099.85	-138.546
1100.27	-143.865
1100.69	-147.191
1101.11	-148.061
1101.53	-154.802
1101.95	-159.649
1102.38	-109.903
1102.80	-302.945
1103.22	-98.692
1103.64	-148.528
1104.06	-305.526
1104.48	-210.072
1104.90	-241.350
1105.32	-118.046
1105.74	-164.883
1106.16	-353.920
