188.40	-358.598
188.88	-339.164
189.35	704.178
189.83	2310.435
190.30	-2627.451
190.78	-398.558
191.26	-531.401
191.73	2179.245
192.21	-2749.275
192.68	-281.489
193.16	-1708.936
193.63	-1984.488
194.11	-2128.844
194.58	-1969.640
195.06	-1595.233
195.53	-1042.105
196.01	-852.953
196.48	-760.828
196.96	-635.577
197.43	-538.616
197.91	-488.857
198.38	-444.993
198.86	-374.150
199.33	-313.325
199.81	-302.355
200.28	-292.811
200.76	-259.733
201.23	-236.082
201.71	-216.882
202.18	-205.980
202.66	-188.018
203.13	-174.630
203.61	-165.191
204.08	-155.406
204.55	-144.226
205.03	-136.669
205.50	-134.126
205.98	-138.918
206.45	-135.944
206.93	-130.741
207.40	-130.060
207.88	-130.460
208.35	-127.699
208.82	-131.208
209.30	-134.294
209.77	-134.910
210.25	-133.163
210.72	-135.384
211.20	-135.488
211.67	-134.158
212.14	-132.745
212.62	-130.429
213.09	-128.168
213.57	-128.944
214.04	-128.398
214.52	-127.202
214.99	-123.402
215.46	-125.732
215.94	-124.258
216.41	-121.209
216.89	-118.780
217.36	-119.531
217.83	-121.651
218.31	-123.118
218.78	-117.681
219.25	-116.567
219.73	-117.673
220.20	-118.665
220.68	-112.534
221.15	-115.249
221.62	-116.503
222.10	-117.715
222.57	-115.516
223.04	-115.579
223.52	-118.992
223.99	-120.878
224.47	-119.222
224.94	-123.447
225.41	-123.914
225.89	-125.165
226.36	-126.097
226.83	-130.443
227.31	-132.911
227.78	-130.466
228.25	-123.738
228.73	-126.311
229.20	-125.875
229.67	-126.428
230.15	-123.012
230.62	-124.852
231.09	-127.997
231.57	-130.391
232.04	-126.767
232.51	-128.365
232.98	-131.787
233.46	-127.729
233.93	-126.110
234.40	-123.853
234.88	-123.538
235.35	-125.176
235.82	-120.843
236.30	-118.040
236.77	-119.573
237.24	-121.781
237.71	-119.677
238.19	-121.089
238.66	-121.230
239.13	-124.681
239.61	-123.394
240.08	-124.134
240.55	-124.686
241.02	-120.851
241.50	-115.063
241.97	-113.681
242.44	-114.056
242.91	-112.734
243.39	-112.958
243.86	-111.140
244.33	-113.398
244.80	-116.201
245.28	-114.276
245.75	-112.089
246.22	-115.894
246.69	-113.874
247.17	-109.301
247.64	-108.875
248.11	-108.856
248.58	-108.813
249.05	-107.745
249.53	-104.431
250.00	-105.552
250.47	-108.892
250.94	-110.515
251.42	-111.254
251.89	-110.829
252.36	-111.205
252.83	-110.502
253.30	-105.650
253.78	-106.208
254.25	-108.261
254.72	-105.768
255.19	-104.880
255.66	-105.447
256.13	-107.436
256.61	-106.149
257.08	-106.160
257.55	-108.281
258.02	-108.837
258.49	-109.916
258.97	-108.951
259.44	-111.061
259.91	-110.895
260.38	-108.137
260.85	-104.450
261.32	-104.615
261.79	-104.665
262.27	-105.858
262.74	-103.847
263.21	-102.884
263.68	-104.812
264.15	-104.775
264.62	-105.477
265.09	-107.900
265.57	-109.580
266.04	-108.635
266.51	-108.678
266.98	-110.246
267.45	-109.348
267.92	-110.998
268.39	-108.199
268.86	-109.029
269.34	-105.025
269.81	-105.467
270.28	-104.725
270.75	-102.139
271.22	-103.999
271.69	-102.210
272.16	-98.531
272.63	-98.295
273.10	-100.694
273.57	-102.042
274.05	-99.466
274.52	-95.596
274.99	-93.889
275.46	-94.173
275.93	-92.230
276.40	-92.634
276.87	-89.930
277.34	-91.269
277.81	-90.920
278.28	-91.589
278.75	-91.376
279.22	-93.688
279.69	-92.852
280.16	-92.882
280.63	-93.885
281.11	-94.463
281.58	-97.398
282.05	-97.438
282.52	-98.859
282.99	-97.711
283.46	-96.829
283.93	-96.238
284.40	-99.163
284.87	-99.686
285.34	-99.914
285.81	-100.628
286.28	-99.854
286.75	-98.697
287.22	-97.690
287.69	-97.286
288.16	-95.075
288.63	-94.044
289.10	-93.717
289.57	-92.495
290.04	-90.733
290.51	-91.352
290.98	-90.217
291.45	-88.212
291.92	-89.774
292.39	-88.875
292.86	-91.750
293.33	-89.299
293.80	-89.157
294.27	-87.936
294.74	-88.306
295.21	-86.086
295.68	-83.699
296.15	-84.426
296.62	-86.175
297.09	-84.899
297.56	-84.685
298.03	-84.162
298.49	-84.849
298.96	-85.279
299.43	-83.606
299.90	-84.920
300.37	-84.127
300.84	-83.479
301.31	-84.027
301.78	-81.950
302.25	-82.900
302.72	-80.157
303.19	-79.783
303.66	-77.394
304.13	-77.044
304.60	-75.909
305.07	-75.943
305.53	-75.346
306.00	-75.590
306.47	-74.783
306.94	-73.970
307.41	-72.572
307.88	-73.274
308.35	-72.097
308.82	-70.833
309.29	-71.002
309.76	-68.799
310.22	-68.121
310.69	-68.046
311.16	-65.847
311.63	-64.872
312.10	-64.625
312.57	-65.105
313.04	-64.820
313.51	-64.704
313.97	-63.894
314.44	-63.455
314.91	-62.544
315.38	-62.599
315.85	-60.336
316.32	-59.787
316.79	-59.218
317.25	-59.486
317.72	-60.581
318.19	-60.623
318.66	-59.060
319.13	-57.936
319.60	-59.250
320.07	-59.179
320.53	-57.480
321.00	-58.177
321.47	-58.335
321.94	-56.941
322.41	-56.105
322.87	-54.749
323.34	-55.616
323.81	-54.200
324.28	-53.338
324.75	-54.032
325.22	-52.564
325.68	-52.879
326.15	-51.921
326.62	-51.581
327.09	-50.686
327.56	-49.352
328.02	-47.842
328.49	-48.629
328.96	-48.321
329.43	-48.050
329.89	-48.871
330.36	-48.606
330.83	-48.883
331.30	-49.036
331.77	-48.510
332.23	-47.442
332.70	-47.572
333.17	-48.201
333.64	-49.215
334.10	-47.337
334.57	-45.745
335.04	-45.345
335.51	-44.551
335.97	-43.735
336.44	-42.392
336.91	-42.281
337.38	-41.909
337.84	-42.106
338.31	-41.308
338.78	-41.206
339.24	-40.294
339.71	-37.557
340.18	-35.912
340.65	-34.615
341.11	-33.400
341.58	-32.218
342.05	-31.141
342.52	-30.415
342.98	-29.339
343.45	-28.407
343.92	-27.764
344.38	-27.618
344.85	-27.804
345.32	-26.961
345.78	-26.166
346.25	-25.573
346.72	-24.733
347.18	-23.445
347.65	-22.035
348.12	-21.565
348.58	-20.750
349.05	-19.735
349.52	-19.193
349.99	-18.995
350.45	-18.379
350.92	-17.623
351.38	-17.243
351.85	-17.010
352.32	-16.497
352.78	-15.233
353.25	-14.023
353.72	-13.631
354.18	-13.336
354.65	-12.380
355.12	-11.862
355.58	-11.278
356.05	-11.083
356.52	-10.723
356.98	-10.309
357.45	-10.018
357.91	-9.571
358.38	-9.322
358.85	-8.938
359.31	-8.704
359.78	-8.414
360.25	-8.219
360.71	-7.682
361.18	-7.154
361.64	-6.897
362.11	-6.602
362.58	-6.598
363.04	-6.465
363.51	-6.133
363.97	-5.768
364.44	-5.509
364.91	-5.110
365.37	-5.057
365.84	-4.765
366.30	-4.509
366.77	-4.276
367.23	-4.130
367.70	-3.938
368.17	-3.568
368.63	-3.256
369.10	-3.152
369.56	-3.038
370.03	-2.760
370.49	-2.525
370.96	-2.405
371.42	-2.257
371.89	-1.969
372.36	-1.570
372.82	-1.454
373.29	-1.481
373.75	-1.258
374.22	-1.045
374.68	-0.920
375.15	-0.820
375.61	-0.648
376.08	-0.353
376.54	-0.290
377.01	-0.186
377.47	0.014
377.94	0.157
378.40	0.210
378.87	0.242
379.33	0.430
379.80	0.570
380.26	0.545
380.73	0.651
381.19	0.787
381.66	0.858
382.12	0.924
382.59	0.958
383.05	1.074
383.52	1.153
383.98	1.189
384.45	1.202
384.91	1.300
385.38	1.417
385.84	1.439
386.31	1.439
386.77	1.508
387.24	1.590
387.70	1.680
388.16	1.687
388.63	1.825
389.09	1.918
389.56	2.064
390.02	2.092
390.49	2.125
390.95	2.209
391.42	2.318
391.88	2.380
392.34	2.457
392.81	2.603
393.27	2.770
393.74	2.825
394.20	2.929
394.67	3.068
395.13	3.194
395.59	3.316
396.06	3.424
396.52	3.508
396.99	3.623
397.45	3.649
397.91	3.729
398.38	3.737
398.84	3.809
399.31	3.804
399.77	3.824
400.23	3.889
400.70	3.966
401.16	3.936
401.63	3.890
402.09	3.921
402.55	3.910
403.02	3.809
403.48	3.779
403.94	3.789
404.41	3.759
404.87	3.696
405.33	3.590
405.80	3.601
406.26	3.613
406.73	3.558
407.19	3.552
407.65	3.580
408.12	3.658
408.58	3.671
409.04	3.725
409.51	3.838
409.97	3.950
410.43	4.035
410.90	4.183
411.36	4.352
411.82	4.548
412.29	4.735
412.75	4.925
413.21	5.148
413.67	5.374
414.14	5.600
414.60	5.811
415.06	6.085
415.53	6.345
415.99	6.599
416.45	6.847
416.92	7.044
417.38	7.289
417.84	7.475
418.30	7.616
418.77	7.747
419.23	7.882
419.69	7.950
420.16	8.018
420.62	8.032
421.08	8.056
421.54	8.046
422.01	7.978
422.47	7.930
422.93	7.859
423.39	7.743
423.86	7.609
424.32	7.475
424.78	7.364
425.24	7.204
425.71	7.030
426.17	6.875
426.63	6.733
427.09	6.562
427.56	6.398
428.02	6.259
428.48	6.153
428.94	5.995
429.41	5.821
429.87	5.689
430.33	5.732
430.79	5.802
431.25	5.877
431.72	6.015
432.18	6.189
432.64	6.414
433.10	6.663
433.56	6.928
434.03	7.250
434.49	7.585
434.95	7.936
435.41	8.310
435.87	8.711
436.34	9.151
436.80	9.575
437.26	10.018
437.72	10.478
438.18	10.934
438.64	11.411
439.11	11.915
439.57	12.388
440.03	12.774
440.49	13.105
440.95	13.422
441.41	13.713
441.88	13.987
442.34	14.205
442.80	14.387
443.26	14.552
443.72	14.679
444.18	14.743
444.64	14.769
445.11	14.770
445.57	14.731
446.03	14.642
446.49	14.529
446.95	14.401
447.41	14.250
447.87	14.053
448.33	13.846
448.79	13.614
449.26	13.387
449.72	13.134
450.18	12.887
450.64	12.634
451.10	12.392
451.56	12.146
452.02	11.913
452.48	11.694
452.94	11.503
453.40	11.334
453.87	11.196
454.33	11.104
454.79	11.041
455.25	10.995
455.71	10.987
456.17	11.034
456.63	11.129
457.09	11.251
457.55	11.427
458.01	11.638
458.47	11.905
458.93	12.203
459.39	12.536
459.85	12.902
460.31	13.299
460.77	13.725
461.24	14.179
461.70	14.651
462.16	15.151
462.62	15.662
463.08	16.189
463.54	16.723
464.00	17.266
464.46	17.799
464.92	18.317
465.38	18.832
465.84	19.329
466.30	19.803
466.76	20.252
467.22	20.660
467.68	21.057
468.14	21.419
468.60	21.738
469.06	22.036
469.52	22.284
469.98	22.511
470.44	22.694
470.90	22.834
471.36	22.945
471.82	23.010
472.28	23.029
472.74	22.992
473.20	22.928
473.66	22.826
474.12	22.687
474.58	22.515
475.04	22.317
475.50	22.087
475.95	21.828
476.41	21.547
476.87	21.256
477.33	20.947
477.79	20.622
478.25	20.290
478.71	19.949
479.17	19.607
479.63	19.265
480.09	18.921
480.55	18.588
481.01	18.272
481.47	17.974
481.93	17.702
482.39	17.461
482.84	17.245
483.30	17.060
483.76	16.910
484.22	16.788
484.68	16.703
485.14	16.656
485.60	16.651
486.06	16.693
486.52	16.769
486.98	16.887
487.44	17.044
487.89	17.242
488.35	17.482
488.81	17.760
489.27	18.076
489.73	18.428
490.19	18.816
490.65	19.231
491.11	19.677
491.56	20.147
492.02	20.634
492.48	21.136
492.94	21.652
493.40	22.181
493.86	22.720
494.32	23.264
494.77	23.811
495.23	24.358
495.69	24.899
496.15	25.435
496.61	25.961
497.07	26.474
497.52	26.972
497.98	27.452
498.44	27.915
498.90	28.347
499.36	28.761
499.82	29.141
500.27	29.488
500.73	29.804
501.19	30.091
501.65	30.350
502.11	30.576
502.56	30.776
503.02	30.932
503.48	31.063
503.94	31.159
504.40	31.219
504.85	31.238
505.31	31.231
505.77	31.183
506.23	31.103
506.69	30.998
507.14	30.861
507.60	30.693
508.06	30.490
508.52	30.267
508.97	30.014
509.43	29.740
509.89	29.441
510.35	29.131
510.80	28.802
511.26	28.464
511.72	28.113
512.18	27.748
512.63	27.380
513.09	27.002
513.55	26.618
514.01	26.242
514.46	25.871
514.92	25.505
515.38	25.150
515.84	24.807
516.29	24.478
516.75	24.163
517.21	23.869
517.66	23.595
518.12	23.348
518.58	23.126
519.04	22.936
519.49	22.781
519.95	22.655
520.41	22.555
520.86	22.488
521.32	22.456
521.78	22.459
522.23	22.493
522.69	22.571
523.15	22.689
523.61	22.841
524.06	23.025
524.52	23.241
524.98	23.495
525.43	23.781
525.89	24.091
526.35	24.425
526.80	24.788
527.26	25.180
527.72	25.592
528.17	26.028
528.63	26.480
529.09	26.946
529.54	27.425
530.00	27.919
530.45	28.417
530.91	28.927
531.37	29.435
531.82	29.944
532.28	30.453
532.74	30.956
533.19	31.451
533.65	31.929
534.10	32.398
534.56	32.851
535.02	33.286
535.47	33.704
535.93	34.118
536.39	34.512
536.84	34.887
537.30	35.237
537.75	35.561
538.21	35.857
538.67	36.132
539.12	36.389
539.58	36.620
540.03	36.826
540.49	37.014
540.94	37.174
541.40	37.308
541.86	37.407
542.31	37.481
542.77	37.529
543.22	37.558
543.68	37.566
544.13	37.547
544.59	37.510
545.05	37.443
545.50	37.348
545.96	37.221
546.41	37.068
546.87	36.899
547.32	36.712
547.78	36.505
548.23	36.275
548.69	36.017
549.14	35.744
549.60	35.453
550.06	35.138
550.51	34.816
550.97	34.483
551.42	34.137
551.88	33.780
552.33	33.414
552.79	33.044
553.24	32.665
553.70	32.287
554.15	31.904
554.61	31.534
555.06	31.164
555.52	30.798
555.97	30.445
556.43	30.097
556.88	29.758
557.34	29.441
557.79	29.138
558.25	28.856
558.70	28.592
559.15	28.344
559.61	28.119
560.06	27.914
560.52	27.737
560.97	27.590
561.43	27.468
561.88	27.378
562.34	27.312
562.79	27.270
563.25	27.258
563.70	27.271
564.16	27.318
564.61	27.396
565.06	27.504
565.52	27.638
565.97	27.802
566.43	28.000
566.88	28.221
567.34	28.466
567.79	28.734
568.24	29.028
568.70	29.346
569.15	29.683
569.61	30.041
570.06	30.412
570.51	30.808
570.97	31.218
571.42	31.641
571.88	32.085
572.33	32.537
572.78	32.999
573.24	33.472
573.69	33.941
574.15	34.420
574.60	34.899
575.05	35.385
575.51	35.869
575.96	36.350
576.42	36.838
576.87	37.327
577.32	37.810
577.78	38.285
578.23	38.757
578.68	39.214
579.14	39.664
579.59	40.103
580.04	40.518
580.50	40.925
580.95	41.314
581.40	41.681
581.86	42.043
582.31	42.387
582.76	42.721
583.22	43.039
583.67	43.334
584.12	43.613
584.58	43.867
585.03	44.101
585.48	44.302
585.94	44.469
586.39	44.604
586.84	44.731
587.30	44.843
587.75	44.924
588.20	44.993
588.66	45.040
589.11	45.065
589.56	45.073
590.01	45.061
590.47	45.018
590.92	44.966
591.37	44.889
591.83	44.785
592.28	44.657
592.73	44.509
593.18	44.340
593.64	44.160
594.09	43.952
594.54	43.737
594.99	43.515
595.45	43.277
595.90	43.023
596.35	42.747
596.80	42.455
597.26	42.154
597.71	41.834
598.16	41.498
598.61	41.157
599.07	40.804
599.52	40.435
599.97	40.065
600.42	39.686
600.88	39.301
601.33	38.914
601.78	38.527
602.23	38.132
602.69	37.739
603.14	37.337
603.59	36.938
604.04	36.542
604.49	36.148
604.95	35.753
605.40	35.380
605.85	35.019
606.30	34.659
606.75	34.310
607.21	33.980
607.66	33.661
608.11	33.354
608.56	33.058
609.01	32.782
609.46	32.528
609.92	32.286
610.37	32.060
610.82	31.855
611.27	31.672
611.72	31.518
612.17	31.382
612.63	31.265
613.08	31.171
613.53	31.100
613.98	31.061
614.43	31.049
614.88	31.052
615.34	31.073
615.79	31.115
616.24	31.174
616.69	31.255
617.14	31.366
617.59	31.490
618.04	31.638
618.49	31.811
618.95	31.996
619.40	32.200
619.85	32.431
620.30	32.676
620.75	32.933
621.20	33.204
621.65	33.494
622.10	33.802
622.55	34.129
623.00	34.462
623.46	34.800
623.91	35.145
624.36	35.503
624.81	35.868
625.26	36.238
625.71	36.618
626.16	37.009
626.61	37.400
627.06	37.799
627.51	38.207
627.96	38.608
628.41	39.014
628.86	39.414
629.32	39.810
629.77	40.208
630.22	40.606
630.67	40.994
631.12	41.379
631.57	41.768
632.02	42.147
632.47	42.514
632.92	42.881
633.37	43.251
633.82	43.605
634.27	43.941
634.72	44.276
635.17	44.597
635.62	44.904
636.07	45.200
636.52	45.479
636.97	45.748
637.42	46.006
637.87	46.245
638.32	46.474
638.77	46.693
639.22	46.896
639.67	47.082
640.12	47.259
640.57	47.424
641.02	47.566
641.47	47.690
641.92	47.808
642.37	47.899
642.82	47.958
643.27	48.000
643.72	48.037
644.17	48.061
644.62	48.073
645.07	48.064
645.52	48.046
645.97	48.017
646.42	47.965
646.87	47.900
647.32	47.850
647.77	47.791
648.22	47.709
648.66	47.607
649.11	47.479
649.56	47.332
650.01	47.173
650.46	47.008
650.91	46.837
651.36	46.644
651.81	46.442
652.26	46.243
652.71	46.025
653.16	45.797
653.61	45.553
654.06	45.292
654.50	45.028
654.95	44.746
655.40	44.454
655.85	44.160
656.30	43.854
656.75	43.519
657.20	43.177
657.65	42.834
658.10	42.488
658.55	42.156
658.99	41.832
659.44	41.501
659.89	41.159
660.34	40.807
660.79	40.460
661.24	40.115
661.69	39.767
662.13	39.430
662.58	39.084
663.03	38.746
663.48	38.415
663.93	38.083
664.38	37.756
664.83	37.437
665.27	37.115
665.72	36.798
666.17	36.493
666.62	36.194
667.07	35.896
667.52	35.613
667.96	35.323
668.41	35.031
668.86	34.756
669.31	34.493
669.76	34.258
670.21	34.021
670.65	33.804
671.10	33.596
671.55	33.404
672.00	33.232
672.45	33.069
672.89	32.917
673.34	32.774
673.79	32.650
674.24	32.532
674.68	32.429
675.13	32.347
675.58	32.280
676.03	32.228
676.48	32.187
676.92	32.156
677.37	32.152
677.82	32.167
678.27	32.180
678.71	32.208
679.16	32.244
679.61	32.306
680.06	32.377
680.50	32.462
680.95	32.572
681.40	32.690
681.85	32.809
682.29	32.947
682.74	33.106
683.19	33.268
683.64	33.447
684.08	33.647
684.53	33.853
684.98	34.077
685.43	34.314
685.87	34.558
686.32	34.811
686.77	35.064
687.21	35.311
687.66	35.591
688.11	35.881
688.55	36.168
689.00	36.449
689.45	36.752
689.90	37.068
690.34	37.369
690.79	37.673
691.24	37.992
691.68	38.312
692.13	38.626
692.58	38.934
693.02	39.260
693.47	39.576
693.92	39.884
694.36	40.172
694.81	40.478
695.26	40.786
695.70	41.082
696.15	41.380
696.60	41.691
697.04	41.991
697.49	42.277
697.94	42.550
698.38	42.837
698.83	43.122
699.27	43.398
699.72	43.652
700.17	43.914
700.61	44.168
701.06	44.418
701.51	44.667
701.95	44.920
702.40	45.166
702.84	45.405
703.29	45.637
703.74	45.863
704.18	46.081
704.63	46.282
705.07	46.481
705.52	46.678
705.97	46.861
706.41	47.020
706.86	47.169
707.30	47.334
707.75	47.496
708.20	47.632
708.64	47.742
709.09	47.849
709.53	47.947
709.98	48.048
710.42	48.118
710.87	48.165
711.32	48.206
711.76	48.224
712.21	48.241
712.65	48.254
713.10	48.269
713.54	48.257
713.99	48.245
714.43	48.232
714.88	48.189
715.33	48.125
715.77	48.075
716.22	48.030
716.66	47.958
717.11	47.871
717.55	47.778
718.00	47.688
718.44	47.590
718.89	47.472
719.33	47.350
719.78	47.240
720.22	47.130
720.67	47.007
721.11	46.885
721.56	46.749
722.00	46.590
722.45	46.420
722.89	46.248
723.34	46.075
723.78	45.909
724.23	45.739
724.67	45.571
725.12	45.377
725.56	45.170
726.01	44.966
726.45	44.744
726.90	44.512
727.34	44.270
727.78	44.049
728.23	43.813
728.67	43.557
729.12	43.300
729.56	43.042
730.01	42.772
730.45	42.480
730.90	42.187
731.34	41.926
731.79	41.665
732.23	41.385
732.67	41.089
733.12	40.779
733.56	40.497
734.01	40.219
734.45	39.924
734.89	39.641
735.34	39.376
735.78	39.116
736.23	38.841
736.67	38.568
737.12	38.293
737.56	38.026
738.00	37.758
738.45	37.495
738.89	37.240
739.34	37.013
739.78	36.811
740.22	36.599
740.67	36.366
741.11	36.129
741.55	35.916
742.00	35.709
742.44	35.499
742.89	35.276
743.33	35.067
743.77	34.891
744.22	34.718
744.66	34.521
745.10	34.324
745.55	34.143
745.99	33.984
746.43	33.833
746.88	33.685
747.32	33.539
747.76	33.409
748.21	33.304
748.65	33.179
749.09	33.052
749.54	32.931
749.98	32.836
750.42	32.759
750.87	32.673
751.31	32.597
751.75	32.549
752.20	32.525
752.64	32.505
753.08	32.483
753.53	32.447
753.97	32.446
754.41	32.460
754.85	32.490
755.30	32.518
755.74	32.548
756.18	32.610
756.63	32.705
757.07	32.797
757.51	32.865
757.95	32.953
758.40	33.057
758.84	33.171
759.28	33.292
759.72	33.409
760.17	33.546
760.61	33.695
761.05	33.844
761.50	33.986
761.94	34.126
762.38	34.276
762.82	34.460
763.26	34.643
763.71	34.824
764.15	34.997
764.59	35.167
765.03	35.341
765.48	35.517
765.92	35.680
766.36	35.840
766.80	36.027
767.25	36.230
767.69	36.430
768.13	36.655
768.57	36.877
769.01	37.112
769.46	37.339
769.90	37.566
770.34	37.796
770.78	38.025
771.22	38.278
771.67	38.544
772.11	38.804
772.55	39.055
772.99	39.290
773.43	39.531
773.87	39.796
774.32	40.065
774.76	40.323
775.20	40.573
775.64	40.833
776.08	41.114
776.52	41.377
776.97	41.632
777.41	41.864
777.85	42.102
778.29	42.346
778.73	42.610
779.17	42.877
779.62	43.130
780.06	43.374
780.50	43.614
780.94	43.843
781.38	44.064
781.82	44.286
782.26	44.521
782.70	44.757
783.15	44.992
783.59	45.223
784.03	45.442
784.47	45.654
784.91	45.842
785.35	46.019
785.79	46.199
786.23	46.380
786.67	46.556
787.11	46.714
787.56	46.864
788.00	47.006
788.44	47.145
788.88	47.295
789.32	47.450
789.76	47.584
790.20	47.717
790.64	47.866
791.08	48.013
791.52	48.139
791.96	48.247
792.40	48.348
792.84	48.456
793.28	48.580
793.73	48.713
794.17	48.840
794.61	48.942
795.05	49.042
795.49	49.118
795.93	49.188
796.37	49.245
796.81	49.297
797.25	49.358
797.69	49.397
798.13	49.415
798.57	49.428
799.01	49.442
799.45	49.427
799.89	49.378
800.33	49.334
800.77	49.316
801.21	49.313
801.65	49.281
802.09	49.229
802.53	49.170
802.97	49.099
803.41	49.044
803.85	48.991
804.29	48.930
804.73	48.903
805.17	48.844
805.61	48.782
806.05	48.718
806.49	48.613
806.93	48.523
807.37	48.437
807.81	48.366
808.25	48.284
808.69	48.187
809.13	48.087
809.57	47.987
810.01	47.875
810.44	47.738
810.88	47.602
811.32	47.479
811.76	47.341
812.20	47.191
812.64	47.030
813.08	46.863
813.52	46.678
813.96	46.468
814.40	46.294
814.84	46.126
815.28	45.952
815.72	45.789
816.16	45.610
816.59	45.438
817.03	45.248
817.47	45.063
817.91	44.905
818.35	44.749
818.79	44.590
819.23	44.410
819.67	44.224
820.11	44.044
820.54	43.840
820.98	43.626
821.42	43.427
821.86	43.210
822.30	42.993
822.74	42.795
823.18	42.590
823.62	42.377
824.05	42.163
824.49	41.965
824.93	41.766
825.37	41.569
825.81	41.361
826.25	41.144
826.69	40.883
827.12	40.613
827.56	40.359
828.00	40.112
828.44	39.883
828.88	39.667
829.32	39.435
829.75	39.210
830.19	38.985
830.63	38.751
831.07	38.542
831.51	38.317
831.94	38.080
832.38	37.857
832.82	37.649
833.26	37.454
833.70	37.254
834.13	37.055
834.57	36.847
835.01	36.652
835.45	36.467
835.89	36.313
836.32	36.166
836.76	36.000
837.20	35.813
837.64	35.632
838.08	35.464
838.51	35.341
838.95	35.209
839.39	35.084
839.83	34.969
840.26	34.852
840.70	34.752
841.14	34.653
841.58	34.551
842.01	34.461
842.45	34.370
842.89	34.267
843.33	34.162
843.76	34.076
844.20	33.987
844.64	33.905
845.08	33.819
845.51	33.738
845.95	33.670
846.39	33.612
846.82	33.553
847.26	33.486
847.70	33.391
848.14	33.315
848.57	33.264
849.01	33.219
849.45	33.169
849.88	33.123
850.32	33.091
850.76	33.081
851.19	33.069
851.63	33.059
852.07	33.063
852.50	33.079
852.94	33.078
853.38	33.074
853.81	33.086
854.25	33.113
854.69	33.158
855.12	33.203
855.56	33.260
856.00	33.326
856.43	33.419
856.87	33.508
857.31	33.614
857.74	33.711
858.18	33.797
858.62	33.886
859.05	33.979
859.49	34.074
859.93	34.151
860.36	34.243
860.80	34.348
861.24	34.447
861.67	34.547
862.11	34.647
862.54	34.757
862.98	34.876
863.42	35.016
863.85	35.153
864.29	35.290
864.72	35.432
865.16	35.567
865.60	35.705
866.03	35.848
866.47	35.981
866.90	36.116
867.34	36.265
867.78	36.453
868.21	36.659
868.65	36.870
869.08	37.094
869.52	37.294
869.95	37.469
870.39	37.660
870.83	37.855
871.26	38.085
871.70	38.343
872.13	38.587
872.57	38.799
873.00	38.992
873.44	39.195
873.87	39.384
874.31	39.584
874.75	39.763
875.18	39.959
875.62	40.157
876.05	40.345
876.49	40.559
876.92	40.782
877.36	41.010
877.79	41.226
878.23	41.412
878.66	41.610
879.10	41.841
879.53	42.064
879.97	42.287
880.40	42.493
880.84	42.690
881.27	42.874
881.71	43.061
882.14	43.251
882.58	43.441
883.01	43.635
883.45	43.837
883.88	44.046
884.32	44.236
884.75	44.425
885.19	44.640
885.62	44.849
886.06	45.031
886.49	45.208
886.92	45.385
887.36	45.602
887.79	45.813
888.23	45.982
888.66	46.146
889.10	46.287
889.53	46.429
889.97	46.564
890.40	46.692
890.83	46.834
891.27	46.967
891.70	47.130
892.14	47.307
892.57	47.472
893.01	47.669
893.44	47.868
893.87	48.052
894.31	48.242
894.74	48.408
895.18	48.554
895.61	48.666
896.04	48.772
896.48	48.858
896.91	48.934
897.35	48.993
897.78	49.069
898.21	49.186
898.65	49.305
899.08	49.415
899.52	49.525
899.95	49.647
900.38	49.793
900.82	49.918
901.25	50.052
901.68	50.171
902.12	50.263
902.55	50.345
902.99	50.466
903.42	50.564
903.85	50.655
904.29	50.752
904.72	50.855
905.15	50.956
905.59	51.041
906.02	51.147
906.45	51.284
906.89	51.385
907.32	51.481
907.75	51.570
908.19	51.620
908.62	51.678
909.05	51.711
909.49	51.727
909.92	51.708
910.35	51.678
910.78	51.630
911.22	51.552
911.65	51.491
912.08	51.408
912.52	51.357
912.95	51.300
913.38	51.226
913.82	51.169
914.25	51.142
914.68	51.101
915.11	51.048
915.55	50.976
915.98	50.940
916.41	50.854
916.84	50.772
917.28	50.716
917.71	50.675
918.14	50.639
918.58	50.575
919.01	50.501
919.44	50.429
919.87	50.392
920.31	50.382
920.74	50.373
921.17	50.317
921.60	50.219
922.03	50.118
922.47	50.026
922.90	49.920
923.33	49.758
923.76	49.645
924.20	49.543
924.63	49.462
925.06	49.338
925.49	49.203
925.92	49.062
926.36	48.938
926.79	48.801
927.22	48.658
927.65	48.532
928.08	48.439
928.52	48.318
928.95	48.154
929.38	47.988
929.81	47.822
930.24	47.681
930.68	47.533
931.11	47.391
931.54	47.251
931.97	47.112
932.40	47.002
932.83	46.863
933.27	46.704
933.70	46.533
934.13	46.379
934.56	46.234
934.99	46.085
935.42	45.941
935.85	45.735
936.29	45.551
936.72	45.389
937.15	45.216
937.58	45.054
938.01	44.897
938.44	44.724
938.87	44.550
939.31	44.364
939.74	44.193
940.17	44.019
940.60	43.846
941.03	43.659
941.46	43.475
941.89	43.309
942.32	43.118
942.75	42.909
943.18	42.704
943.62	42.519
944.05	42.298
944.48	42.039
944.91	41.840
945.34	41.621
945.77	41.411
946.20	41.184
946.63	40.964
947.06	40.762
947.49	40.557
947.92	40.348
948.35	40.116
948.78	39.871
949.22	39.631
949.65	39.378
950.08	39.131
950.51	38.901
950.94	38.670
951.37	38.420
951.80	38.215
952.23	38.028
952.66	37.857
953.09	37.703
953.52	37.542
953.95	37.398
954.38	37.252
954.81	37.068
955.24	36.897
955.67	36.718
956.10	36.533
956.53	36.368
956.96	36.197
957.39	36.061
957.82	35.939
958.25	35.804
958.68	35.650
959.11	35.513
959.54	35.344
959.97	35.174
960.40	35.065
960.83	34.943
961.26	34.800
961.69	34.634
962.12	34.460
962.55	34.293
962.98	34.104
963.41	33.962
963.84	33.823
964.27	33.685
964.70	33.557
965.13	33.434
965.56	33.283
965.99	33.170
966.42	33.044
966.84	32.907
967.27	32.776
967.70	32.684
968.13	32.592
968.56	32.513
968.99	32.391
969.42	32.265
969.85	32.144
970.28	31.996
970.71	31.875
971.14	31.773
971.57	31.694
972.00	31.651
972.42	31.545
972.85	31.433
973.28	31.346
973.71	31.218
974.14	31.104
974.57	31.008
975.00	30.898
975.43	30.813
975.86	30.733
976.28	30.654
976.71	30.580
977.14	30.478
977.57	30.413
978.00	30.343
978.43	30.315
978.86	30.283
979.29	30.235
979.71	30.230
980.14	30.176
980.57	30.144
981.00	30.080
981.43	30.023
981.86	29.990
982.28	29.985
982.71	29.921
983.14	29.914
983.57	29.856
984.00	29.866
984.43	29.836
984.85	29.835
985.28	29.878
985.71	29.935
986.14	29.925
986.57	29.906
986.99	29.924
987.42	29.915
987.85	29.903
988.28	29.912
988.71	29.884
989.13	29.966
989.56	29.959
989.99	29.966
990.42	30.016
990.85	30.102
991.27	30.090
991.70	30.193
992.13	30.152
992.56	30.269
992.98	30.262
993.41	30.271
993.84	30.320
994.27	30.369
994.70	30.370
995.12	30.450
995.55	30.472
995.98	30.555
996.41	30.601
996.83	30.613
997.26	30.715
997.69	30.850
998.11	30.837
998.54	30.886
998.97	30.935
999.40	31.024
999.82	31.068
1000.25	31.154
1000.68	31.271
1001.11	31.439
1001.53	31.509
1001.96	31.532
1002.39	31.645
1002.81	31.651
1003.24	31.647
1003.67	31.714
1004.09	31.737
1004.52	31.883
1004.95	31.979
1005.38	32.054
1005.80	32.203
1006.23	32.301
1006.66	32.288
1007.08	32.381
1007.51	32.449
1007.94	32.603
1008.36	32.661
1008.79	32.729
1009.22	32.752
1009.64	32.742
1010.07	32.809
1010.50	32.766
1010.92	32.831
1011.35	32.900
1011.77	33.060
1012.20	33.049
1012.63	33.059
1013.05	33.164
1013.48	33.238
1013.91	33.214
1014.33	33.167
1014.76	33.142
1015.19	33.196
1015.61	33.122
1016.04	33.151
1016.46	33.257
1016.89	33.326
1017.32	33.373
1017.74	33.379
1018.17	33.485
1018.59	33.656
1019.02	33.619
1019.45	33.686
1019.87	33.637
1020.30	33.679
1020.72	33.673
1021.15	33.780
1021.58	33.879
1022.00	33.994
1022.43	33.954
1022.85	34.074
1023.28	34.274
1023.70	34.357
1024.13	34.289
1024.55	34.371
1024.98	34.341
1025.41	34.366
1025.83	34.182
1026.26	34.025
1026.68	33.968
1027.11	33.970
1027.53	33.746
1027.96	33.702
1028.38	33.708
1028.81	33.835
1029.23	33.744
1029.66	33.751
1030.08	33.729
1030.51	33.886
1030.94	33.843
1031.36	33.689
1031.79	33.571
1032.21	33.509
1032.64	33.483
1033.06	33.316
1033.49	33.160
1033.91	33.178
1034.34	33.070
1034.76	32.984
1035.19	33.053
1035.61	33.163
1036.03	33.103
1036.46	32.937
1036.88	32.880
1037.31	32.814
1037.73	32.760
1038.16	32.659
1038.58	32.435
1039.01	32.387
1039.43	32.128
1039.86	31.994
1040.28	31.886
1040.71	31.904
1041.13	31.935
1041.55	31.597
1041.98	31.815
1042.40	31.882
1042.83	31.769
1043.25	31.511
1043.68	31.474
1044.10	31.444
1044.52	31.275
1044.95	31.118
1045.37	31.063
1045.80	30.941
1046.22	31.043
1046.65	30.673
1047.07	30.582
1047.49	30.550
1047.92	30.562
1048.34	30.139
1048.77	29.794
1049.19	29.642
1049.61	29.443
1050.04	29.169
1050.46	28.959
1050.89	28.287
1051.31	28.041
1051.73	27.809
1052.16	27.880
1052.58	27.738
1053.00	27.554
1053.43	27.128
1053.85	26.721
1054.27	26.553
1054.70	26.662
1055.12	26.245
1055.55	26.191
1055.97	26.159
1056.39	26.169
1056.82	25.901
1057.24	25.769
1057.66	25.947
1058.09	26.107
1058.51	25.763
1058.93	25.104
1059.36	24.747
1059.78	24.689
1060.20	24.310
1060.62	23.756
1061.05	22.850
1061.47	22.656
1061.89	21.943
1062.32	21.467
1062.74	21.122
1063.16	21.055
1063.59	20.531
1064.01	19.892
1064.43	19.477
1064.85	18.806
1065.28	18.237
1065.70	17.387
1066.12	16.498
1066.55	15.809
1066.97	15.099
1067.39	14.295
1067.81	13.412
1068.24	13.066
1068.66	12.772
1069.08	12.179
1069.50	11.241
1069.93	11.087
1070.35	10.214
1070.77	9.345
1071.19	8.679
1071.62	8.355
1072.04	7.228
1072.46	5.771
1072.88	4.833
1073.31	4.092
1073.73	3.305
1074.15	1.590
1074.57	0.213
1075.00	-0.221
1075.42	-1.460
1075.84	-3.268
1076.26	-4.866
1076.68	-5.243
1077.11	-5.842
1077.53	-7.799
1077.95	-8.841
1078.37	-9.688
1078.79	-10.220
1079.22	-11.578
1079.64	-13.489
1080.06	-14.941
1080.48	-16.407
1080.90	-17.840
1081.32	-19.171
1081.75	-20.940
1082.17	-21.688
1082.59	-24.483
1083.01	-26.539
1083.43	-28.673
1083.85	-29.929
1084.28	-33.153
1084.70	-35.539
1085.12	-37.148
1085.54	-39.475
1085.96	-42.757
1086.38	-44.891
1086.80	-46.092
1087.23	-46.667
1087.65	-50.023
1088.07	-53.186
1088.49	-54.742
1088.91	-56.521
1089.33	-58.851
1089.75	-63.095
1090.17	-65.806
1090.60	-68.024
1091.02	-73.058
1091.44	-75.082
1091.86	-77.344
1092.28	-79.346
1092.70	-83.290
1093.12	-86.742
1093.54	-89.360
1093.96	-89.511
1094.38	-92.458
1094.81	-96.936
1095.23	-100.377
1095.65	-104.539
1096.07	-107.631
1096.49	-114.326
1096.91	-118.070
1097.33	-119.296
1097.75	-124.816
1098.17	-131.672
1098.59	-134.826
1099.01	-135.256
1099.43	-137.210
1099.85	-145.473
1100.27	-151.614
1100.69	-152.918
1101.11	-154.408
1101.53	-159.613
1101.95	-163.299
1102.38	-146.135
1102.80	-303.457
1103.22	-107.849
1103.64	-128.724
1104.06	-388.948
1104.48	-228.571
1104.90	-199.141
1105.32	-176.897
1105.74	-164.507
1106.16	-338.560
