188.40	-366.945
188.88	-401.305
189.35	466.852
189.83	1755.652
190.30	-1658.824
190.78	-407.692
191.26	-469.082
191.73	1564.151
192.21	-1914.493
192.68	-351.718
193.16	-1405.496
193.63	-1606.464
194.11	-1731.195
194.58	-1614.338
195.06	-1311.074
195.53	-866.532
196.01	-700.960
196.48	-619.224
196.96	-510.604
197.43	-434.433
197.91	-389.340
198.38	-344.084
198.86	-287.511
199.33	-246.993
199.81	-239.480
200.28	-228.076
200.76	-204.802
201.23	-186.552
201.71	-170.705
202.18	-164.070
202.66	-147.441
203.13	-138.795
203.61	-134.227
204.08	-124.160
204.55	-114.742
205.03	-108.943
205.50	-108.385
205.98	-112.234
206.45	-109.232
206.93	-106.068
207.40	-106.180
207.88	-105.336
208.35	-104.058
208.82	-107.468
209.30	-108.969
209.77	-107.971
210.25	-105.863
210.72	-106.596
211.20	-109.549
211.67	-109.124
212.14	-107.507
212.62	-106.726
213.09	-105.700
213.57	-103.270
214.04	-101.179
214.52	-99.827
214.99	-96.151
215.46	-95.792
215.94	-94.923
216.41	-93.450
216.89	-92.642
217.36	-93.509
217.83	-93.872
218.31	-92.916
218.78	-89.458
219.25	-88.121
219.73	-89.295
220.20	-90.483
220.68	-89.151
221.15	-88.231
221.62	-87.854
222.10	-86.881
222.57	-84.935
223.04	-84.231
223.52	-86.596
223.99	-86.480
224.47	-86.993
224.94	-91.225
225.41	-91.858
225.89	-91.300
226.36	-93.429
226.83	-97.143
227.31	-96.815
227.78	-95.504
228.25	-94.441
228.73	-96.004
229.20	-96.786
229.67	-96.614
230.15	-95.137
230.62	-93.001
231.09	-96.660
231.57	-97.636
232.04	-95.112
232.51	-97.239
232.98	-98.461
233.46	-95.769
233.93	-96.085
234.40	-93.222
234.88	-92.195
235.35	-92.722
235.82	-91.749
236.30	-88.667
236.77	-89.515
237.24	-91.794
237.71	-91.258
238.19	-91.248
238.66	-92.124
239.13	-91.088
239.61	-92.228
240.08	-91.465
240.55	-92.330
241.02	-88.595
241.50	-85.372
241.97	-85.853
242.44	-85.173
242.91	-86.043
243.39	-87.620
243.86	-87.488
244.33	-90.196
244.80	-91.416
245.28	-91.600
245.75	-89.642
246.22	-92.309
246.69	-89.730
247.17	-87.228
247.64	-88.487
248.11	-89.331
248.58	-87.562
249.05	-88.468
249.53	-86.350
250.00	-87.064
250.47	-89.647
250.94	-93.140
251.42	-93.362
251.89	-91.827
252.36	-91.872
252.83	-90.171
253.30	-87.362
253.78	-85.826
254.25	-84.554
254.72	-84.089
255.19	-84.865
255.66	-86.277
256.13	-85.245
256.61	-84.616
257.08	-85.228
257.55	-83.968
258.02	-83.474
258.49	-86.024
258.97	-86.619
259.44	-86.813
259.91	-86.603
260.38	-85.548
260.85	-81.958
261.32	-82.782
261.79	-83.047
262.27	-84.137
262.74	-82.480
263.21	-80.806
263.68	-83.462
264.15	-84.878
264.62	-86.068
265.09	-86.128
265.57	-85.067
266.04	-86.413
266.51	-87.770
266.98	-87.887
267.45	-87.719
267.92	-87.945
268.39	-84.727
268.86	-84.332
269.34	-79.726
269.81	-80.618
270.28	-80.870
270.75	-79.189
271.22	-80.277
271.69	-78.071
272.16	-77.037
272.63	-76.736
273.10	-77.790
273.57	-77.307
274.05	-77.149
274.52	-74.074
274.99	-72.057
275.46	-71.876
275.93	-70.494
276.40	-69.967
276.87	-66.689
277.34	-67.504
277.81	-67.985
278.28	-69.275
278.75	-69.475
279.22	-71.144
279.69	-70.168
280.16	-70.042
280.63	-70.196
281.11	-70.570
281.58	-72.277
282.05	-72.262
282.52	-72.564
282.99	-71.664
283.46	-73.176
283.93	-71.163
284.40	-71.377
284.87	-71.365
285.34	-72.120
285.81	-73.328
286.28	-72.544
286.75	-71.663
287.22	-71.794
287.69	-71.229
288.16	-69.668
288.63	-68.714
289.10	-68.296
289.57	-68.366
290.04	-65.020
290.51	-64.239
290.98	-64.253
291.45	-65.041
291.92	-64.830
292.39	-64.954
292.86	-65.974
293.33	-65.004
293.80	-65.231
294.27	-64.674
294.74	-67.016
295.21	-65.535
295.68	-63.823
296.15	-64.503
296.62	-67.145
297.09	-67.313
297.56	-66.185
298.03	-64.207
298.49	-65.057
298.96	-67.013
299.43	-65.540
299.90	-67.212
300.37	-66.338
300.84	-65.242
301.31	-64.210
301.78	-62.828
302.25	-62.827
302.72	-61.930
303.19	-61.236
303.66	-58.783
304.13	-58.531
304.60	-57.691
305.07	-57.957
305.53	-56.017
306.00	-55.211
306.47	-54.488
306.94	-52.402
307.41	-52.032
307.88	-52.092
308.35	-51.584
308.82	-50.038
309.29	-50.382
309.76	-49.693
310.22	-49.866
310.69	-50.688
311.16	-48.578
311.63	-46.877
312.10	-48.032
312.57	-48.331
313.04	-47.070
313.51	-47.825
313.97	-47.645
314.44	-46.628
314.91	-46.119
315.38	-46.513
315.85	-46.700
316.32	-46.009
316.79	-46.025
317.25	-45.707
317.72	-47.934
318.19	-48.169
318.66	-47.982
319.13	-46.109
319.60	-46.795
320.07	-46.857
320.53	-44.459
321.00	-44.734
321.47	-45.294
321.94	-44.057
322.41	-43.530
322.87	-42.327
323.34	-43.275
323.81	-42.763
324.28	-41.695
324.75	-40.767
325.22	-40.011
325.68	-40.352
326.15	-39.832
326.62	-38.314
327.09	-37.243
327.56	-36.259
328.02	-34.755
328.49	-34.351
328.96	-34.413
329.43	-34.422
329.89	-34.951
330.36	-34.575
330.83	-34.720
331.30	-35.549
331.77	-35.727
332.23	-34.386
332.70	-34.468
333.17	-34.275
333.64	-34.430
334.10	-32.617
334.57	-32.111
335.04	-32.894
335.51	-32.093
335.97	-31.460
336.44	-30.838
336.91	-32.138
337.38	-32.526
337.84	-32.200
338.31	-30.918
338.78	-31.466
339.24	-30.778
339.71	-28.427
340.18	-27.112
340.65	-26.526
341.11	-25.215
341.58	-23.242
342.05	-22.529
342.52	-22.037
342.98	-21.191
343.45	-20.434
343.92	-20.119
344.38	-20.464
344.85	-19.950
345.32	-18.998
345.78	-18.196
346.25	-17.878
346.72	-16.842
347.18	-15.095
347.65	-14.112
348.12	-14.098
348.58	-13.619
349.05	-12.671
349.52	-12.303
349.99	-12.437
350.45	-12.143
350.92	-11.600
351.38	-11.144
351.85	-10.966
352.32	-10.913
352.78	-10.240
353.25	-9.072
353.72	-8.844
354.18	-8.609
354.65	-7.720
355.12	-7.178
355.58	-6.719
356.05	-6.766
356.52	-6.591
356.98	-6.329
357.45	-5.969
357.91	-5.876
358.38	-5.417
358.85	-4.950
359.31	-4.937
359.78	-4.714
360.25	-4.455
360.71	-3.964
361.18	-3.738
361.64	-3.723
362.11	-3.231
362.58	-3.099
363.04	-3.198
363.51	-3.172
363.97	-2.814
364.44	-2.571
364.91	-2.381
365.37	-2.575
365.84	-2.339
366.30	-1.939
366.77	-1.866
367.23	-1.768
367.70	-1.634
368.17	-1.340
368.63	-1.196
369.10	-1.065
369.56	-0.975
370.03	-0.712
370.49	-0.671
370.96	-0.675
371.42	-0.600
371.89	-0.418
372.36	-0.106
372.82	-0.145
373.29	0.003
373.75	0.301
374.22	0.495
374.68	0.576
375.15	0.694
375.61	0.872
376.08	1.020
376.54	1.108
377.01	1.132
377.47	1.313
377.94	1.395
378.40	1.383
378.87	1.387
379.33	1.615
379.80	1.721
380.26	1.708
380.73	1.786
381.19	1.998
381.66	2.056
382.12	2.052
382.59	2.102
383.05	2.190
383.52	2.274
383.98	2.262
384.45	2.288
384.91	2.405
385.38	2.506
385.84	2.466
386.31	2.397
386.77	2.439
387.24	2.590
387.70	2.654
388.16	2.697
388.63	2.821
389.09	2.884
389.56	2.933
390.02	2.925
390.49	2.999
390.95	3.066
391.42	3.150
391.88	3.228
392.34	3.338
392.81	3.462
393.27	3.549
393.74	3.585
394.20	3.691
394.67	3.845
395.13	3.928
395.59	4.050
396.06	4.154
396.52	4.254
396.99	4.303
397.45	4.298
397.91	4.374
398.38	4.368
398.84	4.396
399.31	4.418
399.77	4.482
400.23	4.531
400.70	4.570
401.16	4.520
401.63	4.481
402.09	4.525
402.55	4.467
403.02	4.347
403.48	4.274
403.94	4.256
404.41	4.179
404.87	4.112
405.33	4.023
405.80	4.068
406.26	4.058
406.73	4.023
407.19	4.048
407.65	4.109
408.12	4.192
408.58	4.220
409.04	4.289
409.51	4.408
409.97	4.500
410.43	4.567
410.90	4.702
411.36	4.895
411.82	5.057
412.29	5.246
412.75	5.453
413.21	5.702
413.67	5.955
414.14	6.172
414.60	6.382
415.06	6.662
415.53	6.897
415.99	7.119
416.45	7.325
416.92	7.514
417.38	7.689
417.84	7.868
418.30	7.997
418.77	8.118
419.23	8.218
419.69	8.270
420.16	8.322
420.62	8.332
421.08	8.325
421.54	8.269
422.01	8.195
422.47	8.125
422.93	8.060
423.39	7.901
423.86	7.771
424.32	7.625
424.78	7.477
425.24	7.320
425.71	7.153
426.17	7.004
426.63	6.888
427.09	6.726
427.56	6.576
428.02	6.451
428.48	6.335
428.94	6.198
429.41	6.046
429.87	5.948
430.33	6.001
430.79	6.080
431.25	6.203
431.72	6.368
432.18	6.557
432.64	6.770
433.10	7.038
433.56	7.311
434.03	7.653
434.49	7.993
434.95	8.338
435.41	8.725
435.87	9.131
436.34	9.548
436.80	9.983
437.26	10.411
437.72	10.862
438.18	11.316
438.64	11.779
439.11	12.250
439.57	12.713
440.03	13.082
440.49	13.390
440.95	13.672
441.41	13.929
441.88	14.165
442.34	14.354
442.80	14.501
443.26	14.641
443.72	14.727
444.18	14.775
444.64	14.782
445.11	14.765
445.57	14.699
446.03	14.594
446.49	14.458
446.95	14.317
447.41	14.143
447.87	13.938
448.33	13.713
448.79	13.498
449.26	13.253
449.72	12.992
450.18	12.749
450.64	12.515
451.10	12.286
451.56	12.047
452.02	11.833
452.48	11.641
452.94	11.465
453.40	11.317
453.87	11.188
454.33	11.114
454.79	11.076
455.25	11.058
455.71	11.079
456.17	11.142
456.63	11.258
457.09	11.409
457.55	11.599
458.01	11.843
458.47	12.133
458.93	12.460
459.39	12.815
459.85	13.193
460.31	13.603
460.77	14.038
461.24	14.507
461.70	14.995
462.16	15.512
462.62	16.032
463.08	16.547
463.54	17.079
464.00	17.619
464.46	18.127
464.92	18.638
465.38	19.131
465.84	19.623
466.30	20.074
466.76	20.498
467.22	20.892
467.68	21.273
468.14	21.594
468.60	21.881
469.06	22.150
469.52	22.378
469.98	22.566
470.44	22.710
470.90	22.810
471.36	22.874
471.82	22.892
472.28	22.868
472.74	22.818
473.20	22.730
473.66	22.595
474.12	22.441
474.58	22.240
475.04	22.023
475.50	21.775
475.95	21.503
476.41	21.218
476.87	20.924
477.33	20.601
477.79	20.273
478.25	19.941
478.71	19.602
479.17	19.265
479.63	18.929
480.09	18.604
480.55	18.294
481.01	18.001
481.47	17.730
481.93	17.485
482.39	17.265
482.84	17.075
483.30	16.921
483.76	16.797
484.22	16.710
484.68	16.653
485.14	16.635
485.60	16.662
486.06	16.734
486.52	16.838
486.98	16.984
487.44	17.178
487.89	17.404
488.35	17.671
488.81	17.974
489.27	18.312
489.73	18.685
490.19	19.094
490.65	19.531
491.11	19.988
491.56	20.468
492.02	20.965
492.48	21.478
492.94	22.002
493.40	22.533
493.86	23.071
494.32	23.622
494.77	24.163
495.23	24.701
495.69	25.230
496.15	25.747
496.61	26.261
497.07	26.749
497.52	27.232
497.98	27.692
498.44	28.130
498.90	28.544
499.36	28.937
499.82	29.291
500.27	29.610
500.73	29.902
501.19	30.162
501.65	30.390
502.11	30.585
502.56	30.749
503.02	30.874
503.48	30.973
503.94	31.034
504.40	31.063
504.85	31.059
505.31	31.022
505.77	30.954
506.23	30.848
506.69	30.720
507.14	30.557
507.60	30.363
508.06	30.141
508.52	29.899
508.97	29.625
509.43	29.334
509.89	29.021
510.35	28.699
510.80	28.364
511.26	28.018
511.72	27.662
512.18	27.300
512.63	26.931
513.09	26.557
513.55	26.181
514.01	25.812
514.46	25.453
514.92	25.101
515.38	24.760
515.84	24.439
516.29	24.132
516.75	23.844
517.21	23.582
517.66	23.339
518.12	23.120
518.58	22.929
519.04	22.771
519.49	22.648
519.95	22.547
520.41	22.482
520.86	22.452
521.32	22.461
521.78	22.501
522.23	22.572
522.69	22.683
523.15	22.833
523.61	23.015
524.06	23.229
524.52	23.473
524.98	23.754
525.43	24.059
525.89	24.392
526.35	24.745
526.80	25.124
527.26	25.530
527.72	25.959
528.17	26.401
528.63	26.860
529.09	27.334
529.54	27.817
530.00	28.315
530.45	28.818
530.91	29.316
531.37	29.815
531.82	30.322
532.28	30.827
532.74	31.322
533.19	31.808
533.65	32.276
534.10	32.732
534.56	33.167
535.02	33.585
535.47	33.990
535.93	34.384
536.39	34.761
536.84	35.108
537.30	35.439
537.75	35.744
538.21	36.018
538.67	36.272
539.12	36.505
539.58	36.702
540.03	36.876
540.49	37.034
540.94	37.171
541.40	37.267
541.86	37.335
542.31	37.376
542.77	37.394
543.22	37.396
543.68	37.376
544.13	37.330
544.59	37.263
545.05	37.168
545.50	37.049
545.96	36.898
546.41	36.730
546.87	36.542
547.32	36.333
547.78	36.108
548.23	35.857
548.69	35.588
549.14	35.310
549.60	35.009
550.06	34.689
550.51	34.355
550.97	34.021
551.42	33.672
551.88	33.316
552.33	32.947
552.79	32.573
553.24	32.198
553.70	31.823
554.15	31.455
554.61	31.097
555.06	30.739
555.52	30.386
555.97	30.046
556.43	29.714
556.88	29.396
557.34	29.094
557.79	28.814
558.25	28.552
558.70	28.307
559.15	28.084
559.61	27.886
560.06	27.712
560.52	27.564
560.97	27.444
561.43	27.352
561.88	27.298
562.34	27.268
562.79	27.256
563.25	27.281
563.70	27.324
564.16	27.405
564.61	27.509
565.06	27.645
565.52	27.806
565.97	27.997
566.43	28.218
566.88	28.468
567.34	28.742
567.79	29.037
568.24	29.359
568.70	29.698
569.15	30.051
569.61	30.425
570.06	30.815
570.51	31.225
570.97	31.653
571.42	32.084
571.88	32.539
572.33	33.001
572.78	33.463
573.24	33.936
573.69	34.403
574.15	34.881
574.60	35.356
575.05	35.838
575.51	36.321
575.96	36.802
576.42	37.282
576.87	37.755
577.32	38.226
577.78	38.683
578.23	39.141
578.68	39.588
579.14	40.024
579.59	40.440
580.04	40.835
580.50	41.213
580.95	41.580
581.40	41.923
581.86	42.261
582.31	42.590
582.76	42.910
583.22	43.207
583.67	43.484
584.12	43.747
584.58	43.975
585.03	44.174
585.48	44.348
585.94	44.496
586.39	44.610
586.84	44.713
587.30	44.801
587.75	44.868
588.20	44.917
588.66	44.943
589.11	44.949
589.56	44.940
590.01	44.901
590.47	44.837
590.92	44.762
591.37	44.662
591.83	44.533
592.28	44.374
592.73	44.202
593.18	44.009
593.64	43.800
594.09	43.573
594.54	43.343
594.99	43.103
595.45	42.847
595.90	42.581
596.35	42.294
596.80	41.990
597.26	41.665
597.71	41.325
598.16	40.979
598.61	40.628
599.07	40.269
599.52	39.901
599.97	39.533
600.42	39.155
600.88	38.773
601.33	38.384
601.78	38.001
602.23	37.612
602.69	37.225
603.14	36.833
603.59	36.453
604.04	36.069
604.49	35.682
604.95	35.297
605.40	34.932
605.85	34.578
606.30	34.230
606.75	33.901
607.21	33.593
607.66	33.293
608.11	33.007
608.56	32.733
609.01	32.483
609.46	32.246
609.92	32.029
610.37	31.827
610.82	31.651
611.27	31.500
611.72	31.372
612.17	31.266
612.63	31.183
613.08	31.114
613.53	31.070
613.98	31.057
614.43	31.072
614.88	31.106
615.34	31.158
615.79	31.229
616.24	31.317
616.69	31.425
617.14	31.557
617.59	31.702
618.04	31.874
618.49	32.064
618.95	32.269
619.40	32.492
619.85	32.746
620.30	33.010
620.75	33.279
621.20	33.566
621.65	33.867
622.10	34.184
622.55	34.520
623.00	34.866
623.46	35.222
623.91	35.577
624.36	35.941
624.81	36.312
625.26	36.691
625.71	37.079
626.16	37.475
626.61	37.869
627.06	38.271
627.51	38.676
627.96	39.086
628.41	39.495
628.86	39.888
629.32	40.281
629.77	40.674
630.22	41.064
630.67	41.446
631.12	41.822
631.57	42.198
632.02	42.566
632.47	42.916
632.92	43.266
633.37	43.621
633.82	43.957
634.27	44.280
634.72	44.597
635.17	44.902
635.62	45.190
636.07	45.465
636.52	45.724
636.97	45.972
637.42	46.203
637.87	46.419
638.32	46.627
638.77	46.822
639.22	47.006
639.67	47.169
640.12	47.324
640.57	47.464
641.02	47.584
641.47	47.681
641.92	47.778
642.37	47.850
642.82	47.892
643.27	47.920
643.72	47.939
644.17	47.939
644.62	47.925
645.07	47.894
645.52	47.860
645.97	47.818
646.42	47.747
646.87	47.669
647.32	47.601
647.77	47.525
648.22	47.428
648.66	47.305
649.11	47.165
649.56	47.004
650.01	46.835
650.46	46.659
650.91	46.481
651.36	46.284
651.81	46.069
652.26	45.855
652.71	45.624
653.16	45.387
653.61	45.137
654.06	44.873
654.50	44.602
654.95	44.316
655.40	44.016
655.85	43.717
656.30	43.406
656.75	43.064
657.20	42.721
657.65	42.375
658.10	42.027
658.55	41.694
658.99	41.367
659.44	41.033
659.89	40.692
660.34	40.338
660.79	39.981
661.24	39.640
661.69	39.301
662.13	38.970
662.58	38.631
663.03	38.300
663.48	37.970
663.93	37.646
664.38	37.324
664.83	37.015
665.27	36.705
665.72	36.393
666.17	36.104
666.62	35.812
667.07	35.533
667.52	35.267
667.96	34.992
668.41	34.724
668.86	34.467
669.31	34.224
669.76	34.005
670.21	33.797
670.65	33.602
671.10	33.412
671.55	33.236
672.00	33.080
672.45	32.935
672.89	32.805
673.34	32.688
673.79	32.582
674.24	32.485
674.68	32.406
675.13	32.347
675.58	32.303
676.03	32.271
676.48	32.246
676.92	32.229
677.37	32.240
677.82	32.268
678.27	32.300
678.71	32.345
679.16	32.399
679.61	32.469
680.06	32.552
680.50	32.654
680.95	32.780
681.40	32.911
681.85	33.046
682.29	33.203
682.74	33.377
683.19	33.558
683.64	33.751
684.08	33.962
684.53	34.188
684.98	34.421
685.43	34.671
685.87	34.925
686.32	35.189
686.77	35.445
687.21	35.702
687.66	35.986
688.11	36.284
688.55	36.578
689.00	36.879
689.45	37.195
689.90	37.515
690.34	37.819
690.79	38.128
691.24	38.450
691.68	38.768
692.13	39.073
692.58	39.374
693.02	39.691
693.47	40.001
693.92	40.298
694.36	40.583
694.81	40.883
695.26	41.184
695.70	41.474
696.15	41.774
696.60	42.083
697.04	42.380
697.49	42.658
697.94	42.930
698.38	43.207
698.83	43.472
699.27	43.731
699.72	43.973
700.17	44.225
700.61	44.469
701.06	44.707
701.51	44.944
701.95	45.186
702.40	45.419
702.84	45.643
703.29	45.863
703.74	46.074
704.18	46.276
704.63	46.472
705.07	46.659
705.52	46.839
705.97	47.004
706.41	47.150
706.86	47.281
707.30	47.420
707.75	47.559
708.20	47.686
708.64	47.788
709.09	47.883
709.53	47.965
709.98	48.047
710.42	48.108
710.87	48.144
711.32	48.177
711.76	48.190
712.21	48.201
712.65	48.199
713.10	48.202
713.54	48.184
713.99	48.159
714.43	48.130
714.88	48.074
715.33	47.997
715.77	47.933
716.22	47.875
716.66	47.797
717.11	47.696
717.55	47.589
718.00	47.482
718.44	47.375
718.89	47.248
719.33	47.119
719.78	46.992
720.22	46.877
720.67	46.745
721.11	46.607
721.56	46.466
722.00	46.313
722.45	46.138
722.89	45.958
723.34	45.771
723.78	45.600
724.23	45.430
724.67	45.251
725.12	45.048
725.56	44.833
726.01	44.620
726.45	44.397
726.90	44.156
727.34	43.914
727.78	43.680
728.23	43.437
728.67	43.176
729.12	42.909
729.56	42.648
730.01	42.376
730.45	42.084
730.90	41.779
731.34	41.501
731.79	41.231
732.23	40.943
732.67	40.649
733.12	40.344
733.56	40.062
734.01	39.785
734.45	39.498
734.89	39.225
735.34	38.965
735.78	38.714
736.23	38.453
736.67	38.188
737.12	37.921
737.56	37.660
738.00	37.398
738.45	37.149
738.89	36.901
739.34	36.677
739.78	36.478
740.22	36.275
740.67	36.052
741.11	35.825
741.55	35.624
742.00	35.429
742.44	35.226
742.89	35.013
743.33	34.820
743.77	34.652
744.22	34.488
744.66	34.306
745.10	34.120
745.55	33.953
745.99	33.806
746.43	33.670
746.88	33.536
747.32	33.407
747.76	33.291
748.21	33.193
748.65	33.090
749.09	32.982
749.54	32.878
749.98	32.800
750.42	32.741
750.87	32.673
751.31	32.609
751.75	32.571
752.20	32.556
752.64	32.547
753.08	32.530
753.53	32.508
753.97	32.515
754.41	32.544
754.85	32.583
755.30	32.619
755.74	32.664
756.18	32.740
756.63	32.839
757.07	32.940
757.51	33.020
757.95	33.109
758.40	33.223
758.84	33.353
759.28	33.484
759.72	33.613
760.17	33.763
760.61	33.924
761.05	34.088
761.50	34.244
761.94	34.396
762.38	34.555
762.82	34.750
763.26	34.944
763.71	35.130
764.15	35.307
764.59	35.491
765.03	35.674
765.48	35.863
765.92	36.040
766.36	36.213
766.80	36.408
767.25	36.620
767.69	36.825
768.13	37.041
768.57	37.267
769.01	37.499
769.46	37.723
769.90	37.949
770.34	38.169
770.78	38.395
771.22	38.647
771.67	38.924
772.11	39.190
772.55	39.440
772.99	39.672
773.43	39.912
773.87	40.174
774.32	40.446
774.76	40.700
775.20	40.945
775.64	41.201
776.08	41.479
776.52	41.731
776.97	41.979
777.41	42.217
777.85	42.448
778.29	42.686
778.73	42.942
779.17	43.199
779.62	43.448
780.06	43.689
780.50	43.920
780.94	44.140
781.38	44.355
781.82	44.563
782.26	44.788
782.70	45.021
783.15	45.249
783.59	45.462
784.03	45.663
784.47	45.861
784.91	46.040
785.35	46.207
785.79	46.382
786.23	46.561
786.67	46.729
787.11	46.897
787.56	47.054
788.00	47.204
788.44	47.351
788.88	47.506
789.32	47.651
789.76	47.789
790.20	47.920
790.64	48.054
791.08	48.201
791.52	48.328
791.96	48.425
792.40	48.512
792.84	48.609
793.28	48.722
793.73	48.843
794.17	48.950
794.61	49.038
795.05	49.125
795.49	49.194
795.93	49.252
796.37	49.288
796.81	49.333
797.25	49.376
797.69	49.399
798.13	49.397
798.57	49.394
799.01	49.392
799.45	49.361
799.89	49.304
800.33	49.243
800.77	49.202
801.21	49.184
801.65	49.140
802.09	49.083
802.53	49.016
802.97	48.936
803.41	48.873
803.85	48.817
804.29	48.755
804.73	48.708
805.17	48.633
805.61	48.550
806.05	48.456
806.49	48.327
806.93	48.224
807.37	48.133
807.81	48.062
808.25	47.972
808.69	47.869
809.13	47.761
809.57	47.656
810.01	47.539
810.44	47.391
810.88	47.254
811.32	47.111
811.76	46.969
812.20	46.824
812.64	46.663
813.08	46.493
813.52	46.305
813.96	46.089
814.40	45.916
814.84	45.756
815.28	45.582
815.72	45.427
816.16	45.250
816.59	45.074
817.03	44.886
817.47	44.697
817.91	44.529
818.35	44.362
818.79	44.200
819.23	44.026
819.67	43.857
820.11	43.677
820.54	43.486
820.98	43.279
821.42	43.072
821.86	42.853
822.30	42.639
822.74	42.442
823.18	42.244
823.62	42.030
824.05	41.814
824.49	41.617
824.93	41.413
825.37	41.209
825.81	41.008
826.25	40.781
826.69	40.528
827.12	40.260
827.56	40.012
828.00	39.762
828.44	39.528
828.88	39.302
829.32	39.070
829.75	38.852
830.19	38.635
830.63	38.416
831.07	38.217
831.51	37.997
831.94	37.768
832.38	37.545
832.82	37.341
833.26	37.151
833.70	36.956
834.13	36.769
834.57	36.579
835.01	36.382
835.45	36.211
835.89	36.066
836.32	35.927
836.76	35.769
837.20	35.596
837.64	35.427
838.08	35.282
838.51	35.165
838.95	35.035
839.39	34.906
839.83	34.796
840.26	34.691
840.70	34.597
841.14	34.506
841.58	34.434
842.01	34.363
842.45	34.285
842.89	34.191
843.33	34.086
843.76	34.000
844.20	33.926
844.64	33.853
845.08	33.782
845.51	33.715
845.95	33.665
846.39	33.619
846.82	33.574
847.26	33.514
847.70	33.431
848.14	33.367
848.57	33.336
849.01	33.305
849.45	33.258
849.88	33.219
850.32	33.195
850.76	33.183
851.19	33.180
851.63	33.172
852.07	33.188
852.50	33.222
852.94	33.236
853.38	33.237
853.81	33.255
854.25	33.290
854.69	33.337
855.12	33.399
855.56	33.461
856.00	33.537
856.43	33.633
856.87	33.730
857.31	33.839
857.74	33.942
858.18	34.024
858.62	34.121
859.05	34.215
859.49	34.314
859.93	34.406
860.36	34.501
860.80	34.607
861.24	34.712
861.67	34.802
862.11	34.900
862.54	35.016
862.98	35.158
863.42	35.307
863.85	35.448
864.29	35.579
864.72	35.742
865.16	35.887
865.60	36.020
866.03	36.165
866.47	36.312
866.90	36.449
867.34	36.614
867.78	36.796
868.21	37.017
868.65	37.245
869.08	37.462
869.52	37.659
869.95	37.845
870.39	38.031
870.83	38.237
871.26	38.467
871.70	38.715
872.13	38.935
872.57	39.138
873.00	39.337
873.44	39.537
873.87	39.722
874.31	39.906
874.75	40.097
875.18	40.301
875.62	40.488
876.05	40.686
876.49	40.891
876.92	41.122
877.36	41.346
877.79	41.545
878.23	41.740
878.66	41.940
879.10	42.166
879.53	42.402
879.97	42.625
880.40	42.833
880.84	43.045
881.27	43.230
881.71	43.408
882.14	43.590
882.58	43.793
883.01	43.996
883.45	44.201
883.88	44.396
884.32	44.592
884.75	44.788
885.19	44.978
885.62	45.183
886.06	45.368
886.49	45.543
886.92	45.727
887.36	45.910
887.79	46.106
888.23	46.278
888.66	46.435
889.10	46.584
889.53	46.736
889.97	46.880
890.40	47.005
890.83	47.144
891.27	47.296
891.70	47.448
892.14	47.605
892.57	47.768
893.01	47.965
893.44	48.138
893.87	48.300
894.31	48.491
894.74	48.660
895.18	48.806
895.61	48.900
896.04	48.986
896.48	49.083
896.91	49.181
897.35	49.260
897.78	49.336
898.21	49.434
898.65	49.536
899.08	49.612
899.52	49.706
899.95	49.827
900.38	49.949
900.82	50.052
901.25	50.161
901.68	50.288
902.12	50.381
902.55	50.480
902.99	50.610
903.42	50.709
903.85	50.782
904.29	50.856
904.72	50.954
905.15	51.044
905.59	51.119
906.02	51.208
906.45	51.308
906.89	51.407
907.32	51.520
907.75	51.604
908.19	51.666
908.62	51.756
909.05	51.794
909.49	51.800
909.92	51.793
910.35	51.760
910.78	51.701
911.22	51.620
911.65	51.533
912.08	51.466
912.52	51.409
912.95	51.360
913.38	51.282
913.82	51.228
914.25	51.205
914.68	51.164
915.11	51.099
915.55	51.025
915.98	50.983
916.41	50.903
916.84	50.812
917.28	50.744
917.71	50.668
918.14	50.605
918.58	50.552
919.01	50.471
919.44	50.412
919.87	50.358
920.31	50.326
920.74	50.298
921.17	50.210
921.60	50.109
922.03	49.997
922.47	49.914
922.90	49.797
923.33	49.650
923.76	49.511
924.20	49.396
924.63	49.300
925.06	49.169
925.49	48.999
925.92	48.862
926.36	48.750
926.79	48.630
927.22	48.501
927.65	48.354
928.08	48.257
928.52	48.127
928.95	47.961
929.38	47.799
929.81	47.656
930.24	47.530
930.68	47.384
931.11	47.223
931.54	47.069
931.97	46.958
932.40	46.836
932.83	46.720
933.27	46.597
933.70	46.434
934.13	46.270
934.56	46.160
934.99	46.004
935.42	45.827
935.85	45.625
936.29	45.413
936.72	45.261
937.15	45.101
937.58	44.933
938.01	44.792
938.44	44.647
938.87	44.465
939.31	44.260
939.74	44.080
940.17	43.920
940.60	43.755
941.03	43.540
941.46	43.349
941.89	43.172
942.32	42.966
942.75	42.768
943.18	42.560
943.62	42.350
944.05	42.142
944.48	41.915
944.91	41.691
945.34	41.501
945.77	41.303
946.20	41.061
946.63	40.823
947.06	40.619
947.49	40.376
947.92	40.178
948.35	39.935
948.78	39.676
949.22	39.471
949.65	39.225
950.08	38.989
950.51	38.768
950.94	38.526
951.37	38.283
951.80	38.092
952.23	37.907
952.66	37.754
953.09	37.623
953.52	37.468
953.95	37.329
954.38	37.209
954.81	37.044
955.24	36.888
955.67	36.736
956.10	36.572
956.53	36.455
956.96	36.268
957.39	36.151
957.82	36.073
958.25	35.941
958.68	35.790
959.11	35.662
959.54	35.541
959.97	35.404
960.40	35.307
960.83	35.167
961.26	35.057
961.69	34.886
962.12	34.684
962.55	34.512
962.98	34.363
963.41	34.214
963.84	34.063
964.27	33.912
964.70	33.800
965.13	33.678
965.56	33.519
965.99	33.398
966.42	33.279
966.84	33.154
967.27	33.021
967.70	32.923
968.13	32.851
968.56	32.736
968.99	32.661
969.42	32.532
969.85	32.449
970.28	32.318
970.71	32.203
971.14	32.103
971.57	32.017
972.00	31.939
972.42	31.841
972.85	31.721
973.28	31.651
973.71	31.559
974.14	31.453
974.57	31.363
975.00	31.309
975.43	31.270
975.86	31.220
976.28	31.115
976.71	31.092
977.14	31.004
977.57	30.930
978.00	30.842
978.43	30.819
978.86	30.758
979.29	30.722
979.71	30.690
980.14	30.718
980.57	30.700
981.00	30.634
981.43	30.544
981.86	30.538
982.28	30.552
982.71	30.511
983.14	30.445
983.57	30.399
984.00	30.414
984.43	30.383
984.85	30.376
985.28	30.486
985.71	30.506
986.14	30.522
986.57	30.531
986.99	30.563
987.42	30.555
987.85	30.571
988.28	30.556
988.71	30.555
989.13	30.530
989.56	30.590
989.99	30.655
990.42	30.764
990.85	30.871
991.27	30.882
991.70	30.900
992.13	30.960
992.56	31.056
992.98	31.043
993.41	31.064
993.84	31.070
994.27	31.079
994.70	31.095
995.12	31.171
995.55	31.223
995.98	31.266
996.41	31.352
996.83	31.408
997.26	31.512
997.69	31.620
998.11	31.700
998.54	31.725
998.97	31.831
999.40	31.898
999.82	31.992
1000.25	32.065
1000.68	32.191
1001.11	32.347
1001.53	32.436
1001.96	32.528
1002.39	32.573
1002.81	32.677
1003.24	32.789
1003.67	32.878
1004.09	32.882
1004.52	32.986
1004.95	33.161
1005.38	33.222
1005.80	33.291
1006.23	33.405
1006.66	33.456
1007.08	33.588
1007.51	33.652
1007.94	33.738
1008.36	33.878
1008.79	33.852
1009.22	33.895
1009.64	33.977
1010.07	34.018
1010.50	34.083
1010.92	34.184
1011.35	34.377
1011.77	34.455
1012.20	34.495
1012.63	34.501
1013.05	34.613
1013.48	34.722
1013.91	34.718
1014.33	34.709
1014.76	34.742
1015.19	34.772
1015.61	34.784
1016.04	34.754
1016.46	34.934
1016.89	34.983
1017.32	34.938
1017.74	35.042
1018.17	35.097
1018.59	35.280
1019.02	35.329
1019.45	35.363
1019.87	35.431
1020.30	35.502
1020.72	35.583
1021.15	35.596
1021.58	35.770
1022.00	35.886
1022.43	35.874
1022.85	35.965
1023.28	35.979
1023.70	36.098
1024.13	36.106
1024.55	36.156
1024.98	36.121
1025.41	36.096
1025.83	36.106
1026.26	36.078
1026.68	36.018
1027.11	36.186
1027.53	36.044
1027.96	36.005
1028.38	35.983
1028.81	35.990
1029.23	36.068
1029.66	35.934
1030.08	35.858
1030.51	35.881
1030.94	35.950
1031.36	35.896
1031.79	35.743
1032.21	35.751
1032.64	35.798
1033.06	35.745
1033.49	35.632
1033.91	35.585
1034.34	35.684
1034.76	35.567
1035.19	35.531
1035.61	35.591
1036.03	35.393
1036.46	35.292
1036.88	35.202
1037.31	35.198
1037.73	35.160
1038.16	35.016
1038.58	34.888
1039.01	34.987
1039.43	35.016
1039.86	34.812
1040.28	34.543
1040.71	34.620
1041.13	34.850
1041.55	34.493
1041.98	34.369
1042.40	34.406
1042.83	34.690
1043.25	34.363
1043.68	34.092
1044.10	34.134
1044.52	34.143
1044.95	34.209
1045.37	33.975
1045.80	34.029
1046.22	34.205
1046.65	34.099
1047.07	33.778
1047.49	33.856
1047.92	33.546
1048.34	33.438
1048.77	33.190
1049.19	32.987
1049.61	32.864
1050.04	32.439
1050.46	32.220
1050.89	32.133
1051.31	32.142
1051.73	31.776
1052.16	31.585
1052.58	31.442
1053.00	31.265
1053.43	30.877
1053.85	30.341
1054.27	30.317
1054.70	30.034
1055.12	29.580
1055.55	29.147
1055.97	28.817
1056.39	28.859
1056.82	28.940
1057.24	28.271
1057.66	28.099
1058.09	28.216
1058.51	28.067
1058.93	27.804
1059.36	27.600
1059.78	27.256
1060.20	26.748
1060.62	26.369
1061.05	25.766
1061.47	25.494
1061.89	25.186
1062.32	24.742
1062.74	24.312
1063.16	24.054
1063.59	23.666
1064.01	22.960
1064.43	22.412
1064.85	22.382
1065.28	22.290
1065.70	21.496
1066.12	20.758
1066.55	20.327
1066.97	20.002
1067.39	19.073
1067.81	18.145
1068.24	18.015
1068.66	17.792
1069.08	16.918
1069.50	15.887
1069.93	15.769
1070.35	15.777
1070.77	14.773
1071.19	13.760
1071.62	13.520
1072.04	13.059
1072.46	11.930
1072.88	11.055
1073.31	10.451
1073.73	9.554
1074.15	7.505
1074.57	6.269
1075.00	5.755
1075.42	5.144
1075.84	3.925
1076.26	2.505
1076.68	1.862
1077.11	0.982
1077.53	-0.684
1077.95	-1.615
1078.37	-2.948
1078.79	-3.711
1079.22	-5.396
1079.64	-6.234
1080.06	-7.014
1080.48	-8.245
1080.90	-10.034
1081.32	-11.588
1081.75	-12.861
1082.17	-13.626
1082.59	-15.498
1083.01	-17.018
1083.43	-18.386
1083.85	-18.984
1084.28	-21.249
1084.70	-23.842
1085.12	-25.858
1085.54	-27.402
1085.96	-29.285
1086.38	-30.981
1086.80	-32.471
1087.23	-32.953
1087.65	-34.405
1088.07	-37.329
1088.49	-40.409
1088.91	-41.712
1089.33	-42.787
1089.75	-47.379
1090.17	-50.110
1090.60	-51.856
1091.02	-54.903
1091.44	-57.380
1091.86	-60.277
1092.28	-62.421
1092.70	-66.002
1093.12	-70.364
1093.54	-73.036
1093.96	-74.341
1094.38	-76.326
1094.81	-81.547
1095.23	-85.120
1095.65	-87.994
1096.07	-89.247
1096.49	-95.438
1096.91	-98.897
1097.33	-101.591
1097.75	-105.977
1098.17	-112.663
1098.59	-112.618
1099.01	-110.981
1099.43	-112.470
1099.85	-120.108
1100.27	-125.904
1100.69	-128.355
1101.11	-129.123
1101.53	-132.993
1101.95	-138.353
1102.38	-119.404
1102.80	-226.120
1103.22	-89.390
1103.64	-94.112
1104.06	-308.378
1104.48	-192.189
1104.90	-229.080
1105.32	-114.828
1105.74	-117.183
1106.16	-353.600
