188.40	-235.058
188.88	-109.922
189.35	177.716
189.83	1466.957
190.30	-1425.490
190.78	-239.904
191.26	-197.585
191.73	1286.792
192.21	-1894.203
192.68	-101.336
193.16	-967.378
193.63	-1108.126
194.11	-1186.337
194.58	-1111.470
195.06	-919.707
195.53	-593.100
196.01	-474.118
196.48	-427.025
196.96	-356.645
197.43	-299.035
197.91	-269.543
198.38	-241.688
198.86	-204.953
199.33	-169.055
199.81	-158.235
200.28	-152.632
200.76	-139.614
201.23	-124.031
201.71	-111.013
202.18	-104.925
202.66	-92.223
203.13	-84.437
203.61	-78.079
204.08	-73.734
204.55	-70.824
205.03	-64.202
205.50	-64.103
205.98	-65.746
206.45	-65.692
206.93	-61.340
207.40	-58.836
207.88	-59.961
208.35	-62.212
208.82	-62.589
209.30	-62.646
209.77	-64.027
210.25	-63.565
210.72	-63.975
211.20	-62.269
211.67	-61.937
212.14	-63.032
212.62	-63.352
213.09	-60.662
213.57	-59.900
214.04	-59.224
214.52	-59.380
214.99	-54.095
215.46	-53.714
215.94	-58.852
216.41	-55.748
216.89	-53.609
217.36	-52.773
217.83	-54.811
218.31	-53.479
218.78	-48.183
219.25	-46.759
219.73	-49.394
220.20	-50.126
220.68	-45.425
221.15	-46.246
221.62	-47.806
222.10	-48.081
222.57	-43.630
223.04	-43.804
223.52	-47.795
223.99	-50.823
224.47	-47.297
224.94	-49.162
225.41	-51.669
225.89	-48.951
226.36	-49.173
226.83	-51.278
227.31	-54.929
227.78	-55.455
228.25	-52.325
228.73	-53.678
229.20	-55.641
229.67	-58.063
230.15	-56.013
230.62	-55.619
231.09	-59.383
231.57	-62.354
232.04	-58.693
232.51	-59.078
232.98	-61.771
233.46	-60.768
233.93	-58.419
234.40	-55.924
234.88	-58.181
235.35	-60.502
235.82	-58.807
236.30	-56.382
236.77	-58.839
237.24	-61.545
237.71	-57.242
238.19	-54.285
238.66	-53.314
239.13	-56.852
239.61	-53.979
240.08	-50.054
240.55	-50.818
241.02	-49.780
241.50	-45.725
241.97	-44.156
242.44	-45.187
242.91	-45.991
243.39	-45.895
243.86	-43.726
244.33	-46.386
244.80	-48.673
245.28	-46.531
245.75	-43.689
246.22	-47.002
246.69	-47.372
247.17	-45.228
247.64	-45.924
248.11	-50.441
248.58	-53.309
249.05	-52.634
249.53	-48.782
250.00	-51.602
250.47	-54.886
250.94	-57.701
251.42	-56.536
251.89	-55.769
252.36	-57.475
252.83	-57.096
253.30	-53.910
253.78	-53.638
254.25	-54.821
254.72	-55.006
255.19	-52.684
255.66	-53.371
256.13	-53.688
256.61	-52.294
257.08	-50.607
257.55	-49.352
258.02	-51.873
258.49	-53.100
258.97	-50.485
259.44	-51.278
259.91	-51.845
260.38	-51.728
260.85	-46.872
261.32	-46.667
261.79	-49.230
262.27	-49.906
262.74	-46.784
263.21	-45.000
263.68	-48.189
264.15	-49.133
264.62	-47.142
265.09	-47.194
265.57	-48.554
266.04	-49.297
266.51	-47.467
266.98	-46.700
267.45	-48.547
267.92	-47.929
268.39	-44.410
268.86	-43.073
269.34	-43.702
269.81	-46.724
270.28	-46.063
270.75	-42.880
271.22	-43.968
271.69	-43.958
272.16	-42.027
272.63	-39.761
273.10	-40.557
273.57	-41.944
274.05	-41.681
274.52	-39.621
274.99	-40.423
275.46	-40.683
275.93	-39.094
276.40	-38.122
276.87	-37.604
277.34	-38.139
277.81	-37.501
278.28	-37.125
278.75	-37.881
279.22	-40.480
279.69	-38.983
280.16	-36.931
280.63	-37.613
281.11	-40.196
281.58	-40.202
282.05	-38.118
282.52	-40.069
282.99	-42.295
283.46	-41.718
283.93	-37.388
284.40	-37.606
284.87	-37.708
285.34	-38.836
285.81	-38.068
286.28	-37.618
286.75	-37.581
287.22	-37.957
287.69	-35.633
288.16	-35.226
288.63	-36.828
289.10	-35.658
289.57	-31.954
290.04	-31.158
290.51	-32.451
290.98	-31.121
291.45	-29.664
291.92	-31.387
292.39	-31.898
292.86	-32.446
293.33	-28.731
293.80	-29.832
294.27	-30.838
294.74	-32.313
295.21	-29.081
295.68	-27.616
296.15	-30.052
296.62	-32.904
297.09	-31.393
297.56	-31.599
298.03	-32.227
298.49	-32.255
298.96	-30.528
299.43	-30.911
299.90	-32.017
300.37	-33.002
300.84	-32.430
301.31	-31.267
301.78	-31.201
302.25	-31.504
302.72	-29.637
303.19	-30.100
303.66	-28.661
304.13	-29.713
304.60	-28.270
305.07	-27.581
305.53	-28.007
306.00	-28.768
306.47	-27.223
306.94	-26.329
307.41	-26.160
307.88	-27.229
308.35	-25.494
308.82	-23.957
309.29	-24.115
309.76	-25.386
310.22	-24.406
310.69	-24.335
311.16	-23.995
311.63	-23.703
312.10	-23.519
312.57	-22.482
313.04	-23.072
313.51	-24.900
313.97	-24.113
314.44	-23.034
314.91	-23.362
315.38	-25.400
315.85	-23.595
316.32	-21.630
316.79	-21.663
317.25	-22.663
317.72	-23.097
318.19	-22.211
318.66	-21.994
319.13	-22.819
319.60	-21.934
320.07	-20.550
320.53	-19.363
321.00	-19.733
321.47	-19.332
321.94	-18.492
322.41	-17.735
322.87	-17.746
323.34	-18.383
323.81	-16.054
324.28	-15.882
324.75	-17.258
325.22	-16.149
325.68	-15.839
326.15	-15.393
326.62	-15.622
327.09	-15.583
327.56	-13.723
328.02	-13.512
328.49	-15.639
328.96	-15.608
329.43	-14.878
329.89	-15.655
330.36	-16.523
330.83	-17.472
331.30	-16.898
331.77	-15.952
332.23	-16.807
332.70	-16.958
333.17	-16.118
333.64	-16.890
334.10	-16.570
334.57	-16.136
335.04	-15.293
335.51	-15.120
335.97	-15.622
336.44	-15.632
336.91	-15.135
337.38	-14.920
337.84	-15.485
338.31	-14.842
338.78	-13.764
339.24	-12.896
339.71	-11.441
340.18	-10.385
340.65	-9.361
341.11	-8.792
341.58	-9.055
342.05	-8.951
342.52	-8.935
342.98	-8.723
343.45	-8.301
343.92	-8.261
344.38	-7.991
344.85	-7.692
345.32	-7.607
345.78	-7.678
346.25	-6.986
346.72	-6.504
347.18	-5.912
347.65	-5.789
348.12	-5.295
348.58	-4.471
349.05	-4.316
349.52	-4.655
349.99	-4.585
350.45	-4.200
350.92	-3.977
351.38	-3.970
351.85	-3.647
352.32	-2.460
352.78	-1.866
353.25	-1.336
353.72	-1.004
354.18	-0.626
354.65	-0.390
355.12	-0.309
355.58	0.097
356.05	0.427
356.52	0.652
356.98	0.409
357.45	0.801
357.91	1.114
358.38	0.967
358.85	0.833
359.31	0.942
359.78	1.023
360.25	0.934
360.71	0.981
361.18	1.162
361.64	1.471
362.11	1.286
362.58	1.221
363.04	1.029
363.51	1.373
363.97	1.535
364.44	1.596
364.91	1.613
365.37	1.816
365.84	1.888
366.30	1.867
366.77	1.894
367.23	2.109
367.70	2.119
368.17	2.231
368.63	2.369
369.10	2.585
369.56	2.747
370.03	2.759
370.49	2.665
370.96	2.796
371.42	2.826
371.89	2.887
372.36	3.028
372.82	3.125
373.29	3.097
373.75	3.128
374.22	3.243
374.68	3.453
375.15	3.440
375.61	3.434
376.08	3.503
376.54	3.499
377.01	3.478
377.47	3.496
377.94	3.444
378.40	3.522
378.87	3.489
379.33	3.502
379.80	3.493
380.26	3.558
380.73	3.655
381.19	3.645
381.66	3.662
382.12	3.671
382.59	3.702
383.05	3.703
383.52	3.659
383.98	3.608
384.45	3.689
384.91	3.659
385.38	3.653
385.84	3.733
386.31	3.818
386.77	3.838
387.24	3.888
387.70	3.992
388.16	4.113
388.63	4.177
389.09	4.156
389.56	4.242
390.02	4.360
390.49	4.351
390.95	4.337
391.42	4.404
391.88	4.525
392.34	4.570
392.81	4.616
393.27	4.748
393.74	4.862
394.20	4.916
394.67	4.979
395.13	5.069
395.59	5.180
396.06	5.243
396.52	5.256
396.99	5.302
397.45	5.310
397.91	5.268
398.38	5.150
398.84	5.175
399.31	5.247
399.77	5.181
400.23	5.171
400.70	5.164
401.16	5.180
401.63	5.118
402.09	5.060
402.55	5.020
403.02	4.973
403.48	4.928
403.94	4.876
404.41	4.846
404.87	4.822
405.33	4.768
405.80	4.735
406.26	4.748
406.73	4.774
407.19	4.812
407.65	4.848
408.12	4.962
408.58	5.095
409.04	5.210
409.51	5.323
409.97	5.442
410.43	5.627
410.90	5.787
411.36	5.971
411.82	6.165
412.29	6.403
412.75	6.589
413.21	6.751
413.67	6.939
414.14	7.164
414.60	7.354
415.06	7.535
415.53	7.715
415.99	7.896
416.45	8.071
416.92	8.166
417.38	8.285
417.84	8.414
418.30	8.455
418.77	8.475
419.23	8.500
419.69	8.497
420.16	8.491
420.62	8.414
421.08	8.305
421.54	8.218
422.01	8.098
422.47	7.973
422.93	7.836
423.39	7.711
423.86	7.588
424.32	7.443
424.78	7.301
425.24	7.173
425.71	7.058
426.17	6.935
426.63	6.820
427.09	6.730
427.56	6.678
428.02	6.610
428.48	6.547
428.94	6.493
429.41	6.449
429.87	6.421
430.33	6.523
430.79	6.706
431.25	6.940
431.72	7.160
432.18	7.415
432.64	7.700
433.10	8.034
433.56	8.358
434.03	8.714
434.49	9.089
434.95	9.495
435.41	9.891
435.87	10.274
436.34	10.701
436.80	11.132
437.26	11.519
437.72	11.922
438.18	12.327
438.64	12.757
439.11	13.156
439.57	13.516
440.03	13.810
440.49	14.047
440.95	14.237
441.41	14.393
441.88	14.521
442.34	14.654
442.80	14.700
443.26	14.703
443.72	14.681
444.18	14.631
444.64	14.538
445.11	14.409
445.57	14.263
446.03	14.113
446.49	13.921
446.95	13.705
447.41	13.475
447.87	13.241
448.33	13.003
448.79	12.746
449.26	12.494
449.72	12.255
450.18	12.041
450.64	11.831
451.10	11.637
451.56	11.489
452.02	11.356
452.48	11.233
452.94	11.145
453.40	11.110
453.87	11.118
454.33	11.148
454.79	11.209
455.25	11.323
455.71	11.469
456.17	11.642
456.63	11.878
457.09	12.163
457.55	12.478
458.01	12.811
458.47	13.198
458.93	13.616
459.39	14.057
459.85	14.497
460.31	14.942
460.77	15.424
461.24	15.928
461.70	16.432
462.16	16.939
462.62	17.461
463.08	17.965
463.54	18.449
464.00	18.936
464.46	19.407
464.92	19.856
465.38	20.274
465.84	20.665
466.30	21.023
466.76	21.356
467.22	21.640
467.68	21.890
468.14	22.104
468.60	22.298
469.06	22.447
469.52	22.534
469.98	22.612
470.44	22.652
470.90	22.634
471.36	22.575
471.82	22.488
472.28	22.376
472.74	22.229
473.20	22.046
473.66	21.834
474.12	21.608
474.58	21.344
475.04	21.059
475.50	20.763
475.95	20.460
476.41	20.140
476.87	19.817
477.33	19.490
477.79	19.179
478.25	18.859
478.71	18.542
479.17	18.253
479.63	17.978
480.09	17.714
480.55	17.466
481.01	17.250
481.47	17.069
481.93	16.914
482.39	16.787
482.84	16.704
483.30	16.667
483.76	16.666
484.22	16.695
484.68	16.765
485.14	16.882
485.60	17.040
486.06	17.232
486.52	17.470
486.98	17.754
487.44	18.061
487.89	18.400
488.35	18.773
488.81	19.181
489.27	19.608
489.73	20.063
490.19	20.544
490.65	21.049
491.11	21.571
491.56	22.094
492.02	22.625
492.48	23.166
492.94	23.708
493.40	24.242
493.86	24.774
494.32	25.304
494.77	25.820
495.23	26.316
495.69	26.798
496.15	27.257
496.61	27.699
497.07	28.118
497.52	28.509
497.98	28.878
498.44	29.228
498.90	29.545
499.36	29.825
499.82	30.076
500.27	30.292
500.73	30.461
501.19	30.604
501.65	30.716
502.11	30.798
502.56	30.842
503.02	30.847
503.48	30.825
503.94	30.778
504.40	30.701
504.85	30.582
505.31	30.439
505.77	30.273
506.23	30.073
506.69	29.851
507.14	29.607
507.60	29.342
508.06	29.047
508.52	28.736
508.97	28.408
509.43	28.074
509.89	27.719
510.35	27.367
510.80	27.008
511.26	26.660
511.72	26.303
512.18	25.943
512.63	25.590
513.09	25.248
513.55	24.906
514.01	24.576
514.46	24.268
514.92	23.983
515.38	23.717
515.84	23.470
516.29	23.251
516.75	23.062
517.21	22.901
517.66	22.757
518.12	22.650
518.58	22.581
519.04	22.544
519.49	22.542
519.95	22.574
520.41	22.643
520.86	22.738
521.32	22.866
521.78	23.026
522.23	23.225
522.69	23.462
523.15	23.731
523.61	24.027
524.06	24.353
524.52	24.708
524.98	25.081
525.43	25.477
525.89	25.893
526.35	26.322
526.80	26.766
527.26	27.232
527.72	27.716
528.17	28.209
528.63	28.701
529.09	29.198
529.54	29.701
530.00	30.205
530.45	30.706
530.91	31.203
531.37	31.690
531.82	32.172
532.28	32.638
532.74	33.088
533.19	33.524
533.65	33.936
534.10	34.325
534.56	34.694
535.02	35.039
535.47	35.367
535.93	35.675
536.39	35.962
536.84	36.223
537.30	36.455
537.75	36.658
538.21	36.826
538.67	36.975
539.12	37.097
539.58	37.194
540.03	37.256
540.49	37.303
540.94	37.330
541.40	37.319
541.86	37.282
542.31	37.217
542.77	37.137
543.22	37.038
543.68	36.915
544.13	36.770
544.59	36.616
545.05	36.433
545.50	36.224
545.96	35.992
546.41	35.745
546.87	35.486
547.32	35.209
547.78	34.923
548.23	34.620
548.69	34.306
549.14	33.978
549.60	33.645
550.06	33.303
550.51	32.953
550.97	32.602
551.42	32.247
551.88	31.887
552.33	31.523
552.79	31.167
553.24	30.811
553.70	30.471
554.15	30.136
554.61	29.817
555.06	29.511
555.52	29.218
555.97	28.943
556.43	28.680
556.88	28.437
557.34	28.222
557.79	28.029
558.25	27.856
558.70	27.708
559.15	27.591
559.61	27.498
560.06	27.430
560.52	27.393
560.97	27.388
561.43	27.420
561.88	27.479
562.34	27.564
562.79	27.676
563.25	27.819
563.70	27.976
564.16	28.169
564.61	28.392
565.06	28.646
565.52	28.913
565.97	29.212
566.43	29.539
566.88	29.885
567.34	30.254
567.79	30.635
568.24	31.036
568.70	31.449
569.15	31.868
569.61	32.303
570.06	32.745
570.51	33.204
570.97	33.671
571.42	34.139
571.88	34.623
572.33	35.110
572.78	35.587
573.24	36.072
573.69	36.544
574.15	37.018
574.60	37.477
575.05	37.942
575.51	38.396
575.96	38.842
576.42	39.288
576.87	39.718
577.32	40.145
577.78	40.551
578.23	40.952
578.68	41.338
579.14	41.712
579.59	42.066
580.04	42.393
580.50	42.697
580.95	42.981
581.40	43.244
581.86	43.493
582.31	43.726
582.76	43.950
583.22	44.154
583.67	44.334
584.12	44.502
584.58	44.634
585.03	44.743
585.48	44.823
585.94	44.869
586.39	44.888
586.84	44.898
587.30	44.899
587.75	44.865
588.20	44.817
588.66	44.749
589.11	44.665
589.56	44.561
590.01	44.440
590.47	44.300
590.92	44.141
591.37	43.966
591.83	43.761
592.28	43.534
592.73	43.296
593.18	43.038
593.64	42.762
594.09	42.476
594.54	42.191
594.99	41.901
595.45	41.596
595.90	41.281
596.35	40.949
596.80	40.600
597.26	40.245
597.71	39.882
598.16	39.512
598.61	39.138
599.07	38.763
599.52	38.383
599.97	38.004
600.42	37.623
600.88	37.237
601.33	36.863
601.78	36.498
602.23	36.128
602.69	35.760
603.14	35.403
603.59	35.058
604.04	34.711
604.49	34.366
604.95	34.033
605.40	33.732
605.85	33.442
606.30	33.162
606.75	32.905
607.21	32.668
607.66	32.446
608.11	32.241
608.56	32.053
609.01	31.890
609.46	31.746
609.92	31.620
610.37	31.519
610.82	31.445
611.27	31.392
611.72	31.363
612.17	31.363
612.63	31.379
613.08	31.414
613.53	31.473
613.98	31.565
614.43	31.679
614.88	31.804
615.34	31.949
615.79	32.113
616.24	32.298
616.69	32.503
617.14	32.725
617.59	32.964
618.04	33.219
618.49	33.491
618.95	33.776
619.40	34.077
619.85	34.401
620.30	34.728
620.75	35.058
621.20	35.407
621.65	35.763
622.10	36.133
622.55	36.513
623.00	36.895
623.46	37.285
623.91	37.673
624.36	38.065
624.81	38.457
625.26	38.852
625.71	39.243
626.16	39.642
626.61	40.037
627.06	40.430
627.51	40.827
627.96	41.212
628.41	41.595
628.86	41.970
629.32	42.338
629.77	42.699
630.22	43.051
630.67	43.395
631.12	43.735
631.57	44.066
632.02	44.385
632.47	44.694
632.92	44.994
633.37	45.293
633.82	45.574
634.27	45.843
634.72	46.107
635.17	46.352
635.62	46.575
636.07	46.788
636.52	46.977
636.97	47.156
637.42	47.320
637.87	47.470
638.32	47.603
638.77	47.722
639.22	47.834
639.67	47.930
640.12	48.008
640.57	48.073
641.02	48.114
641.47	48.144
641.92	48.166
642.37	48.163
642.82	48.131
643.27	48.085
643.72	48.032
644.17	47.957
644.62	47.876
645.07	47.777
645.52	47.671
645.97	47.563
646.42	47.429
646.87	47.290
647.32	47.159
647.77	47.028
648.22	46.870
648.66	46.689
649.11	46.491
649.56	46.277
650.01	46.050
650.46	45.824
650.91	45.597
651.36	45.341
651.81	45.073
652.26	44.813
652.71	44.534
653.16	44.252
653.61	43.960
654.06	43.662
654.50	43.358
654.95	43.041
655.40	42.713
655.85	42.388
656.30	42.058
656.75	41.706
657.20	41.343
657.65	40.985
658.10	40.631
658.55	40.291
658.99	39.962
659.44	39.626
659.89	39.293
660.34	38.949
660.79	38.613
661.24	38.293
661.69	37.974
662.13	37.671
662.58	37.355
663.03	37.054
663.48	36.756
663.93	36.463
664.38	36.182
664.83	35.917
665.27	35.653
665.72	35.394
666.17	35.142
666.62	34.903
667.07	34.680
667.52	34.469
667.96	34.252
668.41	34.040
668.86	33.854
669.31	33.675
669.76	33.517
670.21	33.374
670.65	33.247
671.10	33.127
671.55	33.023
672.00	32.941
672.45	32.870
672.89	32.814
673.34	32.770
673.79	32.736
674.24	32.715
674.68	32.713
675.13	32.725
675.58	32.758
676.03	32.803
676.48	32.852
676.92	32.911
677.37	32.998
677.82	33.100
678.27	33.201
678.71	33.314
679.16	33.443
679.61	33.586
680.06	33.737
680.50	33.896
680.95	34.078
681.40	34.269
681.85	34.458
682.29	34.664
682.74	34.881
683.19	35.111
683.64	35.347
684.08	35.598
684.53	35.860
684.98	36.130
685.43	36.413
685.87	36.699
686.32	36.991
686.77	37.276
687.21	37.552
687.66	37.855
688.11	38.168
688.55	38.469
689.00	38.770
689.45	39.091
689.90	39.424
690.34	39.736
690.79	40.051
691.24	40.377
691.68	40.696
692.13	41.000
692.58	41.294
693.02	41.604
693.47	41.901
693.92	42.184
694.36	42.456
694.81	42.739
695.26	43.021
695.70	43.292
696.15	43.570
696.60	43.855
697.04	44.128
697.49	44.376
697.94	44.609
698.38	44.856
698.83	45.086
699.27	45.311
699.72	45.515
700.17	45.725
700.61	45.925
701.06	46.123
701.51	46.327
701.95	46.530
702.40	46.723
702.84	46.904
703.29	47.081
703.74	47.249
704.18	47.397
704.63	47.537
705.07	47.669
705.52	47.789
705.97	47.899
706.41	47.982
706.86	48.064
707.30	48.166
707.75	48.260
708.20	48.334
708.64	48.381
709.09	48.425
709.53	48.454
709.98	48.478
710.42	48.478
710.87	48.450
711.32	48.422
711.76	48.369
712.21	48.326
712.65	48.272
713.10	48.218
713.54	48.147
713.99	48.075
714.43	48.004
714.88	47.907
715.33	47.783
715.77	47.675
716.22	47.569
716.66	47.436
717.11	47.283
717.55	47.135
718.00	46.990
718.44	46.836
718.89	46.664
719.33	46.499
719.78	46.340
720.22	46.184
720.67	46.009
721.11	45.837
721.56	45.656
722.00	45.460
722.45	45.252
722.89	45.045
723.34	44.831
723.78	44.628
724.23	44.426
724.67	44.223
725.12	44.004
725.56	43.772
726.01	43.540
726.45	43.299
726.90	43.045
727.34	42.778
727.78	42.530
728.23	42.281
728.67	42.013
729.12	41.743
729.56	41.479
730.01	41.213
730.45	40.926
730.90	40.625
731.34	40.357
731.79	40.089
732.23	39.805
732.67	39.514
733.12	39.210
733.56	38.934
734.01	38.670
734.45	38.396
734.89	38.133
735.34	37.892
735.78	37.655
736.23	37.405
736.67	37.160
737.12	36.912
737.56	36.673
738.00	36.438
738.45	36.210
738.89	35.990
739.34	35.795
739.78	35.629
740.22	35.458
740.67	35.265
741.11	35.077
741.55	34.917
742.00	34.761
742.44	34.600
742.89	34.438
743.33	34.288
743.77	34.164
744.22	34.043
744.66	33.907
745.10	33.771
745.55	33.648
745.99	33.551
746.43	33.474
746.88	33.396
747.32	33.313
747.76	33.249
748.21	33.214
748.65	33.163
749.09	33.103
749.54	33.049
749.98	33.026
750.42	33.026
750.87	33.009
751.31	32.994
751.75	33.011
752.20	33.047
752.64	33.096
753.08	33.133
753.53	33.164
753.97	33.222
754.41	33.302
754.85	33.393
755.30	33.483
755.74	33.576
756.18	33.699
756.63	33.847
757.07	33.994
757.51	34.113
757.95	34.252
758.40	34.407
758.84	34.575
759.28	34.744
759.72	34.903
760.17	35.079
760.61	35.276
761.05	35.476
761.50	35.657
761.94	35.833
762.38	36.020
762.82	36.244
763.26	36.463
763.71	36.670
764.15	36.879
764.59	37.087
765.03	37.291
765.48	37.490
765.92	37.678
766.36	37.865
766.80	38.075
767.25	38.290
767.69	38.505
768.13	38.741
768.57	38.984
769.01	39.222
769.46	39.457
769.90	39.693
770.34	39.918
770.78	40.147
771.22	40.400
771.67	40.674
772.11	40.929
772.55	41.175
772.99	41.408
773.43	41.636
773.87	41.888
774.32	42.144
774.76	42.382
775.20	42.617
775.64	42.857
776.08	43.111
776.52	43.350
776.97	43.589
777.41	43.812
777.85	44.023
778.29	44.248
778.73	44.485
779.17	44.725
779.62	44.949
780.06	45.170
780.50	45.374
780.94	45.568
781.38	45.757
781.82	45.943
782.26	46.145
782.70	46.352
783.15	46.546
783.59	46.731
784.03	46.908
784.47	47.090
784.91	47.247
785.35	47.381
785.79	47.527
786.23	47.674
786.67	47.802
787.11	47.932
787.56	48.051
788.00	48.162
788.44	48.264
788.88	48.376
789.32	48.477
789.76	48.578
790.20	48.670
790.64	48.766
791.08	48.866
791.52	48.946
791.96	49.000
792.40	49.048
792.84	49.110
793.28	49.190
793.73	49.262
794.17	49.327
794.61	49.386
795.05	49.444
795.49	49.467
795.93	49.487
796.37	49.485
796.81	49.487
797.25	49.504
797.69	49.493
798.13	49.467
798.57	49.448
799.01	49.419
799.45	49.357
799.89	49.271
800.33	49.191
800.77	49.128
801.21	49.084
801.65	49.010
802.09	48.916
802.53	48.820
802.97	48.709
803.41	48.609
803.85	48.519
804.29	48.416
804.73	48.340
805.17	48.235
805.61	48.131
806.05	48.023
806.49	47.865
806.93	47.740
807.37	47.622
807.81	47.517
808.25	47.395
808.69	47.256
809.13	47.125
809.57	46.981
810.01	46.832
810.44	46.662
810.88	46.497
811.32	46.347
811.76	46.192
812.20	46.021
812.64	45.853
813.08	45.665
813.52	45.459
813.96	45.233
814.40	45.045
814.84	44.871
815.28	44.685
815.72	44.512
816.16	44.313
816.59	44.131
817.03	43.927
817.47	43.730
817.91	43.561
818.35	43.397
818.79	43.227
819.23	43.036
819.67	42.849
820.11	42.673
820.54	42.463
820.98	42.233
821.42	42.032
821.86	41.818
822.30	41.610
822.74	41.413
823.18	41.211
823.62	41.001
824.05	40.782
824.49	40.577
824.93	40.380
825.37	40.195
825.81	39.993
826.25	39.781
826.69	39.542
827.12	39.297
827.56	39.054
828.00	38.820
828.44	38.616
828.88	38.411
829.32	38.196
829.75	37.993
830.19	37.796
830.63	37.593
831.07	37.401
831.51	37.198
831.94	36.988
832.38	36.787
832.82	36.605
833.26	36.440
833.70	36.271
834.13	36.105
834.57	35.932
835.01	35.760
835.45	35.609
835.89	35.481
836.32	35.361
836.76	35.231
837.20	35.087
837.64	34.946
838.08	34.835
838.51	34.750
838.95	34.659
839.39	34.578
839.83	34.499
840.26	34.423
840.70	34.360
841.14	34.305
841.58	34.266
842.01	34.220
842.45	34.167
842.89	34.111
843.33	34.061
843.76	34.017
844.20	33.978
844.64	33.944
845.08	33.918
845.51	33.888
845.95	33.863
846.39	33.860
846.82	33.855
847.26	33.833
847.70	33.783
848.14	33.764
848.57	33.763
849.01	33.763
849.45	33.746
849.88	33.742
850.32	33.764
850.76	33.792
851.19	33.833
851.63	33.879
852.07	33.944
852.50	34.002
852.94	34.038
853.38	34.083
853.81	34.133
854.25	34.200
854.69	34.283
855.12	34.379
855.56	34.483
856.00	34.584
856.43	34.700
856.87	34.828
857.31	34.966
857.74	35.098
858.18	35.214
858.62	35.351
859.05	35.481
859.49	35.602
859.93	35.705
860.36	35.817
860.80	35.945
861.24	36.061
861.67	36.182
862.11	36.311
862.54	36.453
862.98	36.607
863.42	36.773
863.85	36.934
864.29	37.102
864.72	37.269
865.16	37.426
865.60	37.578
866.03	37.746
866.47	37.897
866.90	38.039
867.34	38.208
867.78	38.416
868.21	38.636
868.65	38.866
869.08	39.102
869.52	39.317
869.95	39.508
870.39	39.697
870.83	39.907
871.26	40.148
871.70	40.396
872.13	40.629
872.57	40.835
873.00	41.036
873.44	41.238
873.87	41.424
874.31	41.615
874.75	41.799
875.18	41.990
875.62	42.178
876.05	42.377
876.49	42.598
876.92	42.828
877.36	43.062
877.79	43.264
878.23	43.467
878.66	43.675
879.10	43.899
879.53	44.127
879.97	44.342
880.40	44.549
880.84	44.746
881.27	44.907
881.71	45.077
882.14	45.260
882.58	45.435
883.01	45.617
883.45	45.812
883.88	46.027
884.32	46.208
884.75	46.377
885.19	46.561
885.62	46.751
886.06	46.905
886.49	47.048
886.92	47.201
887.36	47.370
887.79	47.522
888.23	47.659
888.66	47.798
889.10	47.931
889.53	48.053
889.97	48.157
890.40	48.280
890.83	48.407
891.27	48.523
891.70	48.664
892.14	48.802
892.57	48.955
893.01	49.115
893.44	49.264
893.87	49.417
894.31	49.604
894.74	49.756
895.18	49.861
895.61	49.945
896.04	50.030
896.48	50.090
896.91	50.163
897.35	50.201
897.78	50.258
898.21	50.325
898.65	50.412
899.08	50.490
899.52	50.584
899.95	50.683
900.38	50.776
900.82	50.868
901.25	50.975
901.68	51.084
902.12	51.144
902.55	51.218
902.99	51.320
903.42	51.375
903.85	51.424
904.29	51.497
904.72	51.576
905.15	51.638
905.59	51.689
906.02	51.735
906.45	51.820
906.89	51.896
907.32	51.962
907.75	51.994
908.19	52.034
908.62	52.067
909.05	52.048
909.49	52.031
909.92	52.001
910.35	51.952
910.78	51.853
911.22	51.745
911.65	51.642
912.08	51.560
912.52	51.491
912.95	51.403
913.38	51.324
913.82	51.247
914.25	51.198
914.68	51.133
915.11	51.079
915.55	51.023
915.98	50.961
916.41	50.846
916.84	50.757
917.28	50.680
917.71	50.607
918.14	50.559
918.58	50.475
919.01	50.379
919.44	50.283
919.87	50.207
920.31	50.175
920.74	50.151
921.17	50.051
921.60	49.914
922.03	49.798
922.47	49.684
922.90	49.557
923.33	49.390
923.76	49.273
924.20	49.184
924.63	49.064
925.06	48.909
925.49	48.760
925.92	48.616
926.36	48.490
926.79	48.316
927.22	48.150
927.65	48.021
928.08	47.888
928.52	47.737
928.95	47.554
929.38	47.385
929.81	47.221
930.24	47.063
930.68	46.892
931.11	46.722
931.54	46.569
931.97	46.427
932.40	46.280
932.83	46.132
933.27	45.960
933.70	45.752
934.13	45.571
934.56	45.432
934.99	45.274
935.42	45.087
935.85	44.885
936.29	44.715
936.72	44.540
937.15	44.373
937.58	44.193
938.01	44.041
938.44	43.885
938.87	43.712
939.31	43.531
939.74	43.384
940.17	43.242
940.60	43.077
941.03	42.887
941.46	42.712
941.89	42.544
942.32	42.344
942.75	42.153
943.18	41.997
943.62	41.843
944.05	41.628
944.48	41.372
944.91	41.211
945.34	41.007
945.77	40.825
946.20	40.615
946.63	40.432
947.06	40.263
947.49	40.046
947.92	39.810
948.35	39.588
948.78	39.362
949.22	39.130
949.65	38.862
950.08	38.609
950.51	38.414
950.94	38.181
951.37	37.964
951.80	37.821
952.23	37.653
952.66	37.497
953.09	37.372
953.52	37.268
953.95	37.141
954.38	37.018
954.81	36.849
955.24	36.678
955.67	36.541
956.10	36.400
956.53	36.244
956.96	36.125
957.39	36.041
957.82	35.967
958.25	35.852
958.68	35.726
959.11	35.647
959.54	35.549
959.97	35.445
960.40	35.337
960.83	35.241
961.26	35.128
961.69	34.952
962.12	34.778
962.55	34.633
962.98	34.502
963.41	34.359
963.84	34.246
964.27	34.172
964.70	34.060
965.13	33.942
965.56	33.840
965.99	33.740
966.42	33.661
966.84	33.542
967.27	33.437
967.70	33.400
968.13	33.375
968.56	33.261
968.99	33.161
969.42	33.072
969.85	32.989
970.28	32.873
970.71	32.799
971.14	32.749
971.57	32.749
972.00	32.707
972.42	32.622
972.85	32.545
973.28	32.521
973.71	32.465
974.14	32.383
974.57	32.333
975.00	32.332
975.43	32.271
975.86	32.196
976.28	32.162
976.71	32.163
977.14	32.074
977.57	32.028
978.00	32.010
978.43	32.075
978.86	32.049
979.29	32.015
979.71	31.976
980.14	32.015
980.57	31.933
981.00	31.889
981.43	31.895
981.86	31.950
982.28	31.955
982.71	31.877
983.14	31.855
983.57	31.851
984.00	31.808
984.43	31.790
984.85	31.810
985.28	31.905
985.71	31.976
986.14	31.986
986.57	32.066
986.99	32.168
987.42	32.137
987.85	32.150
988.28	32.155
988.71	32.247
989.13	32.296
989.56	32.360
989.99	32.382
990.42	32.513
990.85	32.659
991.27	32.695
991.70	32.768
992.13	32.936
992.56	33.121
992.98	33.228
993.41	33.280
993.84	33.451
994.27	33.551
994.70	33.593
995.12	33.655
995.55	33.722
995.98	33.826
996.41	33.934
996.83	34.030
997.26	34.272
997.69	34.447
998.11	34.550
998.54	34.593
998.97	34.774
999.40	34.944
999.82	35.001
1000.25	35.049
1000.68	35.273
1001.11	35.388
1001.53	35.451
1001.96	35.497
1002.39	35.633
1002.81	35.702
1003.24	35.702
1003.67	35.682
1004.09	35.849
1004.52	36.067
1004.95	36.132
1005.38	36.100
1005.80	36.182
1006.23	36.303
1006.66	36.317
1007.08	36.332
1007.51	36.389
1007.94	36.577
1008.36	36.571
1008.79	36.576
1009.22	36.676
1009.64	36.799
1010.07	36.878
1010.50	36.903
1010.92	36.946
1011.35	37.107
1011.77	37.237
1012.20	37.260
1012.63	37.360
1013.05	37.519
1013.48	37.531
1013.91	37.555
1014.33	37.684
1014.76	37.861
1015.19	37.873
1015.61	37.848
1016.04	37.940
1016.46	38.291
1016.89	38.259
1017.32	38.369
1017.74	38.348
1018.17	38.505
1018.59	38.686
1019.02	38.675
1019.45	38.665
1019.87	38.813
1020.30	38.940
1020.72	39.006
1021.15	39.041
1021.58	39.309
1022.00	39.348
1022.43	39.380
1022.85	39.517
1023.28	39.660
1023.70	39.695
1024.13	39.693
1024.55	39.706
1024.98	39.808
1025.41	39.800
1025.83	39.726
1026.26	39.661
1026.68	39.757
1027.11	39.906
1027.53	39.738
1027.96	39.651
1028.38	39.833
1028.81	40.018
1029.23	40.050
1029.66	39.960
1030.08	40.154
1030.51	40.218
1030.94	40.306
1031.36	40.126
1031.79	39.980
1032.21	40.041
1032.64	40.125
1033.06	39.933
1033.49	39.913
1033.91	39.906
1034.34	39.639
1034.76	39.509
1035.19	39.573
1035.61	39.800
1036.03	39.649
1036.46	39.505
1036.88	39.430
1037.31	39.473
1037.73	39.446
1038.16	39.121
1038.58	38.957
1039.01	39.031
1039.43	38.921
1039.86	38.764
1040.28	38.668
1040.71	38.971
1041.13	39.023
1041.55	38.627
1041.98	38.778
1042.40	39.000
1042.83	39.203
1043.25	39.311
1043.68	39.345
1044.10	39.437
1044.52	39.315
1044.95	39.144
1045.37	39.145
1045.80	39.391
1046.22	39.388
1046.65	39.146
1047.07	38.946
1047.49	39.058
1047.92	39.013
1048.34	38.769
1048.77	38.494
1049.19	38.493
1049.61	38.144
1050.04	37.811
1050.46	37.625
1050.89	37.621
1051.31	37.591
1051.73	36.985
1052.16	36.802
1052.58	36.557
1053.00	36.448
1053.43	36.002
1053.85	35.587
1054.27	35.474
1054.70	35.510
1055.12	35.166
1055.55	34.819
1055.97	34.880
1056.39	34.917
1056.82	34.857
1057.24	34.325
1057.66	34.519
1058.09	34.933
1058.51	34.979
1058.93	34.431
1059.36	34.521
1059.78	34.463
1060.20	34.177
1060.62	33.646
1061.05	33.211
1061.47	33.366
1061.89	32.915
1062.32	32.511
1062.74	32.307
1063.16	32.263
1063.59	31.852
1064.01	31.276
1064.43	31.003
1064.85	30.979
1065.28	30.924
1065.70	30.081
1066.12	29.653
1066.55	29.347
1066.97	28.862
1067.39	28.006
1067.81	27.899
1068.24	27.502
1068.66	27.326
1069.08	26.693
1069.50	26.218
1069.93	26.313
1070.35	26.048
1070.77	24.900
1071.19	24.242
1071.62	24.366
1072.04	23.631
1072.46	22.854
1072.88	22.189
1073.31	22.215
1073.73	22.062
1074.15	20.727
1074.57	19.789
1075.00	19.827
1075.42	19.462
1075.84	18.006
1076.26	16.216
1076.68	16.041
1077.11	16.531
1077.53	14.903
1077.95	13.906
1078.37	14.290
1078.79	14.061
1079.22	12.865
1079.64	11.982
1080.06	11.717
1080.48	11.245
1080.90	10.245
1081.32	9.175
1081.75	8.370
1082.17	6.872
1082.59	4.688
1083.01	2.952
1083.43	2.510
1083.85	2.770
1084.28	0.347
1084.70	-1.948
1085.12	-1.503
1085.54	-1.927
1085.96	-4.268
1086.38	-6.629
1086.80	-7.451
1087.23	-8.397
1087.65	-9.699
1088.07	-12.642
1088.49	-14.319
1088.91	-14.526
1089.33	-16.668
1089.75	-20.644
1090.17	-22.197
1090.60	-22.124
1091.02	-22.709
1091.44	-25.353
1091.86	-27.060
1092.28	-28.696
1092.70	-32.020
1093.12	-36.211
1093.54	-36.861
1093.96	-37.905
1094.38	-40.382
1094.81	-45.643
1095.23	-47.715
1095.65	-48.930
1096.07	-50.582
1096.49	-57.702
1096.91	-60.080
1097.33	-59.733
1097.75	-63.665
1098.17	-68.618
1098.59	-69.164
1099.01	-68.230
1099.43	-68.888
1099.85	-77.396
1100.27	-80.765
1100.69	-80.748
1101.11	-80.456
1101.53	-82.919
1101.95	-84.644
1102.38	-86.393
1102.80	-199.232
1103.22	-24.273
1103.64	-7.939
1104.06	-266.667
1104.48	-145.940
1104.90	-113.742
1105.32	-34.368
1105.74	-56.714
1106.16	-235.840
