188.40	-181.970
188.88	-233.681
189.35	286.351
189.83	1239.130
190.30	-1415.686
190.78	-218.750
191.26	-213.527
191.73	1150.943
192.21	-1007.246
192.68	-212.786
193.16	-933.215
193.63	-1070.360
194.11	-1156.464
194.58	-1105.462
195.06	-904.392
195.53	-580.206
196.01	-476.581
196.48	-429.959
196.96	-356.177
197.43	-300.080
197.91	-268.915
198.38	-235.712
198.86	-194.692
199.33	-158.680
199.81	-155.215
200.28	-149.921
200.76	-133.465
201.23	-118.815
201.71	-105.893
202.18	-101.360
202.66	-90.936
203.13	-83.434
203.61	-80.066
204.08	-72.889
204.55	-64.857
205.03	-58.703
205.50	-58.602
205.98	-61.082
206.45	-59.236
206.93	-56.010
207.40	-56.889
207.88	-55.694
208.35	-56.814
208.82	-57.206
209.30	-58.845
209.77	-58.814
210.25	-58.563
210.72	-58.296
211.20	-58.373
211.67	-55.760
212.14	-54.499
212.62	-53.217
213.09	-50.184
213.57	-49.000
214.04	-49.375
214.52	-48.322
214.99	-45.768
215.46	-47.004
215.94	-48.931
216.41	-46.933
216.89	-46.541
217.36	-46.611
217.83	-47.772
218.31	-46.319
218.78	-44.479
219.25	-44.011
219.73	-44.437
220.20	-44.169
220.68	-40.461
221.15	-42.698
221.62	-45.856
222.10	-46.019
222.57	-44.061
223.04	-45.284
223.52	-49.236
223.99	-49.473
224.47	-49.845
224.94	-53.296
225.41	-53.646
225.89	-51.405
226.36	-50.441
226.83	-52.691
227.31	-54.501
227.78	-52.031
228.25	-50.743
228.73	-52.824
229.20	-53.185
229.67	-54.774
230.15	-54.555
230.62	-53.549
231.09	-56.320
231.57	-57.301
232.04	-54.805
232.51	-56.689
232.98	-58.219
233.46	-55.135
233.93	-52.355
234.40	-50.807
234.88	-51.305
235.35	-50.787
235.82	-49.033
236.30	-49.304
236.77	-49.905
237.24	-51.832
237.71	-50.789
238.19	-49.426
238.66	-49.796
239.13	-51.643
239.61	-51.069
240.08	-49.214
240.55	-51.224
241.02	-47.791
241.50	-43.952
241.97	-42.911
242.44	-44.222
242.91	-44.452
243.39	-43.996
243.86	-44.867
244.33	-44.469
244.80	-46.082
245.28	-45.039
245.75	-43.530
246.22	-45.612
246.69	-45.161
247.17	-41.864
247.64	-42.948
248.11	-43.197
248.58	-43.498
249.05	-42.905
249.53	-40.211
250.00	-43.275
250.47	-45.219
250.94	-46.102
251.42	-46.278
251.89	-46.914
252.36	-47.101
252.83	-46.529
253.30	-45.129
253.78	-45.658
254.25	-46.935
254.72	-45.104
255.19	-45.502
255.66	-45.507
256.13	-47.430
256.61	-45.700
257.08	-45.445
257.55	-47.004
258.02	-47.891
258.49	-48.775
258.97	-46.831
259.44	-46.569
259.91	-45.890
260.38	-45.236
260.85	-43.677
261.32	-45.366
261.79	-45.625
262.27	-46.607
262.74	-44.761
263.21	-43.348
263.68	-45.604
264.15	-46.516
264.62	-47.006
265.09	-49.587
265.57	-51.309
266.04	-50.158
266.51	-48.840
266.98	-47.746
267.45	-47.680
267.92	-49.234
268.39	-47.187
268.86	-47.868
269.34	-47.137
269.81	-47.454
270.28	-46.139
270.75	-43.581
271.22	-44.385
271.69	-44.229
272.16	-42.106
272.63	-42.068
273.10	-42.941
273.57	-42.060
274.05	-40.546
274.52	-39.463
274.99	-37.986
275.46	-36.935
275.93	-35.884
276.40	-37.584
276.87	-38.193
277.34	-39.018
277.81	-37.702
278.28	-37.771
278.75	-38.680
279.22	-38.826
279.69	-38.627
280.16	-39.297
280.63	-40.249
281.11	-40.780
281.58	-41.161
282.05	-39.984
282.52	-40.884
282.99	-42.283
283.46	-42.310
283.93	-41.354
284.40	-41.367
284.87	-41.402
285.34	-41.792
285.81	-42.263
286.28	-41.711
286.75	-40.106
287.22	-39.818
287.69	-39.461
288.16	-37.299
288.63	-37.485
289.10	-37.135
289.57	-33.728
290.04	-32.042
290.51	-31.978
290.98	-30.692
291.45	-30.356
291.92	-31.876
292.39	-31.761
292.86	-30.766
293.33	-29.141
293.80	-30.911
294.27	-30.685
294.74	-31.469
295.21	-28.162
295.68	-26.867
296.15	-27.690
296.62	-28.716
297.09	-26.737
297.56	-26.233
298.03	-26.800
298.49	-26.788
298.96	-26.908
299.43	-28.519
299.90	-30.791
300.37	-30.836
300.84	-31.056
301.31	-31.097
301.78	-29.236
302.25	-29.327
302.72	-27.996
303.19	-26.779
303.66	-24.387
304.13	-23.750
304.60	-22.691
305.07	-24.664
305.53	-23.993
306.00	-23.801
306.47	-23.607
306.94	-23.353
307.41	-24.317
307.88	-24.564
308.35	-23.891
308.82	-23.453
309.29	-23.566
309.76	-22.845
310.22	-22.188
310.69	-22.049
311.16	-21.146
311.63	-20.945
312.10	-21.009
312.57	-21.833
313.04	-23.337
313.51	-24.376
313.97	-23.899
314.44	-23.249
314.91	-23.041
315.38	-23.134
315.85	-21.350
316.32	-20.698
316.79	-19.804
317.25	-19.924
317.72	-19.329
318.19	-18.961
318.66	-19.192
319.13	-18.556
319.60	-18.621
320.07	-18.565
320.53	-17.065
321.00	-17.655
321.47	-17.033
321.94	-16.002
322.41	-16.715
322.87	-15.639
323.34	-15.401
323.81	-14.706
324.28	-14.771
324.75	-15.273
325.22	-14.663
325.68	-14.904
326.15	-15.230
326.62	-15.546
327.09	-15.400
327.56	-15.381
328.02	-15.038
328.49	-15.997
328.96	-15.245
329.43	-14.285
329.89	-15.490
330.36	-15.517
330.83	-15.481
331.30	-15.988
331.77	-16.019
332.23	-15.821
332.70	-15.758
333.17	-15.877
333.64	-17.025
334.10	-15.127
334.57	-14.318
335.04	-13.766
335.51	-14.125
335.97	-14.354
336.44	-13.576
336.91	-13.074
337.38	-13.920
337.84	-14.257
338.31	-13.520
338.78	-13.746
339.24	-13.418
339.71	-12.016
340.18	-11.138
340.65	-10.672
341.11	-10.246
341.58	-9.699
342.05	-8.761
342.52	-7.946
342.98	-7.125
343.45	-6.495
343.92	-6.731
344.38	-6.716
344.85	-6.959
345.32	-6.426
345.78	-5.754
346.25	-5.184
346.72	-4.544
347.18	-3.855
347.65	-2.674
348.12	-2.123
348.58	-1.876
349.05	-1.519
349.52	-1.412
349.99	-1.497
350.45	-0.977
350.92	-1.008
351.38	-0.820
351.85	-0.641
352.32	-0.785
352.78	-0.700
353.25	-0.188
353.72	-0.001
354.18	-0.065
354.65	0.222
355.12	0.434
355.58	0.908
356.05	0.603
356.52	0.330
356.98	0.558
357.45	0.516
357.91	0.531
358.38	0.478
358.85	0.642
359.31	0.827
359.78	0.909
360.25	0.911
360.71	1.131
361.18	1.337
361.64	1.320
362.11	1.291
362.58	1.428
363.04	1.472
363.51	1.646
363.97	1.891
364.44	1.859
364.91	1.943
365.37	1.831
365.84	1.935
366.30	2.250
366.77	2.348
367.23	2.377
367.70	2.404
368.17	2.411
368.63	2.586
369.10	2.641
369.56	2.596
370.03	2.672
370.49	2.738
370.96	2.658
371.42	2.704
371.89	2.786
372.36	2.936
372.82	2.882
373.29	2.820
373.75	2.977
374.22	3.126
374.68	3.208
375.15	3.193
375.61	3.190
376.08	3.255
376.54	3.317
377.01	3.342
377.47	3.475
377.94	3.654
378.40	3.624
378.87	3.577
379.33	3.620
379.80	3.670
380.26	3.673
380.73	3.741
381.19	3.808
381.66	3.878
382.12	3.918
382.59	3.948
383.05	3.924
383.52	3.870
383.98	3.846
384.45	3.821
384.91	3.859
385.38	3.941
385.84	3.968
386.31	3.873
386.77	3.874
387.24	3.906
387.70	3.980
388.16	4.022
388.63	4.114
389.09	4.203
389.56	4.290
390.02	4.330
390.49	4.343
390.95	4.374
391.42	4.432
391.88	4.443
392.34	4.507
392.81	4.627
393.27	4.766
393.74	4.842
394.20	4.908
394.67	5.023
395.13	5.070
395.59	5.133
396.06	5.248
396.52	5.301
396.99	5.373
397.45	5.379
397.91	5.333
398.38	5.261
398.84	5.273
399.31	5.243
399.77	5.205
400.23	5.197
400.70	5.204
401.16	5.155
401.63	5.066
402.09	5.066
402.55	5.016
403.02	4.932
403.48	4.859
403.94	4.836
404.41	4.783
404.87	4.778
405.33	4.702
405.80	4.685
406.26	4.691
406.73	4.662
407.19	4.685
407.65	4.744
408.12	4.864
408.58	4.963
409.04	5.034
409.51	5.190
409.97	5.329
410.43	5.484
410.90	5.649
411.36	5.839
411.82	6.034
412.29	6.261
412.75	6.442
413.21	6.657
413.67	6.860
414.14	7.083
414.60	7.269
415.06	7.488
415.53	7.689
415.99	7.889
416.45	8.083
416.92	8.218
417.38	8.340
417.84	8.456
418.30	8.507
418.77	8.582
419.23	8.609
419.69	8.616
420.16	8.597
420.62	8.544
421.08	8.487
421.54	8.378
422.01	8.240
422.47	8.116
422.93	8.012
423.39	7.877
423.86	7.725
424.32	7.564
424.78	7.404
425.24	7.285
425.71	7.119
426.17	6.983
426.63	6.889
427.09	6.825
427.56	6.745
428.02	6.682
428.48	6.620
428.94	6.567
429.41	6.487
429.87	6.420
430.33	6.543
430.79	6.702
431.25	6.922
431.72	7.158
432.18	7.440
432.64	7.740
433.10	8.066
433.56	8.392
434.03	8.761
434.49	9.162
434.95	9.541
435.41	9.947
435.87	10.333
436.34	10.741
436.80	11.138
437.26	11.525
437.72	11.926
438.18	12.332
438.64	12.738
439.11	13.163
439.57	13.560
440.03	13.839
440.49	14.082
440.95	14.257
441.41	14.415
441.88	14.534
442.34	14.642
442.80	14.690
443.26	14.708
443.72	14.699
444.18	14.635
444.64	14.536
445.11	14.424
445.57	14.278
446.03	14.119
446.49	13.919
446.95	13.709
447.41	13.494
447.87	13.271
448.33	13.030
448.79	12.768
449.26	12.524
449.72	12.295
450.18	12.083
450.64	11.880
451.10	11.695
451.56	11.541
452.02	11.374
452.48	11.256
452.94	11.176
453.40	11.142
453.87	11.135
454.33	11.160
454.79	11.236
455.25	11.353
455.71	11.475
456.17	11.662
456.63	11.906
457.09	12.178
457.55	12.481
458.01	12.808
458.47	13.209
458.93	13.634
459.39	14.067
459.85	14.505
460.31	14.967
460.77	15.457
461.24	15.951
461.70	16.462
462.16	16.970
462.62	17.490
463.08	17.985
463.54	18.478
464.00	18.974
464.46	19.448
464.92	19.899
465.38	20.320
465.84	20.718
466.30	21.089
466.76	21.417
467.22	21.703
467.68	21.965
468.14	22.177
468.60	22.352
469.06	22.488
469.52	22.589
469.98	22.660
470.44	22.680
470.90	22.661
471.36	22.609
471.82	22.534
472.28	22.414
472.74	22.257
473.20	22.071
473.66	21.863
474.12	21.625
474.58	21.351
475.04	21.075
475.50	20.783
475.95	20.462
476.41	20.140
476.87	19.820
477.33	19.492
477.79	19.174
478.25	18.858
478.71	18.548
479.17	18.256
479.63	17.972
480.09	17.700
480.55	17.458
481.01	17.241
481.47	17.050
481.93	16.894
482.39	16.778
482.84	16.701
483.30	16.662
483.76	16.658
484.22	16.693
484.68	16.768
485.14	16.882
485.60	17.047
486.06	17.242
486.52	17.476
486.98	17.751
487.44	18.060
487.89	18.402
488.35	18.781
488.81	19.183
489.27	19.615
489.73	20.073
490.19	20.560
490.65	21.067
491.11	21.590
491.56	22.118
492.02	22.653
492.48	23.195
492.94	23.733
493.40	24.271
493.86	24.808
494.32	25.335
494.77	25.848
495.23	26.340
495.69	26.819
496.15	27.278
496.61	27.723
497.07	28.143
497.52	28.540
497.98	28.907
498.44	29.254
498.90	29.567
499.36	29.854
499.82	30.094
500.27	30.302
500.73	30.474
501.19	30.614
501.65	30.721
502.11	30.795
502.56	30.838
503.02	30.840
503.48	30.814
503.94	30.759
504.40	30.673
504.85	30.556
505.31	30.418
505.77	30.250
506.23	30.051
506.69	29.824
507.14	29.574
507.60	29.308
508.06	29.013
508.52	28.702
508.97	28.372
509.43	28.040
509.89	27.690
510.35	27.336
510.80	26.976
511.26	26.620
511.72	26.263
512.18	25.900
512.63	25.548
513.09	25.202
513.55	24.866
514.01	24.542
514.46	24.238
514.92	23.950
515.38	23.683
515.84	23.439
516.29	23.223
516.75	23.035
517.21	22.869
517.66	22.729
518.12	22.625
518.58	22.557
519.04	22.520
519.49	22.521
519.95	22.549
520.41	22.615
520.86	22.713
521.32	22.842
521.78	23.008
522.23	23.210
522.69	23.448
523.15	23.717
523.61	24.018
524.06	24.345
524.52	24.697
524.98	25.074
525.43	25.472
525.89	25.886
526.35	26.315
526.80	26.764
527.26	27.230
527.72	27.715
528.17	28.206
528.63	28.700
529.09	29.197
529.54	29.703
530.00	30.211
530.45	30.713
530.91	31.210
531.37	31.702
531.82	32.180
532.28	32.650
532.74	33.106
533.19	33.543
533.65	33.954
534.10	34.344
534.56	34.710
535.02	35.056
535.47	35.382
535.93	35.685
536.39	35.965
536.84	36.227
537.30	36.455
537.75	36.656
538.21	36.828
538.67	36.976
539.12	37.096
539.58	37.188
540.03	37.256
540.49	37.303
540.94	37.323
541.40	37.315
541.86	37.272
542.31	37.204
542.77	37.118
543.22	37.017
543.68	36.896
544.13	36.753
544.59	36.592
545.05	36.407
545.50	36.203
545.96	35.978
546.41	35.731
546.87	35.471
547.32	35.195
547.78	34.908
548.23	34.606
548.69	34.288
549.14	33.960
549.60	33.620
550.06	33.279
550.51	32.930
550.97	32.578
551.42	32.220
551.88	31.862
552.33	31.496
552.79	31.137
553.24	30.782
553.70	30.445
554.15	30.112
554.61	29.795
555.06	29.487
555.52	29.193
555.97	28.916
556.43	28.656
556.88	28.418
557.34	28.203
557.79	28.008
558.25	27.842
558.70	27.700
559.15	27.584
559.61	27.490
560.06	27.423
560.52	27.385
560.97	27.383
561.43	27.412
561.88	27.477
562.34	27.563
562.79	27.675
563.25	27.814
563.70	27.976
564.16	28.171
564.61	28.399
565.06	28.646
565.52	28.915
565.97	29.214
566.43	29.539
566.88	29.882
567.34	30.246
567.79	30.625
568.24	31.029
568.70	31.440
569.15	31.864
569.61	32.303
570.06	32.751
570.51	33.213
570.97	33.680
571.42	34.144
571.88	34.629
572.33	35.114
572.78	35.593
573.24	36.074
573.69	36.547
574.15	37.018
574.60	37.483
575.05	37.950
575.51	38.407
575.96	38.855
576.42	39.299
576.87	39.737
577.32	40.164
577.78	40.568
578.23	40.969
578.68	41.349
579.14	41.722
579.59	42.075
580.04	42.399
580.50	42.703
580.95	42.994
581.40	43.255
581.86	43.504
582.31	43.736
582.76	43.960
583.22	44.161
583.67	44.337
584.12	44.498
584.58	44.630
585.03	44.736
585.48	44.812
585.94	44.853
586.39	44.868
586.84	44.875
587.30	44.872
587.75	44.834
588.20	44.789
588.66	44.719
589.11	44.624
589.56	44.518
590.01	44.400
590.47	44.251
590.92	44.094
591.37	43.916
591.83	43.713
592.28	43.487
592.73	43.249
593.18	42.992
593.64	42.721
594.09	42.435
594.54	42.145
594.99	41.854
595.45	41.556
595.90	41.247
596.35	40.918
596.80	40.571
597.26	40.222
597.71	39.860
598.16	39.488
598.61	39.118
599.07	38.744
599.52	38.364
599.97	37.988
600.42	37.604
600.88	37.222
601.33	36.847
601.78	36.479
602.23	36.104
602.69	35.743
603.14	35.384
603.59	35.033
604.04	34.691
604.49	34.347
604.95	34.014
605.40	33.704
605.85	33.412
606.30	33.135
606.75	32.878
607.21	32.637
607.66	32.414
608.11	32.209
608.56	32.024
609.01	31.856
609.46	31.713
609.92	31.593
610.37	31.496
610.82	31.420
611.27	31.365
611.72	31.341
612.17	31.338
612.63	31.353
613.08	31.390
613.53	31.451
613.98	31.546
614.43	31.662
614.88	31.793
615.34	31.941
615.79	32.107
616.24	32.292
616.69	32.499
617.14	32.725
617.59	32.964
618.04	33.221
618.49	33.500
618.95	33.784
619.40	34.086
619.85	34.408
620.30	34.734
620.75	35.071
621.20	35.420
621.65	35.776
622.10	36.145
622.55	36.524
623.00	36.909
623.46	37.297
623.91	37.681
624.36	38.069
624.81	38.456
625.26	38.849
625.71	39.239
626.16	39.639
626.61	40.036
627.06	40.431
627.51	40.825
627.96	41.208
628.41	41.591
628.86	41.960
629.32	42.321
629.77	42.683
630.22	43.038
630.67	43.390
631.12	43.727
631.57	44.061
632.02	44.387
632.47	44.694
632.92	44.994
633.37	45.296
633.82	45.582
634.27	45.852
634.72	46.113
635.17	46.357
635.62	46.582
636.07	46.790
636.52	46.980
636.97	47.155
637.42	47.318
637.87	47.467
638.32	47.600
638.77	47.730
639.22	47.842
639.67	47.935
640.12	48.011
640.57	48.076
641.02	48.122
641.47	48.146
641.92	48.162
642.37	48.156
642.82	48.122
643.27	48.075
643.72	48.022
644.17	47.944
644.62	47.860
645.07	47.759
645.52	47.654
645.97	47.547
646.42	47.415
646.87	47.273
647.32	47.142
647.77	47.008
648.22	46.846
648.66	46.666
649.11	46.466
649.56	46.248
650.01	46.021
650.46	45.791
650.91	45.563
651.36	45.309
651.81	45.045
652.26	44.786
652.71	44.506
653.16	44.221
653.61	43.932
654.06	43.636
654.50	43.330
654.95	43.009
655.40	42.681
655.85	42.358
656.30	42.029
656.75	41.678
657.20	41.319
657.65	40.965
658.10	40.605
658.55	40.263
658.99	39.931
659.44	39.600
659.89	39.265
660.34	38.921
660.79	38.584
661.24	38.260
661.69	37.940
662.13	37.633
662.58	37.321
663.03	37.023
663.48	36.724
663.93	36.435
664.38	36.158
664.83	35.892
665.27	35.627
665.72	35.368
666.17	35.120
666.62	34.883
667.07	34.653
667.52	34.443
667.96	34.228
668.41	34.019
668.86	33.827
669.31	33.646
669.76	33.490
670.21	33.348
670.65	33.223
671.10	33.105
671.55	33.003
672.00	32.925
672.45	32.851
672.89	32.798
673.34	32.757
673.79	32.727
674.24	32.708
674.68	32.704
675.13	32.714
675.58	32.748
676.03	32.792
676.48	32.846
676.92	32.908
677.37	32.998
677.82	33.103
678.27	33.211
678.71	33.328
679.16	33.457
679.61	33.601
680.06	33.754
680.50	33.914
680.95	34.099
681.40	34.289
681.85	34.480
682.29	34.683
682.74	34.901
683.19	35.127
683.64	35.358
684.08	35.610
684.53	35.872
684.98	36.144
685.43	36.428
685.87	36.714
686.32	37.003
686.77	37.288
687.21	37.563
687.66	37.861
688.11	38.172
688.55	38.473
689.00	38.775
689.45	39.097
689.90	39.425
690.34	39.740
690.79	40.048
691.24	40.371
691.68	40.695
692.13	41.006
692.58	41.304
693.02	41.613
693.47	41.907
693.92	42.197
694.36	42.472
694.81	42.752
695.26	43.040
695.70	43.313
696.15	43.589
696.60	43.874
697.04	44.143
697.49	44.393
697.94	44.629
698.38	44.873
698.83	45.100
699.27	45.326
699.72	45.529
700.17	45.739
700.61	45.944
701.06	46.136
701.51	46.325
701.95	46.523
702.40	46.717
702.84	46.907
703.29	47.085
703.74	47.242
704.18	47.394
704.63	47.530
705.07	47.665
705.52	47.788
705.97	47.897
706.41	47.991
706.86	48.067
707.30	48.164
707.75	48.260
708.20	48.336
708.64	48.385
709.09	48.429
709.53	48.456
709.98	48.477
710.42	48.473
710.87	48.451
711.32	48.426
711.76	48.378
712.21	48.325
712.65	48.268
713.10	48.215
713.54	48.144
713.99	48.070
714.43	47.993
714.88	47.892
715.33	47.767
715.77	47.654
716.22	47.551
716.66	47.419
717.11	47.264
717.55	47.116
718.00	46.968
718.44	46.813
718.89	46.641
719.33	46.477
719.78	46.325
720.22	46.171
720.67	45.997
721.11	45.823
721.56	45.644
722.00	45.445
722.45	45.235
722.89	45.027
723.34	44.814
723.78	44.612
724.23	44.412
724.67	44.211
725.12	43.991
725.56	43.761
726.01	43.529
726.45	43.291
726.90	43.031
727.34	42.765
727.78	42.517
728.23	42.271
728.67	42.001
729.12	41.729
729.56	41.462
730.01	41.186
730.45	40.897
730.90	40.598
731.34	40.329
731.79	40.065
732.23	39.782
732.67	39.488
733.12	39.182
733.56	38.910
734.01	38.649
734.45	38.369
734.89	38.105
735.34	37.865
735.78	37.625
736.23	37.383
736.67	37.141
737.12	36.895
737.56	36.656
738.00	36.423
738.45	36.198
738.89	35.980
739.34	35.788
739.78	35.624
740.22	35.451
740.67	35.263
741.11	35.073
741.55	34.910
742.00	34.752
742.44	34.595
742.89	34.428
743.33	34.271
743.77	34.150
744.22	34.030
744.66	33.892
745.10	33.756
745.55	33.629
745.99	33.531
746.43	33.449
746.88	33.369
747.32	33.284
747.76	33.222
748.21	33.182
748.65	33.134
749.09	33.070
749.54	33.018
749.98	32.997
750.42	32.991
750.87	32.969
751.31	32.957
751.75	32.974
752.20	33.010
752.64	33.065
753.08	33.103
753.53	33.138
753.97	33.198
754.41	33.276
754.85	33.371
755.30	33.465
755.74	33.555
756.18	33.677
756.63	33.823
757.07	33.970
757.51	34.094
757.95	34.228
758.40	34.385
758.84	34.557
759.28	34.720
759.72	34.882
760.17	35.066
760.61	35.268
761.05	35.467
761.50	35.653
761.94	35.826
762.38	36.016
762.82	36.237
763.26	36.456
763.71	36.667
764.15	36.877
764.59	37.076
765.03	37.275
765.48	37.476
765.92	37.671
766.36	37.857
766.80	38.065
767.25	38.286
767.69	38.507
768.13	38.740
768.57	38.987
769.01	39.233
769.46	39.469
769.90	39.701
770.34	39.928
770.78	40.155
771.22	40.410
771.67	40.681
772.11	40.935
772.55	41.177
772.99	41.405
773.43	41.631
773.87	41.893
774.32	42.158
774.76	42.404
775.20	42.636
775.64	42.880
776.08	43.135
776.52	43.375
776.97	43.611
777.41	43.835
777.85	44.042
778.29	44.267
778.73	44.508
779.17	44.744
779.62	44.967
780.06	45.192
780.50	45.402
780.94	45.597
781.38	45.785
781.82	45.976
782.26	46.184
782.70	46.395
783.15	46.589
783.59	46.775
784.03	46.947
784.47	47.121
784.91	47.266
785.35	47.409
785.79	47.550
786.23	47.689
786.67	47.819
787.11	47.948
787.56	48.056
788.00	48.160
788.44	48.255
788.88	48.363
789.32	48.466
789.76	48.558
790.20	48.643
790.64	48.741
791.08	48.834
791.52	48.909
791.96	48.958
792.40	49.004
792.84	49.067
793.28	49.150
793.73	49.228
794.17	49.296
794.61	49.342
795.05	49.394
795.49	49.423
795.93	49.439
796.37	49.435
796.81	49.443
797.25	49.459
797.69	49.453
798.13	49.437
798.57	49.412
799.01	49.382
799.45	49.334
799.89	49.251
800.33	49.183
800.77	49.138
801.21	49.098
801.65	49.026
802.09	48.930
802.53	48.825
802.97	48.715
803.41	48.626
803.85	48.540
804.29	48.453
804.73	48.381
805.17	48.286
805.61	48.179
806.05	48.066
806.49	47.914
806.93	47.789
807.37	47.671
807.81	47.563
808.25	47.438
808.69	47.301
809.13	47.163
809.57	47.010
810.01	46.846
810.44	46.672
810.88	46.503
811.32	46.344
811.76	46.185
812.20	46.022
812.64	45.847
813.08	45.656
813.52	45.440
813.96	45.206
814.40	45.015
814.84	44.847
815.28	44.659
815.72	44.481
816.16	44.287
816.59	44.089
817.03	43.883
817.47	43.676
817.91	43.499
818.35	43.330
818.79	43.158
819.23	42.979
819.67	42.791
820.11	42.622
820.54	42.419
820.98	42.203
821.42	41.997
821.86	41.784
822.30	41.574
822.74	41.383
823.18	41.188
823.62	40.974
824.05	40.757
824.49	40.555
824.93	40.362
825.37	40.174
825.81	39.980
826.25	39.779
826.69	39.552
827.12	39.305
827.56	39.067
828.00	38.842
828.44	38.623
828.88	38.418
829.32	38.192
829.75	37.990
830.19	37.794
830.63	37.589
831.07	37.396
831.51	37.194
831.94	36.983
832.38	36.784
832.82	36.598
833.26	36.429
833.70	36.268
834.13	36.099
834.57	35.931
835.01	35.757
835.45	35.599
835.89	35.472
836.32	35.354
836.76	35.222
837.20	35.071
837.64	34.942
838.08	34.831
838.51	34.744
838.95	34.660
839.39	34.575
839.83	34.496
840.26	34.421
840.70	34.363
841.14	34.310
841.58	34.266
842.01	34.225
842.45	34.180
842.89	34.121
843.33	34.057
843.76	34.010
844.20	33.979
844.64	33.949
845.08	33.918
845.51	33.888
845.95	33.876
846.39	33.871
846.82	33.853
847.26	33.826
847.70	33.794
848.14	33.765
848.57	33.748
849.01	33.742
849.45	33.731
849.88	33.725
850.32	33.734
850.76	33.763
851.19	33.798
851.63	33.844
852.07	33.905
852.50	33.976
852.94	34.019
853.38	34.060
853.81	34.114
854.25	34.179
854.69	34.265
855.12	34.357
855.56	34.463
856.00	34.572
856.43	34.698
856.87	34.822
857.31	34.963
857.74	35.103
858.18	35.220
858.62	35.352
859.05	35.483
859.49	35.602
859.93	35.704
860.36	35.825
860.80	35.946
861.24	36.067
861.67	36.188
862.11	36.316
862.54	36.453
862.98	36.594
863.42	36.762
863.85	36.928
864.29	37.093
864.72	37.266
865.16	37.418
865.60	37.576
866.03	37.738
866.47	37.884
866.90	38.030
867.34	38.220
867.78	38.421
868.21	38.639
868.65	38.878
869.08	39.121
869.52	39.330
869.95	39.519
870.39	39.718
870.83	39.930
871.26	40.167
871.70	40.423
872.13	40.652
872.57	40.864
873.00	41.055
873.44	41.254
873.87	41.431
874.31	41.627
874.75	41.809
875.18	41.995
875.62	42.193
876.05	42.394
876.49	42.596
876.92	42.823
877.36	43.055
877.79	43.251
878.23	43.443
878.66	43.642
879.10	43.867
879.53	44.090
879.97	44.300
880.40	44.494
880.84	44.673
881.27	44.851
881.71	45.020
882.14	45.203
882.58	45.376
883.01	45.569
883.45	45.771
883.88	45.971
884.32	46.146
884.75	46.315
885.19	46.500
885.62	46.688
886.06	46.851
886.49	47.012
886.92	47.189
887.36	47.364
887.79	47.538
888.23	47.671
888.66	47.822
889.10	47.956
889.53	48.087
889.97	48.217
890.40	48.342
890.83	48.477
891.27	48.597
891.70	48.741
892.14	48.879
892.57	49.014
893.01	49.166
893.44	49.331
893.87	49.491
894.31	49.664
894.74	49.803
895.18	49.910
895.61	49.994
896.04	50.069
896.48	50.121
896.91	50.183
897.35	50.238
897.78	50.273
898.21	50.340
898.65	50.419
899.08	50.484
899.52	50.574
899.95	50.651
900.38	50.742
900.82	50.838
901.25	50.948
901.68	51.041
902.12	51.101
902.55	51.170
902.99	51.275
903.42	51.335
903.85	51.400
904.29	51.464
904.72	51.527
905.15	51.586
905.59	51.646
906.02	51.704
906.45	51.791
906.89	51.871
907.32	51.947
907.75	52.006
908.19	52.051
908.62	52.077
909.05	52.075
909.49	52.068
909.92	52.029
910.35	51.953
910.78	51.872
911.22	51.781
911.65	51.686
912.08	51.588
912.52	51.502
912.95	51.435
913.38	51.355
913.82	51.276
914.25	51.218
914.68	51.148
915.11	51.088
915.55	51.010
915.98	50.930
916.41	50.826
916.84	50.724
917.28	50.642
917.71	50.572
918.14	50.516
918.58	50.448
919.01	50.335
919.44	50.231
919.87	50.150
920.31	50.106
920.74	50.068
921.17	49.965
921.60	49.858
922.03	49.731
922.47	49.612
922.90	49.479
923.33	49.322
923.76	49.198
924.20	49.062
924.63	48.943
925.06	48.789
925.49	48.630
925.92	48.476
926.36	48.328
926.79	48.159
927.22	47.993
927.65	47.830
928.08	47.703
928.52	47.582
928.95	47.431
929.38	47.275
929.81	47.106
930.24	46.970
930.68	46.799
931.11	46.646
931.54	46.501
931.97	46.364
932.40	46.236
932.83	46.121
933.27	45.973
933.70	45.784
934.13	45.637
934.56	45.517
934.99	45.364
935.42	45.185
935.85	45.003
936.29	44.837
936.72	44.677
937.15	44.522
937.58	44.360
938.01	44.210
938.44	44.041
938.87	43.851
939.31	43.664
939.74	43.510
940.17	43.335
940.60	43.144
941.03	42.955
941.46	42.785
941.89	42.586
942.32	42.391
942.75	42.229
943.18	42.035
943.62	41.824
944.05	41.624
944.48	41.395
944.91	41.195
945.34	40.999
945.77	40.790
946.20	40.582
946.63	40.387
947.06	40.183
947.49	39.969
947.92	39.785
948.35	39.577
948.78	39.357
949.22	39.118
949.65	38.899
950.08	38.683
950.51	38.465
950.94	38.234
951.37	38.027
951.80	37.847
952.23	37.704
952.66	37.554
953.09	37.406
953.52	37.287
953.95	37.171
954.38	37.033
954.81	36.874
955.24	36.741
955.67	36.601
956.10	36.447
956.53	36.317
956.96	36.173
957.39	36.067
957.82	35.949
958.25	35.853
958.68	35.735
959.11	35.652
959.54	35.515
959.97	35.406
960.40	35.322
960.83	35.233
961.26	35.098
961.69	34.938
962.12	34.797
962.55	34.662
962.98	34.519
963.41	34.381
963.84	34.289
964.27	34.181
964.70	34.060
965.13	33.961
965.56	33.860
965.99	33.768
966.42	33.652
966.84	33.574
967.27	33.488
967.70	33.450
968.13	33.382
968.56	33.298
968.99	33.232
969.42	33.156
969.85	33.070
970.28	32.974
970.71	32.921
971.14	32.888
971.57	32.857
972.00	32.801
972.42	32.750
972.85	32.658
973.28	32.608
973.71	32.559
974.14	32.485
974.57	32.492
975.00	32.452
975.43	32.375
975.86	32.355
976.28	32.313
976.71	32.273
977.14	32.219
977.57	32.187
978.00	32.171
978.43	32.156
978.86	32.110
979.29	32.133
979.71	32.118
980.14	32.078
980.57	32.053
981.00	32.006
981.43	32.026
981.86	32.092
982.28	32.071
982.71	32.033
983.14	32.032
983.57	31.992
984.00	32.029
984.43	32.067
984.85	32.096
985.28	32.218
985.71	32.272
986.14	32.281
986.57	32.361
986.99	32.463
987.42	32.463
987.85	32.468
988.28	32.499
988.71	32.621
989.13	32.718
989.56	32.785
989.99	32.932
990.42	33.042
990.85	33.173
991.27	33.221
991.70	33.340
992.13	33.478
992.56	33.571
992.98	33.619
993.41	33.723
993.84	33.810
994.27	33.795
994.70	33.791
995.12	33.895
995.55	34.019
995.98	34.121
996.41	34.221
996.83	34.343
997.26	34.490
997.69	34.522
998.11	34.527
998.54	34.653
998.97	34.724
999.40	34.835
999.82	34.913
1000.25	35.071
1000.68	35.248
1001.11	35.383
1001.53	35.444
1001.96	35.529
1002.39	35.671
1002.81	35.786
1003.24	35.858
1003.67	36.010
1004.09	36.121
1004.52	36.247
1004.95	36.233
1005.38	36.329
1005.80	36.475
1006.23	36.551
1006.66	36.624
1007.08	36.750
1007.51	36.831
1007.94	36.884
1008.36	36.880
1008.79	36.888
1009.22	36.930
1009.64	37.010
1010.07	37.050
1010.50	37.105
1010.92	37.291
1011.35	37.495
1011.77	37.479
1012.20	37.566
1012.63	37.713
1013.05	37.865
1013.48	37.883
1013.91	37.974
1014.33	38.082
1014.76	38.233
1015.19	38.264
1015.61	38.234
1016.04	38.365
1016.46	38.475
1016.89	38.584
1017.32	38.721
1017.74	38.779
1018.17	38.924
1018.59	39.007
1019.02	39.049
1019.45	39.133
1019.87	39.121
1020.30	38.964
1020.72	39.084
1021.15	39.289
1021.58	39.378
1022.00	39.424
1022.43	39.506
1022.85	39.543
1023.28	39.722
1023.70	39.769
1024.13	39.701
1024.55	39.885
1024.98	39.908
1025.41	39.960
1025.83	39.986
1026.26	39.954
1026.68	40.146
1027.11	40.215
1027.53	40.046
1027.96	40.048
1028.38	40.145
1028.81	40.302
1029.23	40.436
1029.66	40.513
1030.08	40.544
1030.51	40.605
1030.94	40.493
1031.36	40.402
1031.79	40.529
1032.21	40.415
1032.64	40.347
1033.06	40.384
1033.49	40.313
1033.91	40.309
1034.34	40.152
1034.76	40.192
1035.19	40.293
1035.61	40.155
1036.03	40.031
1036.46	40.001
1036.88	40.030
1037.31	39.935
1037.73	39.753
1038.16	39.511
1038.58	39.326
1039.01	39.358
1039.43	39.233
1039.86	39.382
1040.28	39.412
1040.71	39.438
1041.13	39.419
1041.55	39.231
1041.98	39.377
1042.40	39.582
1042.83	39.546
1043.25	39.594
1043.68	39.361
1044.10	39.325
1044.52	39.318
1044.95	39.356
1045.37	39.344
1045.80	39.417
1046.22	39.582
1046.65	39.333
1047.07	39.563
1047.49	39.823
1047.92	39.552
1048.34	39.310
1048.77	39.139
1049.19	39.130
1049.61	38.748
1050.04	38.572
1050.46	38.488
1050.89	38.462
1051.31	38.498
1051.73	38.337
1052.16	38.178
1052.58	38.531
1053.00	38.447
1053.43	38.051
1053.85	37.894
1054.27	37.969
1054.70	37.702
1055.12	37.412
1055.55	37.490
1055.97	37.230
1056.39	36.863
1056.82	36.797
1057.24	36.594
1057.66	36.390
1058.09	36.208
1058.51	36.138
1058.93	35.630
1059.36	35.761
1059.78	35.456
1060.20	34.522
1060.62	34.322
1061.05	34.185
1061.47	33.850
1061.89	33.388
1062.32	33.041
1062.74	33.013
1063.16	32.972
1063.59	32.364
1064.01	31.922
1064.43	31.916
1064.85	31.893
1065.28	31.705
1065.70	30.857
1066.12	30.417
1066.55	30.239
1066.97	30.019
1067.39	29.573
1067.81	29.504
1068.24	29.223
1068.66	28.630
1069.08	28.227
1069.50	27.589
1069.93	27.421
1070.35	26.569
1070.77	25.981
1071.19	25.971
1071.62	25.639
1072.04	24.985
1072.46	24.620
1072.88	23.838
1073.31	23.276
1073.73	22.236
1074.15	21.324
1074.57	20.347
1075.00	20.418
1075.42	19.798
1075.84	18.574
1076.26	18.047
1076.68	17.296
1077.11	16.371
1077.53	15.655
1077.95	15.569
1078.37	15.220
1078.79	14.587
1079.22	13.603
1079.64	12.386
1080.06	11.516
1080.48	9.950
1080.90	8.666
1081.32	7.334
1081.75	6.991
1082.17	5.681
1082.59	3.867
1083.01	2.262
1083.43	1.820
1083.85	0.447
1084.28	-1.881
1084.70	-3.846
1085.12	-4.468
1085.54	-5.239
1085.96	-7.229
1086.38	-8.454
1086.80	-8.907
1087.23	-9.021
1087.65	-10.384
1088.07	-12.812
1088.49	-13.552
1088.91	-14.584
1089.33	-16.141
1089.75	-18.549
1090.17	-18.568
1090.60	-19.940
1091.02	-21.944
1091.44	-23.059
1091.86	-23.712
1092.28	-24.262
1092.70	-27.149
1093.12	-28.942
1093.54	-28.907
1093.96	-30.643
1094.38	-32.460
1094.81	-36.007
1095.23	-36.558
1095.65	-39.611
1096.07	-43.601
1096.49	-48.005
1096.91	-48.776
1097.33	-49.482
1097.75	-53.487
1098.17	-58.048
1098.59	-58.082
1099.01	-58.204
1099.43	-62.127
1099.85	-67.394
1100.27	-69.497
1100.69	-70.831
1101.11	-71.738
1101.53	-73.480
1101.95	-75.883
1102.38	-103.784
1102.80	-103.969
1103.22	-28.924
1103.64	-98.573
1104.06	-192.870
1104.48	-98.047
1104.90	-102.945
1105.32	-63.563
1105.74	-86.385
1106.16	-180.160
