188.40	-279.466
188.88	-203.394
189.35	367.131
189.83	940.000
190.30	-1792.157
190.78	-389.423
191.26	-76.329
191.73	979.245
192.21	-1850.725
192.68	-130.344
193.16	-961.289
193.63	-1121.145
194.11	-1154.995
194.58	-1066.500
195.06	-895.458
195.53	-574.263
196.01	-453.371
196.48	-400.241
196.96	-338.654
197.43	-289.541
197.91	-249.529
198.38	-216.537
198.86	-186.303
199.33	-152.132
199.81	-147.813
200.28	-147.510
200.76	-133.057
201.23	-119.643
201.71	-104.186
202.18	-97.185
202.66	-93.137
203.13	-86.157
203.61	-79.751
204.08	-77.328
204.55	-72.049
205.03	-66.610
205.50	-63.144
205.98	-64.662
206.45	-68.477
206.93	-65.746
207.40	-63.422
207.88	-63.206
208.35	-65.774
208.82	-69.092
209.30	-69.858
209.77	-66.796
210.25	-66.585
210.72	-66.031
211.20	-64.904
211.67	-62.698
212.14	-64.676
212.62	-64.566
213.09	-59.887
213.57	-57.211
214.04	-56.217
214.52	-55.352
214.99	-53.265
215.46	-52.248
215.94	-53.833
216.41	-53.386
216.89	-51.029
217.36	-50.161
217.83	-54.139
218.31	-52.343
218.78	-49.586
219.25	-46.598
219.73	-47.137
220.20	-49.679
220.68	-45.975
221.15	-45.965
221.62	-49.221
222.10	-49.161
222.57	-47.367
223.04	-45.142
223.52	-47.501
223.99	-52.675
224.47	-50.746
224.94	-51.330
225.41	-51.942
225.89	-51.959
226.36	-52.482
226.83	-51.508
227.31	-53.403
227.78	-54.511
228.25	-51.762
228.73	-49.431
229.20	-50.449
229.67	-53.724
230.15	-53.820
230.62	-50.871
231.09	-53.593
231.57	-56.841
232.04	-52.635
232.51	-51.790
232.98	-55.095
233.46	-55.628
233.93	-54.973
234.40	-53.557
234.88	-54.224
235.35	-58.867
235.82	-55.475
236.30	-50.209
236.77	-50.988
237.24	-53.928
237.71	-54.322
238.19	-52.484
238.66	-54.199
239.13	-59.380
239.61	-56.875
240.08	-53.402
240.55	-55.686
241.02	-52.703
241.50	-51.432
241.97	-48.018
242.44	-48.316
242.91	-51.032
243.39	-50.981
243.86	-47.405
244.33	-46.914
244.80	-48.221
245.28	-49.025
245.75	-46.817
246.22	-48.175
246.69	-51.266
247.17	-49.222
247.64	-48.628
248.11	-49.171
248.58	-49.187
249.05	-49.391
249.53	-44.803
250.00	-44.656
250.47	-47.101
250.94	-49.819
251.42	-48.110
251.89	-46.722
252.36	-46.826
252.83	-47.593
253.30	-43.221
253.78	-41.617
254.25	-44.178
254.72	-44.454
255.19	-43.825
255.66	-42.777
256.13	-45.455
256.61	-46.076
257.08	-43.246
257.55	-41.647
258.02	-42.576
258.49	-44.715
258.97	-44.281
259.44	-46.026
259.91	-47.440
260.38	-48.659
260.85	-45.141
261.32	-43.925
261.79	-46.733
262.27	-49.688
262.74	-50.520
263.21	-48.242
263.68	-52.104
264.15	-55.159
264.62	-54.082
265.09	-53.931
265.57	-56.452
266.04	-58.927
266.51	-58.143
266.98	-57.150
267.45	-57.544
267.92	-61.125
268.39	-56.820
268.86	-55.304
269.34	-53.270
269.81	-54.557
270.28	-54.663
270.75	-50.071
271.22	-51.550
271.69	-52.432
272.16	-47.908
272.63	-44.644
273.10	-45.397
273.57	-44.286
274.05	-43.015
274.52	-39.381
274.99	-38.481
275.46	-38.926
275.93	-36.678
276.40	-36.414
276.87	-35.624
277.34	-36.962
277.81	-37.736
278.28	-37.211
278.75	-36.634
279.22	-40.146
279.69	-40.067
280.16	-39.222
280.63	-39.042
281.11	-39.871
281.58	-43.611
282.05	-41.303
282.52	-39.903
282.99	-41.916
283.46	-42.991
283.93	-42.244
284.40	-40.970
284.87	-40.684
285.34	-42.769
285.81	-40.961
286.28	-38.160
286.75	-39.619
287.22	-39.912
287.69	-38.364
288.16	-36.359
288.63	-35.989
289.10	-36.552
289.57	-33.144
290.04	-30.427
290.51	-32.368
290.98	-32.654
291.45	-30.296
291.92	-30.266
292.39	-31.154
292.86	-34.786
293.33	-31.968
293.80	-30.039
294.27	-33.073
294.74	-35.528
295.21	-34.832
295.68	-32.425
296.15	-35.138
296.62	-37.947
297.09	-36.016
297.56	-35.491
298.03	-35.409
298.49	-37.287
298.96	-36.886
299.43	-34.979
299.90	-36.724
300.37	-39.693
300.84	-38.696
301.31	-36.819
301.78	-37.728
302.25	-38.825
302.72	-36.502
303.19	-34.970
303.66	-33.558
304.13	-35.656
304.60	-33.408
305.07	-31.244
305.53	-30.853
306.00	-31.544
306.47	-31.679
306.94	-29.045
307.41	-28.676
307.88	-31.153
308.35	-29.596
308.82	-27.530
309.29	-27.469
309.76	-26.907
310.22	-26.528
310.69	-25.051
311.16	-24.652
311.63	-25.670
312.10	-24.933
312.57	-24.276
313.04	-24.859
313.51	-26.621
313.97	-26.460
314.44	-25.361
314.91	-25.837
315.38	-28.115
315.85	-26.656
316.32	-24.120
316.79	-23.580
317.25	-23.547
317.72	-25.245
318.19	-24.029
318.66	-23.482
319.13	-24.176
319.60	-25.437
320.07	-24.215
320.53	-23.023
321.00	-23.147
321.47	-24.165
321.94	-22.825
322.41	-22.362
322.87	-22.262
323.34	-21.836
323.81	-20.268
324.28	-18.767
324.75	-18.917
325.22	-18.952
325.68	-17.407
326.15	-16.599
326.62	-18.131
327.09	-18.621
327.56	-17.530
328.02	-16.001
328.49	-16.902
328.96	-18.424
329.43	-16.735
329.89	-16.689
330.36	-16.909
330.83	-18.486
331.30	-17.466
331.77	-16.440
332.23	-15.501
332.70	-16.748
333.17	-16.978
333.64	-16.343
334.10	-15.683
334.57	-15.275
335.04	-15.556
335.51	-14.371
335.97	-14.146
336.44	-14.015
336.91	-13.727
337.38	-13.228
337.84	-13.782
338.31	-13.199
338.78	-13.258
339.24	-12.127
339.71	-10.683
340.18	-10.831
340.65	-9.776
341.11	-9.059
341.58	-8.667
342.05	-8.901
342.52	-8.715
342.98	-7.562
343.45	-6.865
343.92	-7.819
344.38	-7.519
344.85	-6.660
345.32	-6.843
345.78	-7.204
346.25	-7.437
346.72	-6.271
347.18	-5.015
347.65	-5.290
348.12	-4.786
348.58	-3.772
349.05	-3.822
349.52	-4.074
349.99	-4.504
350.45	-3.411
350.92	-3.077
351.38	-3.497
351.85	-3.107
352.32	-2.567
352.78	-1.952
353.25	-1.891
353.72	-1.791
354.18	-1.181
354.65	-0.885
355.12	-0.991
355.58	-0.562
356.05	-0.085
356.52	0.240
356.98	-0.016
357.45	0.263
357.91	0.598
358.38	0.739
358.85	0.660
359.31	0.798
359.78	1.103
360.25	1.150
360.71	1.229
361.18	1.138
361.64	1.382
362.11	1.589
362.58	1.356
363.04	1.372
363.51	1.597
363.97	1.791
364.44	1.877
364.91	1.882
365.37	1.986
365.84	2.120
366.30	2.033
366.77	1.921
367.23	1.915
367.70	2.065
368.17	2.087
368.63	2.063
369.10	2.093
369.56	2.282
370.03	2.295
370.49	2.321
370.96	2.309
371.42	2.474
371.89	2.616
372.36	2.647
372.82	2.740
373.29	2.908
373.75	2.927
374.22	3.063
374.68	3.085
375.15	3.341
375.61	3.412
376.08	3.348
376.54	3.550
377.01	3.636
377.47	3.653
377.94	3.657
378.40	3.643
378.87	3.806
379.33	3.846
379.80	3.739
380.26	3.750
380.73	3.830
381.19	3.861
381.66	3.731
382.12	3.717
382.59	3.840
383.05	3.781
383.52	3.664
383.98	3.595
384.45	3.657
384.91	3.621
385.38	3.605
385.84	3.595
386.31	3.633
386.77	3.622
387.24	3.612
387.70	3.739
388.16	3.878
388.63	3.984
389.09	4.020
389.56	4.044
390.02	4.190
390.49	4.293
390.95	4.286
391.42	4.414
391.88	4.510
392.34	4.550
392.81	4.657
393.27	4.725
393.74	4.877
394.20	4.956
394.67	4.965
395.13	5.041
395.59	5.158
396.06	5.250
396.52	5.294
396.99	5.276
397.45	5.285
397.91	5.275
398.38	5.121
398.84	5.073
399.31	5.080
399.77	5.075
400.23	5.084
400.70	4.995
401.16	4.950
401.63	4.887
402.09	4.818
402.55	4.748
403.02	4.690
403.48	4.639
403.94	4.605
404.41	4.550
404.87	4.549
405.33	4.541
405.80	4.527
406.26	4.544
406.73	4.552
407.19	4.625
407.65	4.689
408.12	4.789
408.58	4.932
409.04	5.075
409.51	5.165
409.97	5.252
410.43	5.401
410.90	5.630
411.36	5.830
411.82	5.987
412.29	6.241
412.75	6.462
413.21	6.668
413.67	6.874
414.14	7.084
414.60	7.294
415.06	7.498
415.53	7.647
415.99	7.835
416.45	8.036
416.92	8.165
417.38	8.300
417.84	8.406
418.30	8.489
418.77	8.534
419.23	8.535
419.69	8.557
420.16	8.571
420.62	8.506
421.08	8.435
421.54	8.343
422.01	8.229
422.47	8.123
422.93	7.969
423.39	7.824
423.86	7.689
424.32	7.545
424.78	7.395
425.24	7.237
425.71	7.131
426.17	7.005
426.63	6.886
427.09	6.786
427.56	6.706
428.02	6.649
428.48	6.593
428.94	6.511
429.41	6.452
429.87	6.417
430.33	6.516
430.79	6.675
431.25	6.882
431.72	7.126
432.18	7.380
432.64	7.653
433.10	7.995
433.56	8.331
434.03	8.672
434.49	9.061
434.95	9.463
435.41	9.875
435.87	10.268
436.34	10.656
436.80	11.080
437.26	11.497
437.72	11.898
438.18	12.296
438.64	12.729
439.11	13.155
439.57	13.537
440.03	13.798
440.49	14.043
440.95	14.243
441.41	14.374
441.88	14.508
442.34	14.626
442.80	14.698
443.26	14.723
443.72	14.695
444.18	14.635
444.64	14.548
445.11	14.412
445.57	14.265
446.03	14.095
446.49	13.902
446.95	13.689
447.41	13.443
447.87	13.211
448.33	12.978
448.79	12.722
449.26	12.475
449.72	12.240
450.18	12.039
450.64	11.839
451.10	11.647
451.56	11.483
452.02	11.342
452.48	11.222
452.94	11.128
453.40	11.087
453.87	11.095
454.33	11.132
454.79	11.193
455.25	11.307
455.71	11.453
456.17	11.645
456.63	11.888
457.09	12.156
457.55	12.475
458.01	12.814
458.47	13.192
458.93	13.608
459.39	14.048
459.85	14.491
460.31	14.951
460.77	15.427
461.24	15.939
461.70	16.449
462.16	16.944
462.62	17.465
463.08	17.976
463.54	18.466
464.00	18.950
464.46	19.415
464.92	19.860
465.38	20.280
465.84	20.667
466.30	21.019
466.76	21.359
467.22	21.653
467.68	21.912
468.14	22.134
468.60	22.320
469.06	22.473
469.52	22.565
469.98	22.641
470.44	22.673
470.90	22.658
471.36	22.611
471.82	22.521
472.28	22.407
472.74	22.258
473.20	22.069
473.66	21.856
474.12	21.619
474.58	21.359
475.04	21.082
475.50	20.779
475.95	20.477
476.41	20.158
476.87	19.832
477.33	19.499
477.79	19.175
478.25	18.861
478.71	18.542
479.17	18.236
479.63	17.954
480.09	17.692
480.55	17.443
481.01	17.224
481.47	17.041
481.93	16.887
482.39	16.771
482.84	16.687
483.30	16.653
483.76	16.655
484.22	16.689
484.68	16.760
485.14	16.877
485.60	17.035
486.06	17.231
486.52	17.460
486.98	17.740
487.44	18.050
487.89	18.394
488.35	18.774
488.81	19.180
489.27	19.614
489.73	20.073
490.19	20.556
490.65	21.063
491.11	21.588
491.56	22.120
492.02	22.647
492.48	23.185
492.94	23.731
493.40	24.268
493.86	24.801
494.32	25.329
494.77	25.843
495.23	26.338
495.69	26.814
496.15	27.271
496.61	27.717
497.07	28.133
497.52	28.522
497.98	28.888
498.44	29.236
498.90	29.550
499.36	29.829
499.82	30.068
500.27	30.274
500.73	30.448
501.19	30.582
501.65	30.692
502.11	30.770
502.56	30.817
503.02	30.819
503.48	30.793
503.94	30.742
504.40	30.660
504.85	30.538
505.31	30.401
505.77	30.233
506.23	30.037
506.69	29.819
507.14	29.570
507.60	29.308
508.06	29.018
508.52	28.706
508.97	28.385
509.43	28.052
509.89	27.705
510.35	27.352
510.80	26.989
511.26	26.639
511.72	26.285
512.18	25.921
512.63	25.571
513.09	25.226
513.55	24.893
514.01	24.573
514.46	24.269
514.92	23.981
515.38	23.718
515.84	23.470
516.29	23.250
516.75	23.060
517.21	22.899
517.66	22.756
518.12	22.649
518.58	22.574
519.04	22.539
519.49	22.537
519.95	22.567
520.41	22.633
520.86	22.731
521.32	22.860
521.78	23.021
522.23	23.220
522.69	23.453
523.15	23.719
523.61	24.009
524.06	24.331
524.52	24.687
524.98	25.061
525.43	25.456
525.89	25.872
526.35	26.299
526.80	26.744
527.26	27.214
527.72	27.694
528.17	28.185
528.63	28.679
529.09	29.178
529.54	29.677
530.00	30.186
530.45	30.685
530.91	31.185
531.37	31.670
531.82	32.152
532.28	32.620
532.74	33.071
533.19	33.510
533.65	33.921
534.10	34.308
534.56	34.674
535.02	35.014
535.47	35.338
535.93	35.650
536.39	35.935
536.84	36.193
537.30	36.426
537.75	36.632
538.21	36.806
538.67	36.950
539.12	37.074
539.58	37.170
540.03	37.239
540.49	37.285
540.94	37.310
541.40	37.302
541.86	37.270
542.31	37.203
542.77	37.122
543.22	37.026
543.68	36.907
544.13	36.769
544.59	36.612
545.05	36.432
545.50	36.223
545.96	35.990
546.41	35.742
546.87	35.484
547.32	35.207
547.78	34.919
548.23	34.619
548.69	34.306
549.14	33.973
549.60	33.634
550.06	33.289
550.51	32.942
550.97	32.591
551.42	32.228
551.88	31.869
552.33	31.508
552.79	31.152
553.24	30.797
553.70	30.456
554.15	30.128
554.61	29.811
555.06	29.505
555.52	29.210
555.97	28.937
556.43	28.677
556.88	28.431
557.34	28.216
557.79	28.025
558.25	27.858
558.70	27.716
559.15	27.595
559.61	27.504
560.06	27.434
560.52	27.392
560.97	27.389
561.43	27.417
561.88	27.477
562.34	27.564
562.79	27.676
563.25	27.817
563.70	27.976
564.16	28.163
564.61	28.387
565.06	28.638
565.52	28.909
565.97	29.204
566.43	29.525
566.88	29.869
567.34	30.232
567.79	30.607
568.24	31.008
568.70	31.423
569.15	31.841
569.61	32.281
570.06	32.726
570.51	33.185
570.97	33.654
571.42	34.119
571.88	34.601
572.33	35.084
572.78	35.564
573.24	36.045
573.69	36.519
574.15	36.990
574.60	37.458
575.05	37.915
575.51	38.374
575.96	38.824
576.42	39.271
576.87	39.701
577.32	40.127
577.78	40.533
578.23	40.934
578.68	41.320
579.14	41.691
579.59	42.043
580.04	42.372
580.50	42.677
580.95	42.965
581.40	43.231
581.86	43.482
582.31	43.715
582.76	43.939
583.22	44.146
583.67	44.326
584.12	44.488
584.58	44.623
585.03	44.732
585.48	44.812
585.94	44.854
586.39	44.873
586.84	44.880
587.30	44.878
587.75	44.844
588.20	44.792
588.66	44.721
589.11	44.631
589.56	44.529
590.01	44.404
590.47	44.261
590.92	44.100
591.37	43.923
591.83	43.716
592.28	43.490
592.73	43.251
593.18	42.998
593.64	42.733
594.09	42.448
594.54	42.161
594.99	41.872
595.45	41.570
595.90	41.260
596.35	40.930
596.80	40.584
597.26	40.235
597.71	39.875
598.16	39.509
598.61	39.142
599.07	38.766
599.52	38.386
599.97	38.009
600.42	37.632
600.88	37.247
601.33	36.870
601.78	36.502
602.23	36.129
602.69	35.761
603.14	35.399
603.59	35.048
604.04	34.700
604.49	34.359
604.95	34.028
605.40	33.724
605.85	33.437
606.30	33.159
606.75	32.900
607.21	32.663
607.66	32.440
608.11	32.235
608.56	32.045
609.01	31.884
609.46	31.739
609.92	31.611
610.37	31.513
610.82	31.439
611.27	31.385
611.72	31.360
612.17	31.353
612.63	31.368
613.08	31.407
613.53	31.466
613.98	31.557
614.43	31.672
614.88	31.804
615.34	31.947
615.79	32.110
616.24	32.294
616.69	32.495
617.14	32.719
617.59	32.959
618.04	33.216
618.49	33.491
618.95	33.775
619.40	34.073
619.85	34.394
620.30	34.724
620.75	35.057
621.20	35.405
621.65	35.763
622.10	36.133
622.55	36.510
623.00	36.893
623.46	37.278
623.91	37.659
624.36	38.043
624.81	38.436
625.26	38.830
625.71	39.226
626.16	39.625
626.61	40.018
627.06	40.410
627.51	40.805
627.96	41.192
628.41	41.579
628.86	41.949
629.32	42.314
629.77	42.677
630.22	43.029
630.67	43.374
631.12	43.712
631.57	44.044
632.02	44.367
632.47	44.672
632.92	44.979
633.37	45.285
633.82	45.569
634.27	45.836
634.72	46.096
635.17	46.341
635.62	46.567
636.07	46.775
636.52	46.962
636.97	47.139
637.42	47.300
637.87	47.448
638.32	47.587
638.77	47.713
639.22	47.827
639.67	47.927
640.12	48.012
640.57	48.082
641.02	48.124
641.47	48.150
641.92	48.173
642.37	48.166
642.82	48.131
643.27	48.082
643.72	48.024
644.17	47.950
644.62	47.863
645.07	47.760
645.52	47.658
645.97	47.549
646.42	47.416
646.87	47.273
647.32	47.140
647.77	47.003
648.22	46.840
648.66	46.656
649.11	46.452
649.56	46.228
650.01	46.001
650.46	45.776
650.91	45.548
651.36	45.296
651.81	45.032
652.26	44.775
652.71	44.499
653.16	44.221
653.61	43.931
654.06	43.634
654.50	43.334
654.95	43.017
655.40	42.694
655.85	42.373
656.30	42.043
656.75	41.693
657.20	41.339
657.65	40.990
658.10	40.635
658.55	40.299
658.99	39.972
659.44	39.639
659.89	39.302
660.34	38.962
660.79	38.627
661.24	38.302
661.69	37.982
662.13	37.678
662.58	37.367
663.03	37.066
663.48	36.768
663.93	36.480
664.38	36.202
664.83	35.933
665.27	35.668
665.72	35.407
666.17	35.160
666.62	34.918
667.07	34.685
667.52	34.476
667.96	34.259
668.41	34.048
668.86	33.859
669.31	33.680
669.76	33.524
670.21	33.378
670.65	33.249
671.10	33.130
671.55	33.025
672.00	32.937
672.45	32.872
672.89	32.819
673.34	32.774
673.79	32.741
674.24	32.718
674.68	32.712
675.13	32.728
675.58	32.757
676.03	32.803
676.48	32.852
676.92	32.914
677.37	33.001
677.82	33.101
678.27	33.204
678.71	33.321
679.16	33.446
679.61	33.587
680.06	33.742
680.50	33.904
680.95	34.090
681.40	34.284
681.85	34.471
682.29	34.673
682.74	34.890
683.19	35.113
683.64	35.351
684.08	35.604
684.53	35.861
684.98	36.135
685.43	36.415
685.87	36.703
686.32	36.990
686.77	37.273
687.21	37.550
687.66	37.853
688.11	38.164
688.55	38.468
689.00	38.771
689.45	39.090
689.90	39.418
690.34	39.728
690.79	40.032
691.24	40.357
691.68	40.681
692.13	40.987
692.58	41.286
693.02	41.592
693.47	41.891
693.92	42.182
694.36	42.453
694.81	42.741
695.26	43.023
695.70	43.293
696.15	43.568
696.60	43.853
697.04	44.119
697.49	44.365
697.94	44.592
698.38	44.841
698.83	45.071
699.27	45.292
699.72	45.494
700.17	45.707
700.61	45.912
701.06	46.111
701.51	46.307
701.95	46.510
702.40	46.705
702.84	46.888
703.29	47.063
703.74	47.225
704.18	47.372
704.63	47.510
705.07	47.646
705.52	47.772
705.97	47.886
706.41	47.979
706.86	48.061
707.30	48.164
707.75	48.262
708.20	48.334
708.64	48.378
709.09	48.419
709.53	48.452
709.98	48.470
710.42	48.460
710.87	48.435
711.32	48.404
711.76	48.356
712.21	48.303
712.65	48.247
713.10	48.193
713.54	48.125
713.99	48.053
714.43	47.977
714.88	47.875
715.33	47.750
715.77	47.635
716.22	47.528
716.66	47.399
717.11	47.240
717.55	47.099
718.00	46.958
718.44	46.813
718.89	46.639
719.33	46.471
719.78	46.319
720.22	46.166
720.67	46.000
721.11	45.828
721.56	45.652
722.00	45.460
722.45	45.250
722.89	45.039
723.34	44.829
723.78	44.631
724.23	44.431
724.67	44.230
725.12	44.011
725.56	43.785
726.01	43.551
726.45	43.309
726.90	43.048
727.34	42.783
727.78	42.533
728.23	42.285
728.67	42.013
729.12	41.743
729.56	41.479
730.01	41.205
730.45	40.919
730.90	40.624
731.34	40.355
731.79	40.094
732.23	39.814
732.67	39.522
733.12	39.221
733.56	38.952
734.01	38.687
734.45	38.409
734.89	38.144
735.34	37.901
735.78	37.661
736.23	37.418
736.67	37.174
737.12	36.929
737.56	36.695
738.00	36.465
738.45	36.240
738.89	36.018
739.34	35.825
739.78	35.657
740.22	35.487
740.67	35.297
741.11	35.106
741.55	34.941
742.00	34.786
742.44	34.624
742.89	34.447
743.33	34.297
743.77	34.171
744.22	34.050
744.66	33.910
745.10	33.777
745.55	33.655
745.99	33.563
746.43	33.479
746.88	33.395
747.32	33.314
747.76	33.250
748.21	33.210
748.65	33.156
749.09	33.095
749.54	33.039
749.98	33.011
750.42	33.007
750.87	32.991
751.31	32.979
751.75	32.992
752.20	33.029
752.64	33.078
753.08	33.118
753.53	33.147
753.97	33.209
754.41	33.282
754.85	33.373
755.30	33.461
755.74	33.553
756.18	33.679
756.63	33.828
757.07	33.972
757.51	34.097
757.95	34.232
758.40	34.389
758.84	34.557
759.28	34.720
759.72	34.889
760.17	35.070
760.61	35.263
761.05	35.468
761.50	35.658
761.94	35.835
762.38	36.022
762.82	36.241
763.26	36.460
763.71	36.676
764.15	36.880
764.59	37.080
765.03	37.279
765.48	37.478
765.92	37.660
766.36	37.838
766.80	38.053
767.25	38.274
767.69	38.485
768.13	38.719
768.57	38.964
769.01	39.204
769.46	39.438
769.90	39.668
770.34	39.893
770.78	40.124
771.22	40.372
771.67	40.643
772.11	40.903
772.55	41.149
772.99	41.380
773.43	41.603
773.87	41.862
774.32	42.126
774.76	42.371
775.20	42.610
775.64	42.860
776.08	43.120
776.52	43.364
776.97	43.599
777.41	43.823
777.85	44.035
778.29	44.255
778.73	44.487
779.17	44.730
779.62	44.961
780.06	45.181
780.50	45.391
780.94	45.591
781.38	45.777
781.82	45.968
782.26	46.172
782.70	46.388
783.15	46.583
783.59	46.772
784.03	46.941
784.47	47.119
784.91	47.267
785.35	47.402
785.79	47.541
786.23	47.686
786.67	47.820
787.11	47.945
787.56	48.055
788.00	48.171
788.44	48.273
788.88	48.375
789.32	48.462
789.76	48.550
790.20	48.639
790.64	48.736
791.08	48.828
791.52	48.903
791.96	48.952
792.40	49.001
792.84	49.066
793.28	49.149
793.73	49.228
794.17	49.302
794.61	49.345
795.05	49.402
795.49	49.424
795.93	49.434
796.37	49.437
796.81	49.446
797.25	49.467
797.69	49.455
798.13	49.432
798.57	49.416
799.01	49.397
799.45	49.331
799.89	49.248
800.33	49.171
800.77	49.126
801.21	49.082
801.65	49.007
802.09	48.909
802.53	48.795
802.97	48.684
803.41	48.588
803.85	48.495
804.29	48.406
804.73	48.338
805.17	48.237
805.61	48.134
806.05	48.019
806.49	47.862
806.93	47.735
807.37	47.609
807.81	47.510
808.25	47.384
808.69	47.253
809.13	47.123
809.57	46.980
810.01	46.818
810.44	46.649
810.88	46.483
811.32	46.328
811.76	46.186
812.20	46.011
812.64	45.834
813.08	45.649
813.52	45.437
813.96	45.205
814.40	45.010
814.84	44.836
815.28	44.652
815.72	44.473
816.16	44.281
816.59	44.095
817.03	43.885
817.47	43.686
817.91	43.513
818.35	43.348
818.79	43.178
819.23	42.997
819.67	42.805
820.11	42.626
820.54	42.423
820.98	42.201
821.42	41.994
821.86	41.782
822.30	41.577
822.74	41.380
823.18	41.183
823.62	40.975
824.05	40.759
824.49	40.563
824.93	40.358
825.37	40.172
825.81	39.981
826.25	39.774
826.69	39.537
827.12	39.290
827.56	39.053
828.00	38.826
828.44	38.611
828.88	38.413
829.32	38.192
829.75	37.988
830.19	37.790
830.63	37.591
831.07	37.403
831.51	37.201
831.94	36.989
832.38	36.788
832.82	36.614
833.26	36.450
833.70	36.277
834.13	36.113
834.57	35.940
835.01	35.764
835.45	35.615
835.89	35.491
836.32	35.378
836.76	35.251
837.20	35.103
837.64	34.957
838.08	34.841
838.51	34.758
838.95	34.670
839.39	34.590
839.83	34.512
840.26	34.430
840.70	34.370
841.14	34.312
841.58	34.278
842.01	34.234
842.45	34.182
842.89	34.128
843.33	34.070
843.76	34.039
844.20	34.003
844.64	33.970
845.08	33.941
845.51	33.908
845.95	33.886
846.39	33.878
846.82	33.866
847.26	33.853
847.70	33.816
848.14	33.781
848.57	33.766
849.01	33.770
849.45	33.761
849.88	33.754
850.32	33.772
850.76	33.798
851.19	33.833
851.63	33.867
852.07	33.934
852.50	34.005
852.94	34.033
853.38	34.073
853.81	34.120
854.25	34.196
854.69	34.279
855.12	34.365
855.56	34.470
856.00	34.581
856.43	34.694
856.87	34.821
857.31	34.965
857.74	35.115
858.18	35.239
858.62	35.360
859.05	35.496
859.49	35.617
859.93	35.720
860.36	35.836
860.80	35.966
861.24	36.095
861.67	36.207
862.11	36.319
862.54	36.458
862.98	36.612
863.42	36.774
863.85	36.937
864.29	37.096
864.72	37.269
865.16	37.433
865.60	37.586
866.03	37.749
866.47	37.899
866.90	38.040
867.34	38.210
867.78	38.413
868.21	38.639
868.65	38.871
869.08	39.108
869.52	39.324
869.95	39.517
870.39	39.706
870.83	39.924
871.26	40.169
871.70	40.431
872.13	40.658
872.57	40.856
873.00	41.044
873.44	41.248
873.87	41.434
874.31	41.619
874.75	41.808
875.18	42.008
875.62	42.202
876.05	42.395
876.49	42.600
876.92	42.836
877.36	43.063
877.79	43.263
878.23	43.443
878.66	43.646
879.10	43.869
879.53	44.082
879.97	44.290
880.40	44.486
880.84	44.685
881.27	44.865
881.71	45.032
882.14	45.224
882.58	45.399
883.01	45.584
883.45	45.789
883.88	45.985
884.32	46.163
884.75	46.337
885.19	46.505
885.62	46.696
886.06	46.867
886.49	47.017
886.92	47.181
887.36	47.362
887.79	47.547
888.23	47.695
888.66	47.838
889.10	47.976
889.53	48.108
889.97	48.216
890.40	48.331
890.83	48.447
891.27	48.577
891.70	48.721
892.14	48.851
892.57	48.987
893.01	49.148
893.44	49.300
893.87	49.462
894.31	49.637
894.74	49.789
895.18	49.880
895.61	49.958
896.04	50.026
896.48	50.078
896.91	50.127
897.35	50.164
897.78	50.193
898.21	50.265
898.65	50.356
899.08	50.413
899.52	50.500
899.95	50.609
900.38	50.707
900.82	50.789
901.25	50.880
901.68	50.982
902.12	51.046
902.55	51.097
902.99	51.180
903.42	51.243
903.85	51.304
904.29	51.379
904.72	51.431
905.15	51.519
905.59	51.598
906.02	51.646
906.45	51.745
906.89	51.836
907.32	51.913
907.75	51.957
908.19	51.986
908.62	52.020
909.05	52.017
909.49	51.975
909.92	51.936
910.35	51.889
910.78	51.815
911.22	51.712
911.65	51.623
912.08	51.541
912.52	51.473
912.95	51.385
913.38	51.273
913.82	51.185
914.25	51.134
914.68	51.063
915.11	50.979
915.55	50.902
915.98	50.842
916.41	50.733
916.84	50.630
917.28	50.538
917.71	50.475
918.14	50.416
918.58	50.347
919.01	50.266
919.44	50.177
919.87	50.105
920.31	50.071
920.74	50.025
921.17	49.952
921.60	49.847
922.03	49.722
922.47	49.626
922.90	49.513
923.33	49.353
923.76	49.224
924.20	49.099
924.63	48.981
925.06	48.828
925.49	48.646
925.92	48.512
926.36	48.391
926.79	48.223
927.22	48.054
927.65	47.896
928.08	47.778
928.52	47.635
928.95	47.439
929.38	47.268
929.81	47.102
930.24	46.924
930.68	46.758
931.11	46.589
931.54	46.462
931.97	46.337
932.40	46.177
932.83	46.052
933.27	45.918
933.70	45.736
934.13	45.562
934.56	45.415
934.99	45.249
935.42	45.094
935.85	44.913
936.29	44.730
936.72	44.573
937.15	44.407
937.58	44.236
938.01	44.074
938.44	43.907
938.87	43.751
939.31	43.568
939.74	43.407
940.17	43.245
940.60	43.070
941.03	42.874
941.46	42.688
941.89	42.501
942.32	42.307
942.75	42.118
943.18	41.956
943.62	41.788
944.05	41.606
944.48	41.354
944.91	41.128
945.34	40.971
945.77	40.776
946.20	40.571
946.63	40.373
947.06	40.169
947.49	39.986
947.92	39.776
948.35	39.542
948.78	39.302
949.22	39.096
949.65	38.862
950.08	38.635
950.51	38.412
950.94	38.220
951.37	38.004
951.80	37.792
952.23	37.609
952.66	37.481
953.09	37.345
953.52	37.217
953.95	37.074
954.38	36.927
954.81	36.789
955.24	36.590
955.67	36.455
956.10	36.333
956.53	36.197
956.96	36.058
957.39	35.947
957.82	35.885
958.25	35.764
958.68	35.593
959.11	35.507
959.54	35.417
959.97	35.310
960.40	35.240
960.83	35.165
961.26	35.110
961.69	34.964
962.12	34.769
962.55	34.617
962.98	34.509
963.41	34.405
963.84	34.286
964.27	34.173
964.70	34.092
965.13	34.031
965.56	33.879
965.99	33.790
966.42	33.700
966.84	33.604
967.27	33.510
967.70	33.449
968.13	33.406
968.56	33.354
968.99	33.262
969.42	33.164
969.85	33.067
970.28	32.964
970.71	32.898
971.14	32.809
971.57	32.817
972.00	32.777
972.42	32.655
972.85	32.583
973.28	32.546
973.71	32.509
974.14	32.419
974.57	32.366
975.00	32.339
975.43	32.309
975.86	32.272
976.28	32.240
976.71	32.213
977.14	32.208
977.57	32.137
978.00	32.031
978.43	32.054
978.86	32.053
979.29	32.014
979.71	31.990
980.14	32.003
980.57	32.024
981.00	32.020
981.43	31.980
981.86	32.014
982.28	32.058
982.71	32.011
983.14	31.972
983.57	31.923
984.00	31.935
984.43	31.943
984.85	31.865
985.28	31.933
985.71	32.022
986.14	32.040
986.57	32.080
986.99	32.128
987.42	32.188
987.85	32.260
988.28	32.227
988.71	32.299
989.13	32.444
989.56	32.556
989.99	32.641
990.42	32.814
990.85	33.006
991.27	33.121
991.70	33.133
992.13	33.235
992.56	33.378
992.98	33.499
993.41	33.547
993.84	33.669
994.27	33.782
994.70	33.793
995.12	33.750
995.55	33.844
995.98	33.978
996.41	34.068
996.83	34.078
997.26	34.144
997.69	34.285
998.11	34.315
998.54	34.261
998.97	34.302
999.40	34.343
999.82	34.474
1000.25	34.547
1000.68	34.654
1001.11	34.873
1001.53	35.031
1001.96	35.036
1002.39	35.151
1002.81	35.235
1003.24	35.432
1003.67	35.543
1004.09	35.578
1004.52	35.730
1004.95	35.867
1005.38	35.862
1005.80	36.025
1006.23	36.203
1006.66	36.342
1007.08	36.408
1007.51	36.425
1007.94	36.655
1008.36	36.749
1008.79	36.639
1009.22	36.634
1009.64	36.712
1010.07	36.840
1010.50	36.914
1010.92	36.920
1011.35	37.113
1011.77	37.227
1012.20	37.166
1012.63	37.224
1013.05	37.311
1013.48	37.484
1013.91	37.508
1014.33	37.558
1014.76	37.695
1015.19	37.779
1015.61	37.709
1016.04	37.776
1016.46	37.852
1016.89	37.939
1017.32	38.095
1017.74	38.086
1018.17	38.270
1018.59	38.522
1019.02	38.556
1019.45	38.593
1019.87	38.635
1020.30	38.835
1020.72	38.920
1021.15	38.861
1021.58	39.033
1022.00	39.258
1022.43	39.352
1022.85	39.484
1023.28	39.460
1023.70	39.554
1024.13	39.606
1024.55	39.642
1024.98	39.742
1025.41	39.783
1025.83	39.754
1026.26	39.697
1026.68	39.684
1027.11	39.842
1027.53	39.730
1027.96	39.600
1028.38	39.612
1028.81	39.678
1029.23	39.730
1029.66	39.811
1030.08	39.834
1030.51	40.128
1030.94	40.303
1031.36	40.034
1031.79	39.989
1032.21	39.954
1032.64	40.081
1033.06	40.076
1033.49	39.835
1033.91	39.949
1034.34	40.123
1034.76	40.034
1035.19	40.099
1035.61	40.111
1036.03	40.115
1036.46	40.082
1036.88	39.808
1037.31	39.899
1037.73	40.021
1038.16	39.843
1038.58	39.639
1039.01	39.517
1039.43	39.641
1039.86	39.551
1040.28	39.453
1040.71	39.480
1041.13	39.734
1041.55	39.462
1041.98	39.335
1042.40	39.140
1042.83	39.268
1043.25	39.211
1043.68	38.888
1044.10	38.990
1044.52	39.085
1044.95	38.879
1045.37	38.626
1045.80	38.671
1046.22	38.948
1046.65	38.993
1047.07	38.603
1047.49	38.713
1047.92	38.846
1048.34	38.177
1048.77	37.812
1049.19	37.491
1049.61	37.666
1050.04	37.519
1050.46	36.958
1050.89	37.011
1051.31	37.563
1051.73	37.543
1052.16	37.348
1052.58	37.090
1053.00	37.053
1053.43	37.074
1053.85	36.800
1054.27	36.934
1054.70	36.876
1055.12	36.618
1055.55	36.042
1055.97	35.500
1056.39	35.741
1056.82	35.598
1057.24	35.132
1057.66	35.102
1058.09	35.366
1058.51	35.290
1058.93	34.730
1059.36	34.376
1059.78	34.372
1060.20	34.060
1060.62	33.143
1061.05	32.597
1061.47	32.477
1061.89	32.425
1062.32	32.006
1062.74	31.076
1063.16	31.229
1063.59	30.954
1064.01	30.263
1064.43	30.074
1064.85	29.991
1065.28	29.846
1065.70	29.502
1066.12	29.005
1066.55	29.055
1066.97	28.809
1067.39	27.897
1067.81	27.410
1068.24	27.174
1068.66	27.136
1069.08	26.325
1069.50	25.299
1069.93	25.339
1070.35	25.553
1070.77	24.283
1071.19	23.623
1071.62	23.612
1072.04	23.445
1072.46	23.385
1072.88	21.953
1073.31	21.790
1073.73	21.947
1074.15	21.038
1074.57	19.860
1075.00	18.960
1075.42	18.541
1075.84	17.587
1076.26	15.805
1076.68	15.911
1077.11	16.285
1077.53	14.923
1077.95	14.422
1078.37	13.806
1078.79	13.611
1079.22	12.414
1079.64	11.039
1080.06	10.655
1080.48	9.710
1080.90	8.353
1081.32	6.553
1081.75	5.321
1082.17	5.594
1082.59	4.456
1083.01	2.010
1083.43	1.068
1083.85	0.646
1084.28	-0.783
1084.70	-3.166
1085.12	-4.383
1085.54	-5.124
1085.96	-7.308
1086.38	-10.118
1086.80	-11.390
1087.23	-11.700
1087.65	-12.605
1088.07	-14.687
1088.49	-16.729
1088.91	-17.707
1089.33	-18.593
1089.75	-21.566
1090.17	-23.459
1090.60	-23.627
1091.02	-25.835
1091.44	-27.958
1091.86	-30.676
1092.28	-31.488
1092.70	-32.366
1093.12	-35.413
1093.54	-37.910
1093.96	-38.985
1094.38	-39.973
1094.81	-44.539
1095.23	-47.771
1095.65	-49.493
1096.07	-50.896
1096.49	-56.850
1096.91	-60.497
1097.33	-63.174
1097.75	-66.392
1098.17	-68.596
1098.59	-73.169
1099.01	-72.573
1099.43	-73.844
1099.85	-80.093
1100.27	-86.535
1100.69	-88.029
1101.11	-85.583
1101.53	-88.217
1101.95	-95.921
1102.38	-49.034
1102.80	-205.890
1103.22	-64.535
1103.64	-74.487
1104.06	-96.970
1104.48	-175.745
1104.90	-170.675
1105.32	20.345
1105.74	-68.545
1106.16	-273.280
