188.40	-185.643
188.88	-291.123
189.35	313.649
189.83	1300.000
190.30	-1492.157
190.78	-292.308
191.26	-254.589
191.73	807.547
192.21	-1294.203
192.68	-199.046
193.16	-941.360
193.63	-1113.019
194.11	-1197.600
194.58	-1114.019
195.06	-914.227
195.53	-605.137
196.01	-490.566
196.48	-440.137
196.96	-370.108
197.43	-313.998
197.91	-286.609
198.38	-256.003
198.86	-210.589
199.33	-174.534
199.81	-167.749
200.28	-161.080
200.76	-144.361
201.23	-133.586
201.71	-120.871
202.18	-114.975
202.66	-104.454
203.13	-99.912
203.61	-93.537
204.08	-85.571
204.55	-79.411
205.03	-72.019
205.50	-68.726
205.98	-69.580
206.45	-68.200
206.93	-66.425
207.40	-67.411
207.88	-65.627
208.35	-67.051
208.82	-69.651
209.30	-72.153
209.77	-71.938
210.25	-68.646
210.72	-69.258
211.20	-70.516
211.67	-69.778
212.14	-69.096
212.62	-67.999
213.09	-65.199
213.57	-63.227
214.04	-62.932
214.52	-62.323
214.99	-61.035
215.46	-63.269
215.94	-64.533
216.41	-62.159
216.89	-60.600
217.36	-58.527
217.83	-58.764
218.31	-57.196
218.78	-53.722
219.25	-50.978
219.73	-51.285
220.20	-51.643
220.68	-48.505
221.15	-47.918
221.62	-48.090
222.10	-49.237
222.57	-48.024
223.04	-48.449
223.52	-50.537
223.99	-50.230
224.47	-50.063
224.94	-52.457
225.41	-51.460
225.89	-51.686
226.36	-52.023
226.83	-54.879
227.31	-57.065
227.78	-57.111
228.25	-54.845
228.73	-57.247
229.20	-56.958
229.67	-58.233
230.15	-58.512
230.62	-59.388
231.09	-61.944
231.57	-62.678
232.04	-59.575
232.51	-59.590
232.98	-61.154
233.46	-59.929
233.93	-59.372
234.40	-57.944
234.88	-56.714
235.35	-57.385
235.82	-55.003
236.30	-52.980
236.77	-52.550
237.24	-55.750
237.71	-54.267
238.19	-56.254
238.66	-56.519
239.13	-60.467
239.61	-63.073
240.08	-62.550
240.55	-61.690
241.02	-59.776
241.50	-58.664
241.97	-58.870
242.44	-60.432
242.91	-58.882
243.39	-59.148
243.86	-58.377
244.33	-58.304
244.80	-60.128
245.28	-60.931
245.75	-59.981
246.22	-63.455
246.69	-61.658
247.17	-57.818
247.64	-57.417
248.11	-57.418
248.58	-58.061
249.05	-56.750
249.53	-52.623
250.00	-52.651
250.47	-53.493
250.94	-55.574
251.42	-55.252
251.89	-53.347
252.36	-53.233
252.83	-53.134
253.30	-52.687
253.78	-53.114
254.25	-54.491
254.72	-54.149
255.19	-52.657
255.66	-52.385
256.13	-53.161
256.61	-52.821
257.08	-52.517
257.55	-52.420
258.02	-50.657
258.49	-50.373
258.97	-50.610
259.44	-51.961
259.91	-52.098
260.38	-51.629
260.85	-50.003
261.32	-49.219
261.79	-49.083
262.27	-49.483
262.74	-48.130
263.21	-46.772
263.68	-49.404
264.15	-50.377
264.62	-52.858
265.09	-53.509
265.57	-53.324
266.04	-53.446
266.51	-52.890
266.98	-54.598
267.45	-55.789
267.92	-58.047
268.39	-58.301
268.86	-56.534
269.34	-53.677
269.81	-54.500
270.28	-55.677
270.75	-53.760
271.22	-54.544
271.69	-54.814
272.16	-53.934
272.63	-53.198
273.10	-51.966
273.57	-50.828
274.05	-49.192
274.52	-45.718
274.99	-44.402
275.46	-45.053
275.93	-44.071
276.40	-45.775
276.87	-43.407
277.34	-43.591
277.81	-42.684
278.28	-43.321
278.75	-44.206
279.22	-44.387
279.69	-44.784
280.16	-43.117
280.63	-41.812
281.11	-43.065
281.58	-44.162
282.05	-43.615
282.52	-43.545
282.99	-44.451
283.46	-46.011
283.93	-45.029
284.40	-45.021
284.87	-45.642
285.34	-45.914
285.81	-46.276
286.28	-44.232
286.75	-42.208
287.22	-42.588
287.69	-43.214
288.16	-39.413
288.63	-37.995
289.10	-38.658
289.57	-37.083
290.04	-36.314
290.51	-35.560
290.98	-35.975
291.45	-35.018
291.92	-36.294
292.39	-36.704
292.86	-38.479
293.33	-37.795
293.80	-38.459
294.27	-38.861
294.74	-39.488
295.21	-38.178
295.68	-36.672
296.15	-38.564
296.62	-41.353
297.09	-41.702
297.56	-40.617
298.03	-41.390
298.49	-42.005
298.96	-43.292
299.43	-43.163
299.90	-44.324
300.37	-44.962
300.84	-45.101
301.31	-44.434
301.78	-42.432
302.25	-43.852
302.72	-42.569
303.19	-41.306
303.66	-39.837
304.13	-38.972
304.60	-38.328
305.07	-38.031
305.53	-36.396
306.00	-36.169
306.47	-35.918
306.94	-34.016
307.41	-33.845
307.88	-33.660
308.35	-34.680
308.82	-32.277
309.29	-31.568
309.76	-30.887
310.22	-30.935
310.69	-30.362
311.16	-29.546
311.63	-28.348
312.10	-27.962
312.57	-27.276
313.04	-26.999
313.51	-27.691
313.97	-26.966
314.44	-27.680
314.91	-26.603
315.38	-27.078
315.85	-26.855
316.32	-25.417
316.79	-24.922
317.25	-25.257
317.72	-24.607
318.19	-24.666
318.66	-24.198
319.13	-23.428
319.60	-25.671
320.07	-26.175
320.53	-23.987
321.00	-24.621
321.47	-25.329
321.94	-24.577
322.41	-24.267
322.87	-22.784
323.34	-23.493
323.81	-23.559
324.28	-22.419
324.75	-23.619
325.22	-22.389
325.68	-21.959
326.15	-22.258
326.62	-21.230
327.09	-21.573
327.56	-21.821
328.02	-20.218
328.49	-20.729
328.96	-21.204
329.43	-19.903
329.89	-19.766
330.36	-19.760
330.83	-19.920
331.30	-19.599
331.77	-19.444
332.23	-18.915
332.70	-18.707
333.17	-18.449
333.64	-18.641
334.10	-16.967
334.57	-16.308
335.04	-17.297
335.51	-17.530
335.97	-16.949
336.44	-17.052
336.91	-16.755
337.38	-15.877
337.84	-15.957
338.31	-15.246
338.78	-15.208
339.24	-14.783
339.71	-12.926
340.18	-11.875
340.65	-11.395
341.11	-10.762
341.58	-10.087
342.05	-9.848
342.52	-9.893
342.98	-9.097
343.45	-8.475
343.92	-8.849
344.38	-8.892
344.85	-8.398
345.32	-7.609
345.78	-7.607
346.25	-7.059
346.72	-6.592
347.18	-6.218
347.65	-5.502
348.12	-5.567
348.58	-4.921
349.05	-4.422
349.52	-4.898
349.99	-5.177
350.45	-5.172
350.92	-4.858
351.38	-4.591
351.85	-4.576
352.32	-4.259
352.78	-3.762
353.25	-3.253
353.72	-2.818
354.18	-2.846
354.65	-2.127
355.12	-1.734
355.58	-1.279
356.05	-1.238
356.52	-0.959
356.98	-0.900
357.45	-0.519
357.91	-0.515
358.38	-0.575
358.85	-0.224
359.31	0.137
359.78	0.124
360.25	0.508
360.71	0.662
361.18	0.913
361.64	0.810
362.11	0.976
362.58	0.911
363.04	0.818
363.51	1.045
363.97	1.337
364.44	1.255
364.91	1.440
365.37	1.380
365.84	1.383
366.30	1.623
366.77	1.623
367.23	1.587
367.70	1.699
368.17	1.889
368.63	1.949
369.10	1.882
369.56	2.032
370.03	2.034
370.49	2.024
370.96	2.018
371.42	2.149
371.89	2.204
372.36	2.432
372.82	2.482
373.29	2.415
373.75	2.572
374.22	2.656
374.68	2.629
375.15	2.706
375.61	2.780
376.08	2.819
376.54	2.857
377.01	2.878
377.47	3.075
377.94	3.051
378.40	3.071
378.87	3.058
379.33	3.122
379.80	3.286
380.26	3.274
380.73	3.298
381.19	3.454
381.66	3.528
382.12	3.529
382.59	3.511
383.05	3.589
383.52	3.610
383.98	3.584
384.45	3.654
384.91	3.586
385.38	3.618
385.84	3.706
386.31	3.628
386.77	3.621
387.24	3.616
387.70	3.691
388.16	3.734
388.63	3.871
389.09	3.903
389.56	3.897
390.02	3.919
390.49	3.982
390.95	4.043
391.42	4.049
391.88	4.079
392.34	4.169
392.81	4.232
393.27	4.341
393.74	4.376
394.20	4.441
394.67	4.654
395.13	4.726
395.59	4.777
396.06	4.892
396.52	4.980
396.99	5.102
397.45	5.091
397.91	5.123
398.38	5.079
398.84	5.097
399.31	5.084
399.77	5.096
400.23	5.141
400.70	5.135
401.16	5.081
401.63	5.040
402.09	5.048
402.55	5.006
403.02	4.893
403.48	4.850
403.94	4.833
404.41	4.781
404.87	4.713
405.33	4.633
405.80	4.644
406.26	4.629
406.73	4.574
407.19	4.571
407.65	4.595
408.12	4.709
408.58	4.769
409.04	4.873
409.51	4.982
409.97	5.082
410.43	5.211
410.90	5.370
411.36	5.546
411.82	5.719
412.29	5.913
412.75	6.124
413.21	6.349
413.67	6.577
414.14	6.799
414.60	7.017
415.06	7.254
415.53	7.469
415.99	7.675
416.45	7.882
416.92	8.102
417.38	8.245
417.84	8.371
418.30	8.453
418.77	8.550
419.23	8.646
419.69	8.658
420.16	8.660
420.62	8.663
421.08	8.618
421.54	8.551
422.01	8.466
422.47	8.369
422.93	8.261
423.39	8.091
423.86	7.941
424.32	7.800
424.78	7.647
425.24	7.490
425.71	7.320
426.17	7.165
426.63	7.028
427.09	6.910
427.56	6.768
428.02	6.683
428.48	6.586
428.94	6.481
429.41	6.366
429.87	6.302
430.33	6.369
430.79	6.496
431.25	6.645
431.72	6.812
432.18	7.028
432.64	7.299
433.10	7.579
433.56	7.870
434.03	8.220
434.49	8.592
434.95	8.984
435.41	9.371
435.87	9.766
436.34	10.186
436.80	10.603
437.26	11.050
437.72	11.482
438.18	11.902
438.64	12.338
439.11	12.788
439.57	13.214
440.03	13.557
440.49	13.831
440.95	14.090
441.41	14.312
441.88	14.510
442.34	14.670
442.80	14.797
443.26	14.878
443.72	14.930
444.18	14.917
444.64	14.864
445.11	14.805
445.57	14.708
446.03	14.590
446.49	14.427
446.95	14.232
447.41	14.030
447.87	13.807
448.33	13.578
448.79	13.331
449.26	13.077
449.72	12.826
450.18	12.584
450.64	12.348
451.10	12.137
451.56	11.923
452.02	11.727
452.48	11.540
452.94	11.401
453.40	11.298
453.87	11.225
454.33	11.196
454.79	11.207
455.25	11.235
455.71	11.292
456.17	11.416
456.63	11.588
457.09	11.790
457.55	12.032
458.01	12.308
458.47	12.644
458.93	13.009
459.39	13.386
459.85	13.795
460.31	14.225
460.77	14.675
461.24	15.156
461.70	15.654
462.16	16.186
462.62	16.715
463.08	17.221
463.54	17.734
464.00	18.250
464.46	18.751
464.92	19.238
465.38	19.700
465.84	20.146
466.30	20.560
466.76	20.958
467.22	21.325
467.68	21.656
468.14	21.950
468.60	22.199
469.06	22.420
469.52	22.600
469.98	22.742
470.44	22.849
470.90	22.898
471.36	22.910
471.82	22.883
472.28	22.823
472.74	22.727
473.20	22.601
473.66	22.437
474.12	22.238
474.58	22.008
475.04	21.768
475.50	21.501
475.95	21.209
476.41	20.899
476.87	20.572
477.33	20.235
477.79	19.900
478.25	19.566
478.71	19.233
479.17	18.908
479.63	18.588
480.09	18.279
480.55	17.992
481.01	17.727
481.47	17.486
481.93	17.268
482.39	17.082
482.84	16.931
483.30	16.816
483.76	16.744
484.22	16.704
484.68	16.692
485.14	16.728
485.60	16.805
486.06	16.923
486.52	17.089
486.98	17.289
487.44	17.527
487.89	17.800
488.35	18.113
488.81	18.457
489.27	18.833
489.73	19.242
490.19	19.680
490.65	20.145
491.11	20.632
491.56	21.138
492.02	21.659
492.48	22.185
492.94	22.721
493.40	23.257
493.86	23.803
494.32	24.345
494.77	24.878
495.23	25.406
495.69	25.923
496.15	26.419
496.61	26.909
497.07	27.374
497.52	27.823
497.98	28.249
498.44	28.653
498.90	29.035
499.36	29.383
499.82	29.697
500.27	29.973
500.73	30.219
501.19	30.424
501.65	30.598
502.11	30.750
502.56	30.867
503.02	30.943
503.48	30.992
503.94	31.009
504.40	30.993
504.85	30.944
505.31	30.860
505.77	30.752
506.23	30.609
506.69	30.438
507.14	30.243
507.60	30.023
508.06	29.771
508.52	29.495
508.97	29.198
509.43	28.890
509.89	28.561
510.35	28.224
510.80	27.882
511.26	27.531
511.72	27.173
512.18	26.805
512.63	26.440
513.09	26.073
513.55	25.711
514.01	25.352
514.46	25.008
514.92	24.678
515.38	24.361
515.84	24.066
516.29	23.792
516.75	23.537
517.21	23.306
517.66	23.101
518.12	22.922
518.58	22.776
519.04	22.658
519.49	22.581
519.95	22.531
520.41	22.510
520.86	22.527
521.32	22.575
521.78	22.664
522.23	22.786
522.69	22.942
523.15	23.137
523.61	23.368
524.06	23.626
524.52	23.916
524.98	24.235
525.43	24.578
525.89	24.945
526.35	25.335
526.80	25.746
527.26	26.183
527.72	26.639
528.17	27.109
528.63	27.591
529.09	28.078
529.54	28.578
530.00	29.090
530.45	29.601
530.91	30.109
531.37	30.612
531.82	31.111
532.28	31.610
532.74	32.092
533.19	32.564
533.65	33.012
534.10	33.443
534.56	33.859
535.02	34.252
535.47	34.628
535.93	34.987
536.39	35.327
536.84	35.640
537.30	35.932
537.75	36.194
538.21	36.426
538.67	36.635
539.12	36.819
539.58	36.977
540.03	37.109
540.49	37.222
540.94	37.312
541.40	37.369
541.86	37.393
542.31	37.393
542.77	37.369
543.22	37.331
543.68	37.271
544.13	37.186
544.59	37.087
545.05	36.958
545.50	36.803
545.96	36.622
546.41	36.419
546.87	36.200
547.32	35.962
547.78	35.710
548.23	35.440
548.69	35.148
549.14	34.843
549.60	34.526
550.06	34.194
550.51	33.855
550.97	33.514
551.42	33.158
551.88	32.800
552.33	32.429
552.79	32.059
553.24	31.691
553.70	31.330
554.15	30.970
554.61	30.622
555.06	30.281
555.52	29.947
555.97	29.629
556.43	29.323
556.88	29.030
557.34	28.762
557.79	28.515
558.25	28.292
558.70	28.085
559.15	27.898
559.61	27.738
560.06	27.599
560.52	27.486
560.97	27.411
561.43	27.362
561.88	27.352
562.34	27.365
562.79	27.399
563.25	27.465
563.70	27.552
564.16	27.674
564.61	27.825
565.06	28.007
565.52	28.214
565.97	28.447
566.43	28.712
566.88	28.995
567.34	29.301
567.79	29.625
568.24	29.977
568.70	30.349
569.15	30.736
569.61	31.137
570.06	31.553
570.51	31.981
570.97	32.426
571.42	32.877
571.88	33.345
572.33	33.817
572.78	34.290
573.24	34.771
573.69	35.247
574.15	35.724
574.60	36.196
575.05	36.670
575.51	37.144
575.96	37.611
576.42	38.086
576.87	38.549
577.32	39.005
577.78	39.446
578.23	39.882
578.68	40.309
579.14	40.724
579.59	41.117
580.04	41.494
580.50	41.851
580.95	42.187
581.40	42.501
581.86	42.810
582.31	43.097
582.76	43.378
583.22	43.635
583.67	43.874
584.12	44.097
584.58	44.290
585.03	44.454
585.48	44.595
585.94	44.700
586.39	44.780
586.84	44.849
587.30	44.907
587.75	44.933
588.20	44.940
588.66	44.928
589.11	44.898
589.56	44.848
590.01	44.778
590.47	44.686
590.92	44.578
591.37	44.443
591.83	44.287
592.28	44.103
592.73	43.909
593.18	43.698
593.64	43.469
594.09	43.223
594.54	42.973
594.99	42.711
595.45	42.439
595.90	42.149
596.35	41.845
596.80	41.518
597.26	41.188
597.71	40.838
598.16	40.481
598.61	40.121
599.07	39.758
599.52	39.379
599.97	39.000
600.42	38.618
600.88	38.230
601.33	37.847
601.78	37.467
602.23	37.079
602.69	36.693
603.14	36.309
603.59	35.930
604.04	35.556
604.49	35.186
604.95	34.822
605.40	34.485
605.85	34.153
606.30	33.831
606.75	33.527
607.21	33.244
607.66	32.972
608.11	32.711
608.56	32.463
609.01	32.242
609.46	32.041
609.92	31.857
610.37	31.698
610.82	31.558
611.27	31.440
611.72	31.352
612.17	31.284
612.63	31.236
613.08	31.210
613.53	31.207
613.98	31.238
614.43	31.286
614.88	31.351
615.34	31.436
615.79	31.545
616.24	31.669
616.69	31.813
617.14	31.982
617.59	32.169
618.04	32.377
618.49	32.603
618.95	32.842
619.40	33.101
619.85	33.384
620.30	33.677
620.75	33.981
621.20	34.298
621.65	34.623
622.10	34.960
622.55	35.315
623.00	35.679
623.46	36.042
623.91	36.408
624.36	36.786
624.81	37.167
625.26	37.554
625.71	37.943
626.16	38.346
626.61	38.744
627.06	39.146
627.51	39.548
627.96	39.946
628.41	40.342
628.86	40.727
629.32	41.105
629.77	41.483
630.22	41.858
630.67	42.226
631.12	42.593
631.57	42.956
632.02	43.307
632.47	43.646
632.92	43.984
633.37	44.325
633.82	44.649
634.27	44.958
634.72	45.255
635.17	45.541
635.62	45.802
636.07	46.054
636.52	46.282
636.97	46.502
637.42	46.707
637.87	46.904
638.32	47.079
638.77	47.250
639.22	47.410
639.67	47.553
640.12	47.680
640.57	47.794
641.02	47.888
641.47	47.964
641.92	48.030
642.37	48.072
642.82	48.081
643.27	48.074
643.72	48.058
644.17	48.025
644.62	47.979
645.07	47.922
645.52	47.856
645.97	47.786
646.42	47.693
646.87	47.592
647.32	47.495
647.77	47.402
648.22	47.283
648.66	47.139
649.11	46.968
649.56	46.786
650.01	46.593
650.46	46.395
650.91	46.188
651.36	45.961
651.81	45.721
652.26	45.491
652.71	45.239
653.16	44.980
653.61	44.711
654.06	44.438
654.50	44.150
654.95	43.849
655.40	43.541
655.85	43.229
656.30	42.910
656.75	42.565
657.20	42.211
657.65	41.861
658.10	41.501
658.55	41.166
658.99	40.832
659.44	40.496
659.89	40.155
660.34	39.808
660.79	39.464
661.24	39.130
661.69	38.794
662.13	38.472
662.58	38.144
663.03	37.828
663.48	37.511
663.93	37.199
664.38	36.894
664.83	36.601
665.27	36.308
665.72	36.020
666.17	35.741
666.62	35.471
667.07	35.207
667.52	34.961
667.96	34.706
668.41	34.456
668.86	34.222
669.31	34.003
669.76	33.806
670.21	33.619
670.65	33.443
671.10	33.278
671.55	33.129
672.00	32.997
672.45	32.880
672.89	32.776
673.34	32.685
673.79	32.610
674.24	32.541
674.68	32.490
675.13	32.456
675.58	32.441
676.03	32.441
676.48	32.446
676.92	32.465
677.37	32.509
677.82	32.573
678.27	32.638
678.71	32.709
679.16	32.796
679.61	32.903
680.06	33.020
680.50	33.145
680.95	33.295
681.40	33.455
681.85	33.611
682.29	33.782
682.74	33.971
683.19	34.167
683.64	34.376
684.08	34.603
684.53	34.838
684.98	35.090
685.43	35.353
685.87	35.623
686.32	35.897
686.77	36.164
687.21	36.421
687.66	36.701
688.11	37.004
688.55	37.297
689.00	37.588
689.45	37.902
689.90	38.223
690.34	38.535
690.79	38.842
691.24	39.167
691.68	39.492
692.13	39.804
692.58	40.106
693.02	40.419
693.47	40.724
693.92	41.024
694.36	41.307
694.81	41.602
695.26	41.898
695.70	42.182
696.15	42.469
696.60	42.767
697.04	43.061
697.49	43.328
697.94	43.583
698.38	43.852
698.83	44.103
699.27	44.360
699.72	44.586
700.17	44.821
700.61	45.053
701.06	45.280
701.51	45.506
701.95	45.737
702.40	45.968
702.84	46.183
703.29	46.388
703.74	46.582
704.18	46.760
704.63	46.927
705.07	47.095
705.52	47.255
705.97	47.404
706.41	47.529
706.86	47.642
707.30	47.772
707.75	47.894
708.20	48.004
708.64	48.084
709.09	48.158
709.53	48.215
709.98	48.267
710.42	48.290
710.87	48.295
711.32	48.296
711.76	48.270
712.21	48.254
712.65	48.227
713.10	48.202
713.54	48.165
713.99	48.124
714.43	48.077
714.88	48.007
715.33	47.911
715.77	47.831
716.22	47.755
716.66	47.652
717.11	47.530
717.55	47.413
718.00	47.290
718.44	47.167
718.89	47.029
719.33	46.891
719.78	46.760
720.22	46.622
720.67	46.476
721.11	46.325
721.56	46.168
722.00	45.991
722.45	45.804
722.89	45.615
723.34	45.419
723.78	45.232
724.23	45.050
724.67	44.866
725.12	44.660
725.56	44.437
726.01	44.221
726.45	43.993
726.90	43.736
727.34	43.483
727.78	43.247
728.23	43.008
728.67	42.745
729.12	42.477
729.56	42.224
730.01	41.959
730.45	41.678
730.90	41.378
731.34	41.112
731.79	40.846
732.23	40.563
732.67	40.267
733.12	39.962
733.56	39.680
734.01	39.404
734.45	39.118
734.89	38.848
735.34	38.594
735.78	38.344
736.23	38.091
736.67	37.830
737.12	37.570
737.56	37.313
738.00	37.061
738.45	36.816
738.89	36.575
739.34	36.355
739.78	36.165
740.22	35.971
740.67	35.763
741.11	35.549
741.55	35.354
742.00	35.170
742.44	34.984
742.89	34.790
743.33	34.609
743.77	34.456
744.22	34.306
744.66	34.136
745.10	33.970
745.55	33.818
745.99	33.696
746.43	33.582
746.88	33.471
747.32	33.354
747.76	33.259
748.21	33.187
748.65	33.103
749.09	33.010
749.54	32.927
749.98	32.864
750.42	32.825
750.87	32.778
751.31	32.731
751.75	32.718
752.20	32.720
752.64	32.737
753.08	32.743
753.53	32.743
753.97	32.771
754.41	32.817
754.85	32.880
755.30	32.935
755.74	32.996
756.18	33.083
756.63	33.207
757.07	33.330
757.51	33.425
757.95	33.538
758.40	33.670
758.84	33.814
759.28	33.961
759.72	34.102
760.17	34.267
760.61	34.448
761.05	34.627
761.50	34.797
761.94	34.960
762.38	35.133
762.82	35.338
763.26	35.542
763.71	35.740
764.15	35.937
764.59	36.128
765.03	36.319
765.48	36.512
765.92	36.687
766.36	36.859
766.80	37.063
767.25	37.271
767.69	37.479
768.13	37.708
768.57	37.946
769.01	38.184
769.46	38.414
769.90	38.649
770.34	38.873
770.78	39.102
771.22	39.360
771.67	39.629
772.11	39.889
772.55	40.139
772.99	40.374
773.43	40.607
773.87	40.866
774.32	41.132
774.76	41.385
775.20	41.639
775.64	41.895
776.08	42.168
776.52	42.429
776.97	42.682
777.41	42.911
777.85	43.129
778.29	43.369
778.73	43.617
779.17	43.869
779.62	44.111
780.06	44.345
780.50	44.563
780.94	44.775
781.38	44.979
781.82	45.184
782.26	45.405
782.70	45.624
783.15	45.837
783.59	46.039
784.03	46.234
784.47	46.420
784.91	46.591
785.35	46.741
785.79	46.900
786.23	47.054
786.67	47.210
787.11	47.357
787.56	47.488
788.00	47.614
788.44	47.731
788.88	47.858
789.32	47.979
789.76	48.092
790.20	48.204
790.64	48.321
791.08	48.443
791.52	48.542
791.96	48.621
792.40	48.695
792.84	48.781
793.28	48.877
793.73	48.971
794.17	49.060
794.61	49.139
795.05	49.210
795.49	49.259
795.93	49.296
796.37	49.322
796.81	49.350
797.25	49.390
797.69	49.407
798.13	49.404
798.57	49.403
799.01	49.399
799.45	49.368
799.89	49.305
800.33	49.249
800.77	49.217
801.21	49.203
801.65	49.157
802.09	49.084
802.53	49.002
802.97	48.916
803.41	48.838
803.85	48.767
804.29	48.684
804.73	48.630
805.17	48.553
805.61	48.471
806.05	48.376
806.49	48.237
806.93	48.123
807.37	48.017
807.81	47.930
808.25	47.818
808.69	47.698
809.13	47.585
809.57	47.458
810.01	47.319
810.44	47.152
810.88	46.999
811.32	46.850
811.76	46.708
812.20	46.558
812.64	46.396
813.08	46.213
813.52	46.019
813.96	45.803
814.40	45.618
814.84	45.447
815.28	45.273
815.72	45.108
816.16	44.925
816.59	44.743
817.03	44.540
817.47	44.346
817.91	44.175
818.35	44.007
818.79	43.839
819.23	43.644
819.67	43.456
820.11	43.271
820.54	43.069
820.98	42.853
821.42	42.643
821.86	42.423
822.30	42.218
822.74	42.019
823.18	41.822
823.62	41.606
824.05	41.383
824.49	41.176
824.93	40.980
825.37	40.787
825.81	40.592
826.25	40.381
826.69	40.144
827.12	39.886
827.56	39.641
828.00	39.400
828.44	39.194
828.88	38.980
829.32	38.759
829.75	38.551
830.19	38.345
830.63	38.127
831.07	37.925
831.51	37.711
831.94	37.495
832.38	37.276
832.82	37.086
833.26	36.908
833.70	36.727
834.13	36.541
834.57	36.348
835.01	36.162
835.45	35.997
835.89	35.855
836.32	35.728
836.76	35.574
837.20	35.408
837.64	35.252
838.08	35.112
838.51	35.003
838.95	34.898
839.39	34.788
839.83	34.697
840.26	34.604
840.70	34.515
841.14	34.445
841.58	34.379
842.01	34.312
842.45	34.240
842.89	34.164
843.33	34.085
843.76	34.026
844.20	33.965
844.64	33.908
845.08	33.854
845.51	33.799
845.95	33.767
846.39	33.742
846.82	33.706
847.26	33.665
847.70	33.600
848.14	33.547
848.57	33.514
849.01	33.488
849.45	33.469
849.88	33.446
850.32	33.434
850.76	33.439
851.19	33.450
851.63	33.470
852.07	33.497
852.50	33.534
852.94	33.554
853.38	33.576
853.81	33.608
854.25	33.650
854.69	33.718
855.12	33.796
855.56	33.872
856.00	33.955
856.43	34.067
856.87	34.187
857.31	34.314
857.74	34.434
858.18	34.536
858.62	34.637
859.05	34.750
859.49	34.852
859.93	34.951
860.36	35.056
860.80	35.168
861.24	35.283
861.67	35.395
862.11	35.512
862.54	35.635
862.98	35.776
863.42	35.938
863.85	36.080
864.29	36.229
864.72	36.397
865.16	36.552
865.60	36.694
866.03	36.842
866.47	36.983
866.90	37.126
867.34	37.299
867.78	37.493
868.21	37.706
868.65	37.939
869.08	38.172
869.52	38.385
869.95	38.576
870.39	38.769
870.83	38.983
871.26	39.218
871.70	39.461
872.13	39.676
872.57	39.886
873.00	40.086
873.44	40.284
873.87	40.466
874.31	40.654
874.75	40.845
875.18	41.031
875.62	41.226
876.05	41.426
876.49	41.632
876.92	41.871
877.36	42.111
877.79	42.321
878.23	42.511
878.66	42.702
879.10	42.923
879.53	43.147
879.97	43.351
880.40	43.553
880.84	43.754
881.27	43.945
881.71	44.108
882.14	44.287
882.58	44.474
883.01	44.667
883.45	44.870
883.88	45.067
884.32	45.257
884.75	45.443
885.19	45.636
885.62	45.828
886.06	45.998
886.49	46.162
886.92	46.335
887.36	46.535
887.79	46.723
888.23	46.899
888.66	47.070
889.10	47.216
889.53	47.346
889.97	47.476
890.40	47.603
890.83	47.739
891.27	47.876
891.70	48.013
892.14	48.165
892.57	48.323
893.01	48.520
893.44	48.704
893.87	48.871
894.31	49.075
894.74	49.229
895.18	49.346
895.61	49.432
896.04	49.502
896.48	49.570
896.91	49.641
897.35	49.676
897.78	49.719
898.21	49.794
898.65	49.903
899.08	49.995
899.52	50.091
899.95	50.196
900.38	50.320
900.82	50.436
901.25	50.544
901.68	50.631
902.12	50.691
902.55	50.780
902.99	50.881
903.42	50.935
903.85	51.008
904.29	51.095
904.72	51.188
905.15	51.278
905.59	51.348
906.02	51.438
906.45	51.540
906.89	51.633
907.32	51.726
907.75	51.791
908.19	51.838
908.62	51.886
909.05	51.902
909.49	51.910
909.92	51.885
910.35	51.861
910.78	51.815
911.22	51.749
911.65	51.661
912.08	51.568
912.52	51.491
912.95	51.439
913.38	51.353
913.82	51.295
914.25	51.249
914.68	51.188
915.11	51.126
915.55	51.057
915.98	50.990
916.41	50.896
916.84	50.794
917.28	50.720
917.71	50.652
918.14	50.612
918.58	50.546
919.01	50.456
919.44	50.361
919.87	50.298
920.31	50.244
920.74	50.215
921.17	50.131
921.60	50.066
922.03	49.967
922.47	49.854
922.90	49.723
923.33	49.580
923.76	49.470
924.20	49.373
924.63	49.281
925.06	49.158
925.49	49.023
925.92	48.893
926.36	48.766
926.79	48.633
927.22	48.478
927.65	48.319
928.08	48.201
928.52	48.078
928.95	47.914
929.38	47.753
929.81	47.596
930.24	47.473
930.68	47.286
931.11	47.128
931.54	46.992
931.97	46.856
932.40	46.731
932.83	46.599
933.27	46.430
933.70	46.255
934.13	46.081
934.56	45.930
934.99	45.776
935.42	45.600
935.85	45.412
936.29	45.230
936.72	45.070
937.15	44.908
937.58	44.735
938.01	44.598
938.44	44.419
938.87	44.227
939.31	44.043
939.74	43.886
940.17	43.709
940.60	43.539
941.03	43.368
941.46	43.203
941.89	43.005
942.32	42.821
942.75	42.630
943.18	42.453
943.62	42.275
944.05	42.066
944.48	41.856
944.91	41.664
945.34	41.471
945.77	41.267
946.20	41.081
946.63	40.873
947.06	40.654
947.49	40.451
947.92	40.262
948.35	40.058
948.78	39.821
949.22	39.599
949.65	39.383
950.08	39.135
950.51	38.896
950.94	38.673
951.37	38.451
951.80	38.295
952.23	38.112
952.66	37.940
953.09	37.802
953.52	37.675
953.95	37.544
954.38	37.401
954.81	37.256
955.24	37.101
955.67	36.948
956.10	36.812
956.53	36.694
956.96	36.547
957.39	36.420
957.82	36.277
958.25	36.139
958.68	35.999
959.11	35.870
959.54	35.725
959.97	35.589
960.40	35.505
960.83	35.370
961.26	35.230
961.69	35.094
962.12	34.939
962.55	34.765
962.98	34.571
963.41	34.420
963.84	34.307
964.27	34.190
964.70	34.059
965.13	33.935
965.56	33.813
965.99	33.694
966.42	33.539
966.84	33.445
967.27	33.354
967.70	33.296
968.13	33.209
968.56	33.125
968.99	33.089
969.42	32.938
969.85	32.817
970.28	32.724
970.71	32.672
971.14	32.599
971.57	32.504
972.00	32.469
972.42	32.392
972.85	32.280
973.28	32.185
973.71	32.102
974.14	32.066
974.57	32.005
975.00	31.914
975.43	31.906
975.86	31.925
976.28	31.870
976.71	31.801
977.14	31.741
977.57	31.686
978.00	31.589
978.43	31.575
978.86	31.523
979.29	31.516
979.71	31.465
980.14	31.450
980.57	31.443
981.00	31.412
981.43	31.461
981.86	31.451
982.28	31.442
982.71	31.461
983.14	31.410
983.57	31.386
984.00	31.371
984.43	31.331
984.85	31.331
985.28	31.379
985.71	31.452
986.14	31.532
986.57	31.591
986.99	31.671
987.42	31.687
987.85	31.795
988.28	31.881
988.71	31.875
989.13	31.907
989.56	32.021
989.99	32.122
990.42	32.155
990.85	32.257
991.27	32.339
991.70	32.466
992.13	32.511
992.56	32.602
992.98	32.685
993.41	32.795
993.84	32.859
994.27	32.861
994.70	32.922
995.12	32.976
995.55	33.034
995.98	33.152
996.41	33.282
996.83	33.353
997.26	33.463
997.69	33.592
998.11	33.663
998.54	33.747
998.97	33.805
999.40	33.911
999.82	34.046
1000.25	34.136
1000.68	34.204
1001.11	34.350
1001.53	34.500
1001.96	34.620
1002.39	34.726
1002.81	34.789
1003.24	34.898
1003.67	34.961
1004.09	35.098
1004.52	35.182
1004.95	35.215
1005.38	35.330
1005.80	35.432
1006.23	35.547
1006.66	35.609
1007.08	35.719
1007.51	35.796
1007.94	35.911
1008.36	36.028
1008.79	36.013
1009.22	36.017
1009.64	36.128
1010.07	36.184
1010.50	36.158
1010.92	36.267
1011.35	36.345
1011.77	36.443
1012.20	36.576
1012.63	36.654
1013.05	36.657
1013.48	36.738
1013.91	36.845
1014.33	36.943
1014.76	36.981
1015.19	36.918
1015.61	36.956
1016.04	37.049
1016.46	37.222
1016.89	37.218
1017.32	37.256
1017.74	37.459
1018.17	37.566
1018.59	37.608
1019.02	37.643
1019.45	37.803
1019.87	37.954
1020.30	37.896
1020.72	38.069
1021.15	38.161
1021.58	38.167
1022.00	38.333
1022.43	38.422
1022.85	38.415
1023.28	38.420
1023.70	38.432
1024.13	38.521
1024.55	38.557
1024.98	38.466
1025.41	38.360
1025.83	38.422
1026.26	38.396
1026.68	38.415
1027.11	38.462
1027.53	38.384
1027.96	38.371
1028.38	38.340
1028.81	38.307
1029.23	38.575
1029.66	38.561
1030.08	38.683
1030.51	38.802
1030.94	38.852
1031.36	38.900
1031.79	38.982
1032.21	38.988
1032.64	39.079
1033.06	39.060
1033.49	39.157
1033.91	39.215
1034.34	39.198
1034.76	39.249
1035.19	39.244
1035.61	39.223
1036.03	39.332
1036.46	39.308
1036.88	39.355
1037.31	39.165
1037.73	39.145
1038.16	39.087
1038.58	38.833
1039.01	38.647
1039.43	38.506
1039.86	38.506
1040.28	38.354
1040.71	38.273
1041.13	38.359
1041.55	38.182
1041.98	38.185
1042.40	38.174
1042.83	38.171
1043.25	38.119
1043.68	37.976
1044.10	38.050
1044.52	37.819
1044.95	37.555
1045.37	37.614
1045.80	37.697
1046.22	37.737
1046.65	37.638
1047.07	37.419
1047.49	37.435
1047.92	37.442
1048.34	37.352
1048.77	37.117
1049.19	37.011
1049.61	36.684
1050.04	36.466
1050.46	36.460
1050.89	36.443
1051.31	36.259
1051.73	36.146
1052.16	36.082
1052.58	36.019
1053.00	35.625
1053.43	35.370
1053.85	35.390
1054.27	35.143
1054.70	34.930
1055.12	34.860
1055.55	34.575
1055.97	34.294
1056.39	34.144
1056.82	33.922
1057.24	33.721
1057.66	33.311
1058.09	33.200
1058.51	33.309
1058.93	32.870
1059.36	32.885
1059.78	32.409
1060.20	32.115
1060.62	31.884
1061.05	31.314
1061.47	31.051
1061.89	30.725
1062.32	30.879
1062.74	30.798
1063.16	30.343
1063.59	30.027
1064.01	29.628
1064.43	29.313
1064.85	29.263
1065.28	28.894
1065.70	28.484
1066.12	28.007
1066.55	27.746
1066.97	27.820
1067.39	27.494
1067.81	27.197
1068.24	26.451
1068.66	25.929
1069.08	25.687
1069.50	25.118
1069.93	24.892
1070.35	24.480
1070.77	23.987
1071.19	23.276
1071.62	22.581
1072.04	22.399
1072.46	21.826
1072.88	21.557
1073.31	20.896
1073.73	20.277
1074.15	19.761
1074.57	18.685
1075.00	18.274
1075.42	17.398
1075.84	16.346
1076.26	15.376
1076.68	14.272
1077.11	13.500
1077.53	12.878
1077.95	12.065
1078.37	11.845
1078.79	11.206
1079.22	10.283
1079.64	9.603
1080.06	8.335
1080.48	7.444
1080.90	6.548
1081.32	5.585
1081.75	4.406
1082.17	3.244
1082.59	2.177
1083.01	0.698
1083.43	-0.475
1083.85	-0.988
1084.28	-2.036
1084.70	-4.218
1085.12	-5.547
1085.54	-7.148
1085.96	-8.477
1086.38	-10.130
1086.80	-11.350
1087.23	-12.823
1087.65	-13.679
1088.07	-15.642
1088.49	-16.853
1088.91	-18.499
1089.33	-20.610
1089.75	-22.801
1090.17	-25.123
1090.60	-26.534
1091.02	-28.737
1091.44	-31.019
1091.86	-32.656
1092.28	-34.578
1092.70	-36.957
1093.12	-39.313
1093.54	-41.979
1093.96	-43.249
1094.38	-45.210
1094.81	-49.551
1095.23	-51.939
1095.65	-55.050
1096.07	-55.710
1096.49	-59.760
1096.91	-62.156
1097.33	-63.272
1097.75	-67.386
1098.17	-70.853
1098.59	-72.717
1099.01	-73.952
1099.43	-77.889
1099.85	-81.963
1100.27	-86.527
1100.69	-89.171
1101.11	-90.505
1101.53	-95.089
1101.95	-97.471
1102.38	-86.071
1102.80	-150.832
1103.22	-84.738
1103.64	-101.427
1104.06	-197.504
1104.48	-140.802
1104.90	-154.969
1105.32	-123.563
1105.74	-95.399
1106.16	-165.760
