188.40	-293.823
188.88	-418.538
189.35	591.643
189.83	2348.696
190.30	-2343.137
190.78	-463.462
191.26	-368.599
191.73	2315.094
192.21	-2560.870
192.68	-283.779
193.16	-1669.790
193.63	-1946.814
194.11	-2067.434
194.58	-1933.045
195.06	-1579.242
195.53	-1034.500
196.01	-847.443
196.48	-769.855
196.96	-636.389
197.43	-536.176
197.91	-481.847
198.38	-435.427
198.86	-362.878
199.33	-308.591
199.81	-297.488
200.28	-284.917
200.76	-257.489
201.23	-232.157
201.71	-211.541
202.18	-203.093
202.66	-188.579
203.13	-178.455
203.61	-171.659
204.08	-162.532
204.55	-152.290
205.03	-142.514
205.50	-140.894
205.98	-145.256
206.45	-143.784
206.93	-138.897
207.40	-138.871
207.88	-140.314
208.35	-139.190
208.82	-142.211
209.30	-143.800
209.77	-144.416
210.25	-142.664
210.72	-140.565
211.20	-141.643
211.67	-141.674
212.14	-141.192
212.62	-138.656
213.09	-133.841
213.57	-132.503
214.04	-132.800
214.52	-129.931
214.99	-125.574
215.46	-127.928
215.94	-126.797
216.41	-122.077
216.89	-120.152
217.36	-121.355
217.83	-123.379
218.31	-122.619
218.78	-117.426
219.25	-116.399
219.73	-116.281
220.20	-115.410
220.68	-110.340
221.15	-110.933
221.62	-112.104
222.10	-110.351
222.57	-107.693
223.04	-108.966
223.52	-112.236
223.99	-113.980
224.47	-112.796
224.94	-116.542
225.41	-116.369
225.89	-116.608
226.36	-117.110
226.83	-120.905
227.31	-123.015
227.78	-121.167
228.25	-117.769
228.73	-122.167
229.20	-123.161
229.67	-124.565
230.15	-123.187
230.62	-123.484
231.09	-128.626
231.57	-128.679
232.04	-125.227
232.51	-126.554
232.98	-130.455
233.46	-127.729
233.93	-124.138
234.40	-120.863
234.88	-121.665
235.35	-123.023
235.82	-118.941
236.30	-116.237
236.77	-117.125
237.24	-117.764
237.71	-115.014
238.19	-114.184
238.66	-113.142
239.13	-113.627
239.61	-112.828
240.08	-112.451
240.55	-114.556
241.02	-109.045
241.50	-105.596
241.97	-104.620
242.44	-106.095
242.91	-104.056
243.39	-101.892
243.86	-100.340
244.33	-103.464
244.80	-106.628
245.28	-105.449
245.75	-103.457
246.22	-107.434
246.69	-105.713
247.17	-103.573
247.64	-104.345
248.11	-106.689
248.58	-106.755
249.05	-106.536
249.53	-103.494
250.00	-105.744
250.47	-108.030
250.94	-111.637
251.42	-111.316
251.89	-111.214
252.36	-110.811
252.83	-111.868
253.30	-108.795
253.78	-109.336
254.25	-109.393
254.72	-106.639
255.19	-106.911
255.66	-107.691
256.13	-108.150
256.61	-106.004
257.08	-104.138
257.55	-105.154
258.02	-104.502
258.49	-106.252
258.97	-106.474
259.44	-107.624
259.91	-107.409
260.38	-105.049
260.85	-100.866
261.32	-101.968
261.79	-101.463
262.27	-101.521
262.74	-97.405
263.21	-97.248
263.68	-99.810
264.15	-101.691
264.62	-102.052
265.09	-103.031
265.57	-105.241
266.04	-105.477
266.51	-106.617
266.98	-109.937
267.45	-108.745
267.92	-110.295
268.39	-107.548
268.86	-106.034
269.34	-104.052
269.81	-104.300
270.28	-104.192
270.75	-100.725
271.22	-102.412
271.69	-99.981
272.16	-98.101
272.63	-98.801
273.10	-100.137
273.57	-99.220
274.05	-97.449
274.52	-93.523
274.99	-91.905
275.46	-89.950
275.93	-88.169
276.40	-90.067
276.87	-86.714
277.34	-88.224
277.81	-86.883
278.28	-86.371
278.75	-87.598
279.22	-88.919
279.69	-88.217
280.16	-87.697
280.63	-88.817
281.11	-90.344
281.58	-93.552
282.05	-92.803
282.52	-92.611
282.99	-92.841
283.46	-93.637
283.93	-91.605
284.40	-92.670
284.87	-91.870
285.34	-92.831
285.81	-92.897
286.28	-90.248
286.75	-88.344
287.22	-88.027
287.69	-88.164
288.16	-85.978
288.63	-85.306
289.10	-84.966
289.57	-83.582
290.04	-82.621
290.51	-83.320
290.98	-81.917
291.45	-80.943
291.92	-81.592
292.39	-80.752
292.86	-82.590
293.33	-80.388
293.80	-80.742
294.27	-80.512
294.74	-81.569
295.21	-80.357
295.68	-79.286
296.15	-80.783
296.62	-84.059
297.09	-82.230
297.56	-82.587
298.03	-82.608
298.49	-82.307
298.96	-82.175
299.43	-82.274
299.90	-83.743
300.37	-83.275
300.84	-82.126
301.31	-81.004
301.78	-80.080
302.25	-81.680
302.72	-79.526
303.19	-79.726
303.66	-77.272
304.13	-77.079
304.60	-77.074
305.07	-76.376
305.53	-74.470
306.00	-74.145
306.47	-73.187
306.94	-72.887
307.41	-72.002
307.88	-72.445
308.35	-71.392
308.82	-70.445
309.29	-68.781
309.76	-67.948
310.22	-67.954
310.69	-67.273
311.16	-66.447
311.63	-64.933
312.10	-64.512
312.57	-64.124
313.04	-64.555
313.51	-66.354
313.97	-66.831
314.44	-65.270
314.91	-64.959
315.38	-65.048
315.85	-63.968
316.32	-62.728
316.79	-61.384
317.25	-59.952
317.72	-61.298
318.19	-61.606
318.66	-60.054
319.13	-59.646
319.60	-60.779
320.07	-60.196
320.53	-58.512
321.00	-57.656
321.47	-58.740
321.94	-58.351
322.41	-58.268
322.87	-56.864
323.34	-56.852
323.81	-55.596
324.28	-55.414
324.75	-55.361
325.22	-54.680
325.68	-54.235
326.15	-53.822
326.62	-53.868
327.09	-53.418
327.56	-51.941
328.02	-51.170
328.49	-52.379
328.96	-51.648
329.43	-50.001
329.89	-50.572
330.36	-50.851
330.83	-51.957
331.30	-52.046
331.77	-50.814
332.23	-49.512
332.70	-48.192
333.17	-47.766
333.64	-47.831
334.10	-46.206
334.57	-44.992
335.04	-45.204
335.51	-44.884
335.97	-44.147
336.44	-43.010
336.91	-42.900
337.38	-42.641
337.84	-42.034
338.31	-40.636
338.78	-40.861
339.24	-39.860
339.71	-37.293
340.18	-35.149
340.65	-33.772
341.11	-32.071
341.58	-30.982
342.05	-30.049
342.52	-29.450
342.98	-28.810
343.45	-27.543
343.92	-27.064
344.38	-26.799
344.85	-26.845
345.32	-25.545
345.78	-24.442
346.25	-23.756
346.72	-23.093
347.18	-21.872
347.65	-20.956
348.12	-20.223
348.58	-19.850
349.05	-19.075
349.52	-18.799
349.99	-18.452
350.45	-18.163
350.92	-17.620
351.38	-17.158
351.85	-16.552
352.32	-15.987
352.78	-15.138
353.25	-14.237
353.72	-13.343
354.18	-13.226
354.65	-12.232
355.12	-11.693
355.58	-11.237
356.05	-11.060
356.52	-10.695
356.98	-10.182
357.45	-9.515
357.91	-9.175
358.38	-8.590
358.85	-8.268
359.31	-7.803
359.78	-7.847
360.25	-7.657
360.71	-7.066
361.18	-6.482
361.64	-6.352
362.11	-6.342
362.58	-5.954
363.04	-5.803
363.51	-5.699
363.97	-5.311
364.44	-4.836
364.91	-4.515
365.37	-4.496
365.84	-4.242
366.30	-3.898
366.77	-3.664
367.23	-3.548
367.70	-3.537
368.17	-3.287
368.63	-2.882
369.10	-2.734
369.56	-2.601
370.03	-2.236
370.49	-2.218
370.96	-2.225
371.42	-2.166
371.89	-1.900
372.36	-1.623
372.82	-1.489
373.29	-1.389
373.75	-1.094
374.22	-0.871
374.68	-0.719
375.15	-0.615
375.61	-0.455
376.08	-0.257
376.54	-0.171
377.01	-0.095
377.47	0.117
377.94	0.277
378.40	0.293
378.87	0.237
379.33	0.456
379.80	0.652
380.26	0.791
380.73	0.876
381.19	1.031
381.66	1.190
382.12	1.204
382.59	1.233
383.05	1.299
383.52	1.362
383.98	1.388
384.45	1.392
384.91	1.428
385.38	1.570
385.84	1.587
386.31	1.568
386.77	1.604
387.24	1.697
387.70	1.800
388.16	1.858
388.63	2.004
389.09	2.057
389.56	2.111
390.02	2.139
390.49	2.176
390.95	2.235
391.42	2.338
391.88	2.414
392.34	2.478
392.81	2.601
393.27	2.745
393.74	2.799
394.20	2.879
394.67	3.067
395.13	3.171
395.59	3.297
396.06	3.381
396.52	3.508
396.99	3.630
397.45	3.608
397.91	3.632
398.38	3.640
398.84	3.722
399.31	3.767
399.77	3.809
400.23	3.892
400.70	3.997
401.16	3.954
401.63	3.920
402.09	3.969
402.55	3.980
403.02	3.883
403.48	3.807
403.94	3.807
404.41	3.792
404.87	3.743
405.33	3.673
405.80	3.693
406.26	3.680
406.73	3.629
407.19	3.641
407.65	3.692
408.12	3.780
408.58	3.832
409.04	3.862
409.51	3.943
409.97	4.067
410.43	4.157
410.90	4.279
411.36	4.472
411.82	4.650
412.29	4.841
412.75	5.060
413.21	5.312
413.67	5.580
414.14	5.803
414.60	6.001
415.06	6.262
415.53	6.538
415.99	6.800
416.45	7.055
416.92	7.287
417.38	7.505
417.84	7.697
418.30	7.834
418.77	8.003
419.23	8.147
419.69	8.227
420.16	8.283
420.62	8.327
421.08	8.344
421.54	8.319
422.01	8.267
422.47	8.214
422.93	8.144
423.39	8.011
423.86	7.879
424.32	7.754
424.78	7.629
425.24	7.473
425.71	7.296
426.17	7.119
426.63	6.982
427.09	6.830
427.56	6.663
428.02	6.519
428.48	6.361
428.94	6.186
429.41	5.994
429.87	5.873
430.33	5.888
430.79	5.944
431.25	6.030
431.72	6.156
432.18	6.306
432.64	6.503
433.10	6.734
433.56	6.981
434.03	7.293
434.49	7.612
434.95	7.934
435.41	8.287
435.87	8.674
436.34	9.079
436.80	9.499
437.26	9.941
437.72	10.396
438.18	10.878
438.64	11.369
439.11	11.863
439.57	12.340
440.03	12.737
440.49	13.078
440.95	13.389
441.41	13.678
441.88	13.953
442.34	14.190
442.80	14.377
443.26	14.549
443.72	14.684
444.18	14.768
444.64	14.812
445.11	14.838
445.57	14.806
446.03	14.749
446.49	14.642
446.95	14.513
447.41	14.361
447.87	14.175
448.33	13.969
448.79	13.758
449.26	13.522
449.72	13.279
450.18	13.039
450.64	12.800
451.10	12.556
451.56	12.316
452.02	12.083
452.48	11.863
452.94	11.663
453.40	11.491
453.87	11.344
454.33	11.241
454.79	11.162
455.25	11.121
455.71	11.093
456.17	11.122
456.63	11.205
457.09	11.325
457.55	11.474
458.01	11.663
458.47	11.909
458.93	12.201
459.39	12.513
459.85	12.858
460.31	13.246
460.77	13.655
461.24	14.088
461.70	14.556
462.16	15.051
462.62	15.578
463.08	16.090
463.54	16.614
464.00	17.146
464.46	17.678
464.92	18.201
465.38	18.711
465.84	19.218
466.30	19.708
466.76	20.169
467.22	20.600
467.68	21.020
468.14	21.397
468.60	21.735
469.06	22.047
469.52	22.321
469.98	22.564
470.44	22.765
470.90	22.928
471.36	23.046
471.82	23.126
472.28	23.154
472.74	23.141
473.20	23.090
473.66	23.013
474.12	22.887
474.58	22.721
475.04	22.541
475.50	22.316
475.95	22.057
476.41	21.783
476.87	21.494
477.33	21.185
477.79	20.865
478.25	20.524
478.71	20.184
479.17	19.834
479.63	19.482
480.09	19.136
480.55	18.796
481.01	18.476
481.47	18.170
481.93	17.882
482.39	17.626
482.84	17.399
483.30	17.197
483.76	17.032
484.22	16.899
484.68	16.796
485.14	16.733
485.60	16.709
486.06	16.724
486.52	16.782
486.98	16.882
487.44	17.018
487.89	17.202
488.35	17.426
488.81	17.692
489.27	17.992
489.73	18.330
490.19	18.698
490.65	19.102
491.11	19.535
491.56	19.995
492.02	20.479
492.48	20.973
492.94	21.486
493.40	22.011
493.86	22.548
494.32	23.093
494.77	23.645
495.23	24.194
495.69	24.745
496.15	25.283
496.61	25.816
497.07	26.334
497.52	26.845
497.98	27.336
498.44	27.804
498.90	28.254
499.36	28.684
499.82	29.080
500.27	29.444
500.73	29.782
501.19	30.085
501.65	30.351
502.11	30.592
502.56	30.800
503.02	30.974
503.48	31.116
503.94	31.227
504.40	31.298
504.85	31.337
505.31	31.340
505.77	31.310
506.23	31.245
506.69	31.155
507.14	31.027
507.60	30.869
508.06	30.684
508.52	30.464
508.97	30.214
509.43	29.956
509.89	29.662
510.35	29.350
510.80	29.027
511.26	28.697
511.72	28.355
512.18	27.996
512.63	27.627
513.09	27.250
513.55	26.863
514.01	26.486
514.46	26.113
514.92	25.739
515.38	25.378
515.84	25.030
516.29	24.693
516.75	24.372
517.21	24.065
517.66	23.774
518.12	23.518
518.58	23.289
519.04	23.077
519.49	22.904
519.95	22.762
520.41	22.644
520.86	22.557
521.32	22.506
521.78	22.492
522.23	22.511
522.69	22.572
523.15	22.672
523.61	22.807
524.06	22.971
524.52	23.176
524.98	23.413
525.43	23.681
525.89	23.974
526.35	24.293
526.80	24.650
527.26	25.033
527.72	25.436
528.17	25.857
528.63	26.301
529.09	26.759
529.54	27.236
530.00	27.727
530.45	28.227
530.91	28.738
531.37	29.244
531.82	29.757
532.28	30.271
532.74	30.777
533.19	31.279
533.65	31.764
534.10	32.243
534.56	32.702
535.02	33.144
535.47	33.576
535.93	33.994
536.39	34.397
536.84	34.782
537.30	35.148
537.75	35.488
538.21	35.799
538.67	36.092
539.12	36.358
539.58	36.602
540.03	36.821
540.49	37.017
540.94	37.194
541.40	37.337
541.86	37.454
542.31	37.541
542.77	37.601
543.22	37.646
543.68	37.661
544.13	37.658
544.59	37.634
545.05	37.579
545.50	37.499
545.96	37.386
546.41	37.248
546.87	37.089
547.32	36.910
547.78	36.717
548.23	36.495
548.69	36.249
549.14	35.986
549.60	35.702
550.06	35.396
550.51	35.077
550.97	34.752
551.42	34.405
551.88	34.054
552.33	33.684
552.79	33.312
553.24	32.936
553.70	32.555
554.15	32.170
554.61	31.800
555.06	31.427
555.52	31.059
555.97	30.698
556.43	30.345
556.88	30.001
557.34	29.668
557.79	29.358
558.25	29.064
558.70	28.784
559.15	28.530
559.61	28.293
560.06	28.076
560.52	27.883
560.97	27.724
561.43	27.585
561.88	27.482
562.34	27.402
562.79	27.346
563.25	27.321
563.70	27.320
564.16	27.351
564.61	27.414
565.06	27.503
565.52	27.622
565.97	27.768
566.43	27.947
566.88	28.152
567.34	28.381
567.79	28.634
568.24	28.921
568.70	29.221
569.15	29.545
569.61	29.891
570.06	30.252
570.51	30.629
570.97	31.029
571.42	31.446
571.88	31.882
572.33	32.323
572.78	32.774
573.24	33.242
573.69	33.704
574.15	34.176
574.60	34.649
575.05	35.128
575.51	35.614
575.96	36.097
576.42	36.594
576.87	37.086
577.32	37.574
577.78	38.047
578.23	38.524
578.68	38.993
579.14	39.453
579.59	39.896
580.04	40.325
580.50	40.739
580.95	41.138
581.40	41.513
581.86	41.888
582.31	42.244
582.76	42.592
583.22	42.922
583.67	43.231
584.12	43.528
584.58	43.796
585.03	44.035
585.48	44.246
585.94	44.423
586.39	44.575
586.84	44.719
587.30	44.848
587.75	44.946
588.20	45.030
588.66	45.089
589.11	45.126
589.56	45.146
590.01	45.147
590.47	45.122
590.92	45.083
591.37	45.014
591.83	44.919
592.28	44.798
592.73	44.664
593.18	44.507
593.64	44.337
594.09	44.143
594.54	43.945
594.99	43.735
595.45	43.510
595.90	43.263
596.35	42.996
596.80	42.711
597.26	42.414
597.71	42.094
598.16	41.765
598.61	41.432
599.07	41.086
599.52	40.722
599.97	40.357
600.42	39.981
600.88	39.603
601.33	39.218
601.78	38.835
602.23	38.437
602.69	38.042
603.14	37.639
603.59	37.242
604.04	36.840
604.49	36.440
604.95	36.035
605.40	35.650
605.85	35.279
606.30	34.910
606.75	34.554
607.21	34.217
607.66	33.887
608.11	33.568
608.56	33.259
609.01	32.970
609.46	32.697
609.92	32.443
610.37	32.205
610.82	31.994
611.27	31.800
611.72	31.632
612.17	31.482
612.63	31.350
613.08	31.241
613.53	31.157
613.98	31.106
614.43	31.080
614.88	31.073
615.34	31.076
615.79	31.101
616.24	31.148
616.69	31.216
617.14	31.314
617.59	31.427
618.04	31.562
618.49	31.723
618.95	31.900
619.40	32.093
619.85	32.310
620.30	32.538
620.75	32.780
621.20	33.044
621.65	33.322
622.10	33.616
622.55	33.929
623.00	34.254
623.46	34.585
623.91	34.923
624.36	35.271
624.81	35.627
625.26	35.996
625.71	36.369
626.16	36.756
626.61	37.140
627.06	37.536
627.51	37.943
627.96	38.348
628.41	38.751
628.86	39.149
629.32	39.552
629.77	39.956
630.22	40.358
630.67	40.751
631.12	41.145
631.57	41.544
632.02	41.933
632.47	42.307
632.92	42.677
633.37	43.058
633.82	43.421
634.27	43.773
634.72	44.120
635.17	44.452
635.62	44.768
636.07	45.075
636.52	45.360
636.97	45.638
637.42	45.899
637.87	46.143
638.32	46.381
638.77	46.609
639.22	46.823
639.67	47.018
640.12	47.206
640.57	47.376
641.02	47.526
641.47	47.655
641.92	47.781
642.37	47.887
642.82	47.953
643.27	48.013
643.72	48.063
644.17	48.091
644.62	48.112
645.07	48.111
645.52	48.106
645.97	48.093
646.42	48.053
646.87	48.006
647.32	47.969
647.77	47.925
648.22	47.855
648.66	47.762
649.11	47.645
649.56	47.505
650.01	47.363
650.46	47.205
650.91	47.043
651.36	46.858
651.81	46.661
652.26	46.470
652.71	46.254
653.16	46.022
653.61	45.781
654.06	45.529
654.50	45.273
654.95	44.998
655.40	44.717
655.85	44.426
656.30	44.124
656.75	43.799
657.20	43.459
657.65	43.117
658.10	42.764
658.55	42.432
658.99	42.106
659.44	41.765
659.89	41.425
660.34	41.073
660.79	40.721
661.24	40.374
661.69	40.025
662.13	39.687
662.58	39.341
663.03	39.005
663.48	38.668
663.93	38.335
664.38	38.000
664.83	37.672
665.27	37.348
665.72	37.023
666.17	36.709
666.62	36.400
667.07	36.098
667.52	35.815
667.96	35.521
668.41	35.228
668.86	34.949
669.31	34.677
669.76	34.431
670.21	34.196
670.65	33.969
671.10	33.751
671.55	33.545
672.00	33.364
672.45	33.190
672.89	33.029
673.34	32.870
673.79	32.733
674.24	32.602
674.68	32.487
675.13	32.393
675.58	32.316
676.03	32.257
676.48	32.200
676.92	32.155
677.37	32.135
677.82	32.136
678.27	32.143
678.71	32.165
679.16	32.202
679.61	32.253
680.06	32.319
680.50	32.391
680.95	32.492
681.40	32.598
681.85	32.709
682.29	32.834
682.74	32.982
683.19	33.140
683.64	33.313
684.08	33.504
684.53	33.707
684.98	33.918
685.43	34.144
685.87	34.378
686.32	34.626
686.77	34.873
687.21	35.111
687.66	35.377
688.11	35.659
688.55	35.934
689.00	36.206
689.45	36.502
689.90	36.818
690.34	37.122
690.79	37.429
691.24	37.751
691.68	38.075
692.13	38.388
692.58	38.693
693.02	39.018
693.47	39.339
693.92	39.647
694.36	39.944
694.81	40.256
695.26	40.575
695.70	40.873
696.15	41.177
696.60	41.497
697.04	41.810
697.49	42.097
697.94	42.370
698.38	42.670
698.83	42.955
699.27	43.228
699.72	43.483
700.17	43.750
700.61	44.009
701.06	44.268
701.51	44.524
701.95	44.789
702.40	45.039
702.84	45.271
703.29	45.505
703.74	45.735
704.18	45.950
704.63	46.153
705.07	46.357
705.52	46.554
705.97	46.733
706.41	46.897
706.86	47.055
707.30	47.229
707.75	47.387
708.20	47.537
708.64	47.661
709.09	47.777
709.53	47.870
709.98	47.970
710.42	48.041
710.87	48.094
711.32	48.142
711.76	48.167
712.21	48.198
712.65	48.223
713.10	48.246
713.54	48.254
713.99	48.259
714.43	48.256
714.88	48.224
715.33	48.181
715.77	48.139
716.22	48.104
716.66	48.046
717.11	47.967
717.55	47.887
718.00	47.804
718.44	47.717
718.89	47.621
719.33	47.508
719.78	47.403
720.22	47.301
720.67	47.186
721.11	47.069
721.56	46.942
722.00	46.792
722.45	46.629
722.89	46.460
723.34	46.282
723.78	46.120
724.23	45.962
724.67	45.792
725.12	45.597
725.56	45.389
726.01	45.185
726.45	44.968
726.90	44.728
727.34	44.491
727.78	44.270
728.23	44.039
728.67	43.792
729.12	43.538
729.56	43.284
730.01	43.016
730.45	42.731
730.90	42.437
731.34	42.168
731.79	41.902
732.23	41.621
732.67	41.327
733.12	41.018
733.56	40.732
734.01	40.456
734.45	40.164
734.89	39.886
735.34	39.620
735.78	39.361
736.23	39.092
736.67	38.816
737.12	38.536
737.56	38.262
738.00	37.990
738.45	37.731
738.89	37.469
739.34	37.234
739.78	37.023
740.22	36.808
740.67	36.570
741.11	36.325
741.55	36.103
742.00	35.891
742.44	35.675
742.89	35.445
743.33	35.228
743.77	35.043
744.22	34.858
744.66	34.654
745.10	34.451
745.55	34.261
745.99	34.103
746.43	33.951
746.88	33.794
747.32	33.641
747.76	33.503
748.21	33.393
748.65	33.263
749.09	33.132
749.54	33.002
749.98	32.902
750.42	32.823
750.87	32.732
751.31	32.648
751.75	32.592
752.20	32.563
752.64	32.540
753.08	32.511
753.53	32.476
753.97	32.458
754.41	32.465
754.85	32.485
755.30	32.498
755.74	32.521
756.18	32.581
756.63	32.670
757.07	32.759
757.51	32.819
757.95	32.901
758.40	33.001
758.84	33.114
759.28	33.225
759.72	33.340
760.17	33.473
760.61	33.622
761.05	33.765
761.50	33.898
761.94	34.030
762.38	34.172
762.82	34.343
763.26	34.524
763.71	34.695
764.15	34.863
764.59	35.033
765.03	35.202
765.48	35.365
765.92	35.518
766.36	35.670
766.80	35.853
767.25	36.050
767.69	36.242
768.13	36.459
768.57	36.690
769.01	36.924
769.46	37.151
769.90	37.372
770.34	37.603
770.78	37.830
771.22	38.080
771.67	38.348
772.11	38.613
772.55	38.867
772.99	39.108
773.43	39.351
773.87	39.615
774.32	39.888
774.76	40.156
775.20	40.408
775.64	40.671
776.08	40.951
776.52	41.217
776.97	41.474
777.41	41.709
777.85	41.937
778.29	42.179
778.73	42.439
779.17	42.708
779.62	42.960
780.06	43.218
780.50	43.462
780.94	43.696
781.38	43.917
781.82	44.143
782.26	44.384
782.70	44.630
783.15	44.869
783.59	45.097
784.03	45.317
784.47	45.543
784.91	45.744
785.35	45.928
785.79	46.114
786.23	46.303
786.67	46.481
787.11	46.656
787.56	46.811
788.00	46.953
788.44	47.102
788.88	47.259
789.32	47.403
789.76	47.546
790.20	47.692
790.64	47.844
791.08	47.989
791.52	48.115
791.96	48.223
792.40	48.327
792.84	48.448
793.28	48.574
793.73	48.701
794.17	48.820
794.61	48.929
795.05	49.032
795.49	49.115
795.93	49.193
796.37	49.251
796.81	49.315
797.25	49.395
797.69	49.436
798.13	49.455
798.57	49.477
799.01	49.493
799.45	49.478
799.89	49.439
800.33	49.413
800.77	49.409
801.21	49.403
801.65	49.373
802.09	49.323
802.53	49.262
802.97	49.200
803.41	49.148
803.85	49.100
804.29	49.041
804.73	49.009
805.17	48.954
805.61	48.894
806.05	48.825
806.49	48.721
806.93	48.636
807.37	48.560
807.81	48.504
808.25	48.421
808.69	48.322
809.13	48.225
809.57	48.120
810.01	48.003
810.44	47.876
810.88	47.744
811.32	47.619
811.76	47.490
812.20	47.345
812.64	47.191
813.08	47.029
813.52	46.855
813.96	46.659
814.40	46.489
814.84	46.333
815.28	46.165
815.72	46.002
816.16	45.824
816.59	45.658
817.03	45.465
817.47	45.283
817.91	45.127
818.35	44.971
818.79	44.812
819.23	44.634
819.67	44.449
820.11	44.270
820.54	44.065
820.98	43.854
821.42	43.644
821.86	43.425
822.30	43.203
822.74	43.001
823.18	42.791
823.62	42.576
824.05	42.353
824.49	42.153
824.93	41.954
825.37	41.759
825.81	41.554
826.25	41.328
826.69	41.072
827.12	40.805
827.56	40.557
828.00	40.317
828.44	40.087
828.88	39.863
829.32	39.627
829.75	39.405
830.19	39.181
830.63	38.954
831.07	38.740
831.51	38.516
831.94	38.275
832.38	38.051
832.82	37.847
833.26	37.656
833.70	37.447
834.13	37.238
834.57	37.025
835.01	36.811
835.45	36.622
835.89	36.462
836.32	36.306
836.76	36.130
837.20	35.931
837.64	35.747
838.08	35.578
838.51	35.451
838.95	35.317
839.39	35.182
839.83	35.058
840.26	34.945
840.70	34.845
841.14	34.745
841.58	34.652
842.01	34.554
842.45	34.456
842.89	34.353
843.33	34.250
843.76	34.163
844.20	34.078
844.64	33.996
845.08	33.910
845.51	33.833
845.95	33.767
846.39	33.712
846.82	33.649
847.26	33.586
847.70	33.494
848.14	33.414
848.57	33.366
849.01	33.326
849.45	33.264
849.88	33.211
850.32	33.175
850.76	33.141
851.19	33.120
851.63	33.104
852.07	33.099
852.50	33.107
852.94	33.094
853.38	33.081
853.81	33.084
854.25	33.111
854.69	33.136
855.12	33.176
855.56	33.227
856.00	33.289
856.43	33.365
856.87	33.447
857.31	33.546
857.74	33.631
858.18	33.711
858.62	33.791
859.05	33.878
859.49	33.971
859.93	34.061
860.36	34.153
860.80	34.250
861.24	34.348
861.67	34.440
862.11	34.538
862.54	34.646
862.98	34.770
863.42	34.909
863.85	35.059
864.29	35.196
864.72	35.349
865.16	35.487
865.60	35.623
866.03	35.767
866.47	35.897
866.90	36.029
867.34	36.180
867.78	36.367
868.21	36.572
868.65	36.785
869.08	36.991
869.52	37.179
869.95	37.358
870.39	37.541
870.83	37.734
871.26	37.969
871.70	38.219
872.13	38.440
872.57	38.644
873.00	38.834
873.44	39.033
873.87	39.213
874.31	39.393
874.75	39.575
875.18	39.768
875.62	39.959
876.05	40.153
876.49	40.366
876.92	40.601
877.36	40.833
877.79	41.043
878.23	41.245
878.66	41.446
879.10	41.677
879.53	41.916
879.97	42.149
880.40	42.346
880.84	42.557
881.27	42.751
881.71	42.921
882.14	43.113
882.58	43.303
883.01	43.504
883.45	43.713
883.88	43.931
884.32	44.126
884.75	44.325
885.19	44.540
885.62	44.745
886.06	44.944
886.49	45.123
886.92	45.305
887.36	45.508
887.79	45.728
888.23	45.913
888.66	46.084
889.10	46.241
889.53	46.399
889.97	46.527
890.40	46.659
890.83	46.816
891.27	46.960
891.70	47.126
892.14	47.294
892.57	47.471
893.01	47.663
893.44	47.850
893.87	48.029
894.31	48.225
894.74	48.390
895.18	48.503
895.61	48.605
896.04	48.692
896.48	48.764
896.91	48.835
897.35	48.883
897.78	48.937
898.21	49.030
898.65	49.144
899.08	49.242
899.52	49.363
899.95	49.483
900.38	49.616
900.82	49.739
901.25	49.859
901.68	49.988
902.12	50.077
902.55	50.183
902.99	50.307
903.42	50.406
903.85	50.504
904.29	50.609
904.72	50.717
905.15	50.828
905.59	50.950
906.02	51.067
906.45	51.197
906.89	51.320
907.32	51.433
907.75	51.534
908.19	51.615
908.62	51.682
909.05	51.741
909.49	51.753
909.92	51.748
910.35	51.742
910.78	51.719
911.22	51.660
911.65	51.601
912.08	51.541
912.52	51.489
912.95	51.448
913.38	51.389
913.82	51.347
914.25	51.344
914.68	51.302
915.11	51.244
915.55	51.206
915.98	51.164
916.41	51.079
916.84	50.989
917.28	50.939
917.71	50.898
918.14	50.838
918.58	50.791
919.01	50.720
919.44	50.650
919.87	50.574
920.31	50.553
920.74	50.530
921.17	50.472
921.60	50.390
922.03	50.292
922.47	50.209
922.90	50.100
923.33	49.932
923.76	49.810
924.20	49.712
924.63	49.614
925.06	49.501
925.49	49.363
925.92	49.248
926.36	49.124
926.79	48.994
927.22	48.857
927.65	48.729
928.08	48.616
928.52	48.485
928.95	48.334
929.38	48.172
929.81	48.010
930.24	47.877
930.68	47.720
931.11	47.569
931.54	47.419
931.97	47.290
932.40	47.175
932.83	47.062
933.27	46.922
933.70	46.758
934.13	46.593
934.56	46.468
934.99	46.312
935.42	46.132
935.85	45.930
936.29	45.766
936.72	45.607
937.15	45.470
937.58	45.318
938.01	45.168
938.44	45.003
938.87	44.820
939.31	44.609
939.74	44.449
940.17	44.266
940.60	44.081
941.03	43.887
941.46	43.701
941.89	43.509
942.32	43.317
942.75	43.094
943.18	42.896
943.62	42.710
944.05	42.481
944.48	42.259
944.91	42.050
945.34	41.835
945.77	41.625
946.20	41.372
946.63	41.161
947.06	40.954
947.49	40.742
947.92	40.536
948.35	40.308
948.78	40.048
949.22	39.844
949.65	39.602
950.08	39.352
950.51	39.090
950.94	38.853
951.37	38.601
951.80	38.417
952.23	38.233
952.66	38.049
953.09	37.897
953.52	37.729
953.95	37.563
954.38	37.406
954.81	37.215
955.24	37.072
955.67	36.871
956.10	36.699
956.53	36.532
956.96	36.367
957.39	36.242
957.82	36.101
958.25	35.942
958.68	35.786
959.11	35.664
959.54	35.540
959.97	35.379
960.40	35.265
960.83	35.144
961.26	35.014
961.69	34.847
962.12	34.686
962.55	34.518
962.98	34.384
963.41	34.207
963.84	34.063
964.27	33.874
964.70	33.737
965.13	33.606
965.56	33.450
965.99	33.342
966.42	33.205
966.84	33.101
967.27	32.973
967.70	32.887
968.13	32.758
968.56	32.664
968.99	32.569
969.42	32.440
969.85	32.288
970.28	32.158
970.71	32.053
971.14	31.927
971.57	31.861
972.00	31.740
972.42	31.650
972.85	31.576
973.28	31.507
973.71	31.434
974.14	31.295
974.57	31.220
975.00	31.097
975.43	31.035
975.86	30.974
976.28	30.902
976.71	30.829
977.14	30.769
977.57	30.665
978.00	30.576
978.43	30.536
978.86	30.488
979.29	30.385
979.71	30.323
980.14	30.289
980.57	30.250
981.00	30.168
981.43	30.145
981.86	30.086
982.28	30.075
982.71	29.965
983.14	29.926
983.57	29.898
984.00	29.919
984.43	29.880
984.85	29.816
985.28	29.857
985.71	29.897
986.14	29.901
986.57	29.901
986.99	29.894
987.42	29.868
987.85	29.881
988.28	29.905
988.71	29.908
989.13	29.966
989.56	29.971
989.99	30.065
990.42	30.120
990.85	30.181
991.27	30.203
991.70	30.239
992.13	30.289
992.56	30.394
992.98	30.352
993.41	30.328
993.84	30.357
994.27	30.351
994.70	30.387
995.12	30.375
995.55	30.464
995.98	30.563
996.41	30.626
996.83	30.629
997.26	30.715
997.69	30.765
998.11	30.748
998.54	30.778
998.97	30.823
999.40	30.884
999.82	30.969
1000.25	30.992
1000.68	31.162
1001.11	31.286
1001.53	31.293
1001.96	31.379
1002.39	31.487
1002.81	31.541
1003.24	31.588
1003.67	31.572
1004.09	31.620
1004.52	31.656
1004.95	31.742
1005.38	31.757
1005.80	31.836
1006.23	31.951
1006.66	32.045
1007.08	32.174
1007.51	32.236
1007.94	32.295
1008.36	32.319
1008.79	32.300
1009.22	32.356
1009.64	32.316
1010.07	32.382
1010.50	32.396
1010.92	32.472
1011.35	32.619
1011.77	32.751
1012.20	32.779
1012.63	32.910
1013.05	33.030
1013.48	33.102
1013.91	33.037
1014.33	33.094
1014.76	33.148
1015.19	33.151
1015.61	33.037
1016.04	33.010
1016.46	33.091
1016.89	33.193
1017.32	33.215
1017.74	33.186
1018.17	33.186
1018.59	33.461
1019.02	33.405
1019.45	33.502
1019.87	33.438
1020.30	33.461
1020.72	33.473
1021.15	33.410
1021.58	33.332
1022.00	33.303
1022.43	33.243
1022.85	33.317
1023.28	33.494
1023.70	33.583
1024.13	33.637
1024.55	33.786
1024.98	33.862
1025.41	33.962
1025.83	33.868
1026.26	33.917
1026.68	33.979
1027.11	34.155
1027.53	34.018
1027.96	33.986
1028.38	33.953
1028.81	34.143
1029.23	34.121
1029.66	34.051
1030.08	34.172
1030.51	34.282
1030.94	34.501
1031.36	34.564
1031.79	34.617
1032.21	34.544
1032.64	34.464
1033.06	34.190
1033.49	34.071
1033.91	33.876
1034.34	33.726
1034.76	33.707
1035.19	33.613
1035.61	33.554
1036.03	33.394
1036.46	33.164
1036.88	33.175
1037.31	33.106
1037.73	33.026
1038.16	32.877
1038.58	32.711
1039.01	32.622
1039.43	32.591
1039.86	32.378
1040.28	32.230
1040.71	32.088
1041.13	32.015
1041.55	31.829
1041.98	31.883
1042.40	31.921
1042.83	32.002
1043.25	31.872
1043.68	31.694
1044.10	31.628
1044.52	31.809
1044.95	31.463
1045.37	31.313
1045.80	31.155
1046.22	31.107
1046.65	30.950
1047.07	30.739
1047.49	30.896
1047.92	30.821
1048.34	30.451
1048.77	30.309
1049.19	30.082
1049.61	29.810
1050.04	29.428
1050.46	29.148
1050.89	29.089
1051.31	29.105
1051.73	28.795
1052.16	28.463
1052.58	28.208
1053.00	28.106
1053.43	27.580
1053.85	27.387
1054.27	27.265
1054.70	27.152
1055.12	26.895
1055.55	26.357
1055.97	26.163
1056.39	25.868
1056.82	25.806
1057.24	25.595
1057.66	25.396
1058.09	25.344
1058.51	25.288
1058.93	24.952
1059.36	24.569
1059.78	24.017
1060.20	23.248
1060.62	22.488
1061.05	22.142
1061.47	22.070
1061.89	21.502
1062.32	21.127
1062.74	21.134
1063.16	20.737
1063.59	20.486
1064.01	19.546
1064.43	19.252
1064.85	18.680
1065.28	18.351
1065.70	17.474
1066.12	16.540
1066.55	16.084
1066.97	15.681
1067.39	14.701
1067.81	14.007
1068.24	13.672
1068.66	13.644
1069.08	12.895
1069.50	12.540
1069.93	11.676
1070.35	10.968
1070.77	9.975
1071.19	8.798
1071.62	8.357
1072.04	8.175
1072.46	6.831
1072.88	6.318
1073.31	5.844
1073.73	5.388
1074.15	3.744
1074.57	2.539
1075.00	2.060
1075.42	1.028
1075.84	-0.877
1076.26	-2.320
1076.68	-2.668
1077.11	-3.159
1077.53	-5.561
1077.95	-6.124
1078.37	-7.394
1078.79	-7.813
1079.22	-9.226
1079.64	-10.728
1080.06	-11.665
1080.48	-13.596
1080.90	-16.110
1081.32	-17.699
1081.75	-19.504
1082.17	-21.060
1082.59	-23.509
1083.01	-25.702
1083.43	-27.915
1083.85	-28.925
1084.28	-31.461
1084.70	-33.779
1085.12	-35.561
1085.54	-39.337
1085.96	-42.311
1086.38	-44.147
1086.80	-45.664
1087.23	-46.032
1087.65	-48.598
1088.07	-52.218
1088.49	-54.135
1088.91	-55.742
1089.33	-58.018
1089.75	-62.174
1090.17	-64.535
1090.60	-65.844
1091.02	-69.596
1091.44	-72.834
1091.86	-74.342
1092.28	-75.429
1092.70	-78.986
1093.12	-84.568
1093.54	-86.616
1093.96	-89.218
1094.38	-90.758
1094.81	-95.795
1095.23	-98.179
1095.65	-102.339
1096.07	-104.868
1096.49	-111.422
1096.91	-113.965
1097.33	-116.009
1097.75	-123.416
1098.17	-129.125
1098.59	-130.460
1099.01	-131.573
1099.43	-132.964
1099.85	-140.344
1100.27	-144.022
1100.69	-147.351
1101.11	-150.552
1101.53	-155.794
1101.95	-157.266
1102.38	-141.787
1102.80	-260.691
1103.22	-121.512
1103.64	-90.723
1104.06	-309.804
1104.48	-190.339
1104.90	-227.362
1105.32	-175.057
1105.74	-162.066
1106.16	-275.520
