188.40	-119.533
188.88	-282.768
189.35	539.833
189.83	1477.391
190.30	-1466.667
190.78	-253.365
191.26	-437.681
191.73	1049.057
192.21	-908.696
192.68	-238.740
193.16	-1053.262
193.63	-1248.938
194.11	-1341.871
194.58	-1218.252
195.06	-984.947
195.53	-643.415
196.01	-532.645
196.48	-455.888
196.96	-377.792
197.43	-321.319
197.91	-291.056
198.38	-260.950
198.86	-212.592
199.33	-176.771
199.81	-169.752
200.28	-161.979
200.76	-141.627
201.23	-130.790
201.71	-121.579
202.18	-112.643
202.66	-100.218
203.13	-96.254
203.61	-93.202
204.08	-86.079
204.55	-78.076
205.03	-72.241
205.50	-69.945
205.98	-71.633
206.45	-71.839
206.93	-69.575
207.40	-71.699
207.88	-69.548
208.35	-68.213
208.82	-71.590
209.30	-74.568
209.77	-74.327
210.25	-72.602
210.72	-74.035
211.20	-76.392
211.67	-73.001
212.14	-71.093
212.62	-70.910
213.09	-69.091
213.57	-66.845
214.04	-64.171
214.52	-63.599
214.99	-61.880
215.46	-64.487
215.94	-63.551
216.41	-60.271
216.89	-59.885
217.36	-59.658
217.83	-60.463
218.31	-59.156
218.78	-57.128
219.25	-55.841
219.73	-55.180
220.20	-56.416
220.68	-53.304
221.15	-52.329
221.62	-51.879
222.10	-51.735
222.57	-49.666
223.04	-50.207
223.52	-52.341
223.99	-54.152
224.47	-53.343
224.94	-56.835
225.41	-56.940
225.89	-56.917
226.36	-57.919
226.83	-60.540
227.31	-61.299
227.78	-60.100
228.25	-57.768
228.73	-58.933
229.20	-57.436
229.67	-57.176
230.15	-55.328
230.62	-56.402
231.09	-59.398
231.57	-60.785
232.04	-61.175
232.51	-61.535
232.98	-62.268
233.46	-60.172
233.93	-59.438
234.40	-59.493
234.88	-59.139
235.35	-58.721
235.82	-55.661
236.30	-54.783
236.77	-53.577
237.24	-55.481
237.71	-54.713
238.19	-56.149
238.66	-55.432
239.13	-56.859
239.61	-56.805
240.08	-56.863
240.55	-57.248
241.02	-53.204
241.50	-51.104
241.97	-50.122
242.44	-50.668
242.91	-49.560
243.39	-50.035
243.86	-50.847
244.33	-51.430
244.80	-50.973
245.28	-50.780
245.75	-51.835
246.22	-52.744
246.69	-51.273
247.17	-49.553
247.64	-50.329
248.11	-51.592
248.58	-51.359
249.05	-51.331
249.53	-50.340
250.00	-51.496
250.47	-51.748
250.94	-54.259
251.42	-56.356
251.89	-56.244
252.36	-56.040
252.83	-56.691
253.30	-54.421
253.78	-53.584
254.25	-53.426
254.72	-52.434
255.19	-53.639
255.66	-52.632
256.13	-53.354
256.61	-53.519
257.08	-51.733
257.55	-51.975
258.02	-51.049
258.49	-51.977
258.97	-53.955
259.44	-55.709
259.91	-55.384
260.38	-55.203
260.85	-52.591
261.32	-52.510
261.79	-52.240
262.27	-53.006
262.74	-51.538
263.21	-51.440
263.68	-51.917
264.15	-53.442
264.62	-55.389
265.09	-55.571
265.57	-56.688
266.04	-57.648
266.51	-58.627
266.98	-60.655
267.45	-59.265
267.92	-60.108
268.39	-58.406
268.86	-58.418
269.34	-55.369
269.81	-56.047
270.28	-56.057
270.75	-54.839
271.22	-54.444
271.69	-53.438
272.16	-52.751
272.63	-52.741
273.10	-52.290
273.57	-52.035
274.05	-51.149
274.52	-48.851
274.99	-47.614
275.46	-46.487
275.93	-45.384
276.40	-45.622
276.87	-42.852
277.34	-43.487
277.81	-43.131
278.28	-44.368
278.75	-43.579
279.22	-44.528
279.69	-43.279
280.16	-43.765
280.63	-43.445
281.11	-44.717
281.58	-45.833
282.05	-45.279
282.52	-45.821
282.99	-45.126
283.46	-46.539
283.93	-46.433
284.40	-47.824
284.87	-46.632
285.34	-47.661
285.81	-48.745
286.28	-47.754
286.75	-46.772
287.22	-47.434
287.69	-48.035
288.16	-45.565
288.63	-44.132
289.10	-43.130
289.57	-42.413
290.04	-40.280
290.51	-38.099
290.98	-36.757
291.45	-37.468
291.92	-38.280
292.39	-36.841
292.86	-38.246
293.33	-37.205
293.80	-37.718
294.27	-35.792
294.74	-37.538
295.21	-35.800
295.68	-34.629
296.15	-35.235
296.62	-36.338
297.09	-36.254
297.56	-35.320
298.03	-35.186
298.49	-35.270
298.96	-36.551
299.43	-36.083
299.90	-36.875
300.37	-38.352
300.84	-38.985
301.31	-37.482
301.78	-35.631
302.25	-34.817
302.72	-33.546
303.19	-34.140
303.66	-32.564
304.13	-33.034
304.60	-31.676
305.07	-31.894
305.53	-29.978
306.00	-29.538
306.47	-28.834
306.94	-28.878
307.41	-28.794
307.88	-28.873
308.35	-28.965
308.82	-27.264
309.29	-26.712
309.76	-25.960
310.22	-26.423
310.69	-25.900
311.16	-25.058
311.63	-24.714
312.10	-26.524
312.57	-27.211
313.04	-26.098
313.51	-24.835
313.97	-24.628
314.44	-25.352
314.91	-25.387
315.38	-25.147
315.85	-24.502
316.32	-25.212
316.79	-23.273
317.25	-22.821
317.72	-23.876
318.19	-24.645
318.66	-25.512
319.13	-24.828
319.60	-26.243
320.07	-26.698
320.53	-25.974
321.00	-24.842
321.47	-25.634
321.94	-25.670
322.41	-26.079
322.87	-24.430
323.34	-25.618
323.81	-25.387
324.28	-24.523
324.75	-24.676
325.22	-24.740
325.68	-25.526
326.15	-25.695
326.62	-25.398
327.09	-25.040
327.56	-25.243
328.02	-23.900
328.49	-23.867
328.96	-24.144
329.43	-23.646
329.89	-23.758
330.36	-22.202
330.83	-23.567
331.30	-23.530
331.77	-22.611
332.23	-21.104
332.70	-21.307
333.17	-21.623
333.64	-21.542
334.10	-20.116
334.57	-18.778
335.04	-19.526
335.51	-19.739
335.97	-18.948
336.44	-18.318
336.91	-18.092
337.38	-17.253
337.84	-16.368
338.31	-15.418
338.78	-15.384
339.24	-15.018
339.71	-13.670
340.18	-12.760
340.65	-12.605
341.11	-12.161
341.58	-11.277
342.05	-10.398
342.52	-10.311
342.98	-9.771
343.45	-8.896
343.92	-8.543
344.38	-8.789
344.85	-8.485
345.32	-7.380
345.78	-7.141
346.25	-6.961
346.72	-7.357
347.18	-6.468
347.65	-6.198
348.12	-6.271
348.58	-6.399
349.05	-5.961
349.52	-5.422
349.99	-5.844
350.45	-5.449
350.92	-4.932
351.38	-4.402
351.85	-4.638
352.32	-4.483
352.78	-3.941
353.25	-3.352
353.72	-3.190
354.18	-3.239
354.65	-2.867
355.12	-2.161
355.58	-1.536
356.05	-1.735
356.52	-1.277
356.98	-0.976
357.45	-0.861
357.91	-0.707
358.38	-0.729
358.85	-0.182
359.31	-0.125
359.78	-0.264
360.25	-0.207
360.71	0.203
361.18	0.407
361.64	0.235
362.11	0.225
362.58	0.440
363.04	0.312
363.51	0.234
363.97	0.406
364.44	0.650
364.91	0.562
365.37	0.372
365.84	0.437
366.30	0.768
366.77	0.774
367.23	0.773
367.70	0.782
368.17	1.210
368.63	1.331
369.10	1.337
369.56	1.493
370.03	1.766
370.49	1.750
370.96	1.491
371.42	1.713
371.89	1.962
372.36	2.169
372.82	2.162
373.29	2.205
373.75	2.372
374.22	2.490
374.68	2.600
375.15	2.682
375.61	2.903
376.08	2.994
376.54	3.097
377.01	3.069
377.47	3.296
377.94	3.378
378.40	3.372
378.87	3.315
379.33	3.424
379.80	3.459
380.26	3.430
380.73	3.538
381.19	3.591
381.66	3.590
382.12	3.520
382.59	3.530
383.05	3.572
383.52	3.654
383.98	3.646
384.45	3.599
384.91	3.651
385.38	3.708
385.84	3.676
386.31	3.557
386.77	3.629
387.24	3.677
387.70	3.695
388.16	3.712
388.63	3.832
389.09	3.898
389.56	3.985
390.02	4.033
390.49	4.071
390.95	4.152
391.42	4.245
391.88	4.281
392.34	4.328
392.81	4.454
393.27	4.549
393.74	4.559
394.20	4.620
394.67	4.698
395.13	4.804
395.59	4.882
396.06	4.906
396.52	5.023
396.99	5.071
397.45	5.025
397.91	4.993
398.38	4.964
398.84	4.960
399.31	4.918
399.77	4.912
400.23	4.944
400.70	4.947
401.16	4.867
401.63	4.814
402.09	4.839
402.55	4.783
403.02	4.654
403.48	4.601
403.94	4.618
404.41	4.591
404.87	4.508
405.33	4.428
405.80	4.508
406.26	4.504
406.73	4.502
407.19	4.547
407.65	4.625
408.12	4.742
408.58	4.837
409.04	4.941
409.51	5.049
409.97	5.184
410.43	5.326
410.90	5.497
411.36	5.712
411.82	5.883
412.29	6.085
412.75	6.296
413.21	6.534
413.67	6.765
414.14	6.983
414.60	7.167
415.06	7.388
415.53	7.595
415.99	7.791
416.45	7.945
416.92	8.097
417.38	8.247
417.84	8.335
418.30	8.385
418.77	8.422
419.23	8.489
419.69	8.472
420.16	8.436
420.62	8.386
421.08	8.336
421.54	8.253
422.01	8.125
422.47	8.010
422.93	7.899
423.39	7.728
423.86	7.579
424.32	7.431
424.78	7.311
425.24	7.174
425.71	7.000
426.17	6.876
426.63	6.767
427.09	6.663
427.56	6.571
428.02	6.493
428.48	6.453
428.94	6.378
429.41	6.296
429.87	6.265
430.33	6.411
430.79	6.566
431.25	6.754
431.72	6.988
432.18	7.276
432.64	7.580
433.10	7.892
433.56	8.202
434.03	8.585
434.49	8.972
434.95	9.343
435.41	9.729
435.87	10.138
436.34	10.561
436.80	10.963
437.26	11.383
437.72	11.822
438.18	12.246
438.64	12.664
439.11	13.085
439.57	13.476
440.03	13.744
440.49	13.971
440.95	14.166
441.41	14.336
441.88	14.468
442.34	14.571
442.80	14.637
443.26	14.681
443.72	14.675
444.18	14.619
444.64	14.522
445.11	14.427
445.57	14.298
446.03	14.132
446.49	13.942
446.95	13.739
447.41	13.509
447.87	13.262
448.33	13.007
448.79	12.767
449.26	12.524
449.72	12.294
450.18	12.074
450.64	11.875
451.10	11.691
451.56	11.512
452.02	11.338
452.48	11.215
452.94	11.126
453.40	11.069
453.87	11.052
454.33	11.085
454.79	11.156
455.25	11.253
455.71	11.379
456.17	11.561
456.63	11.796
457.09	12.060
457.55	12.355
458.01	12.702
458.47	13.083
458.93	13.502
459.39	13.930
459.85	14.364
460.31	14.829
460.77	15.309
461.24	15.804
461.70	16.319
462.16	16.836
462.62	17.358
463.08	17.852
463.54	18.346
464.00	18.840
464.46	19.311
464.92	19.756
465.38	20.180
465.84	20.599
466.30	20.968
466.76	21.305
467.22	21.612
467.68	21.881
468.14	22.111
468.60	22.299
469.06	22.448
469.52	22.574
469.98	22.652
470.44	22.686
470.90	22.688
471.36	22.648
471.82	22.567
472.28	22.452
472.74	22.309
473.20	22.131
473.66	21.929
474.12	21.697
474.58	21.429
475.04	21.161
475.50	20.858
475.95	20.544
476.41	20.223
476.87	19.892
477.33	19.566
477.79	19.242
478.25	18.914
478.71	18.605
479.17	18.300
479.63	18.011
480.09	17.739
480.55	17.487
481.01	17.271
481.47	17.082
481.93	16.918
482.39	16.790
482.84	16.709
483.30	16.654
483.76	16.637
484.22	16.665
484.68	16.724
485.14	16.831
485.60	16.977
486.06	17.168
486.52	17.404
486.98	17.670
487.44	17.970
487.89	18.311
488.35	18.678
488.81	19.078
489.27	19.504
489.73	19.959
490.19	20.443
490.65	20.943
491.11	21.459
491.56	21.988
492.02	22.527
492.48	23.060
492.94	23.600
493.40	24.144
493.86	24.683
494.32	25.216
494.77	25.730
495.23	26.231
495.69	26.725
496.15	27.189
496.61	27.637
497.07	28.062
497.52	28.467
497.98	28.843
498.44	29.192
498.90	29.514
499.36	29.807
499.82	30.055
500.27	30.270
500.73	30.453
501.19	30.601
501.65	30.718
502.11	30.806
502.56	30.866
503.02	30.883
503.48	30.869
503.94	30.824
504.40	30.748
504.85	30.643
505.31	30.502
505.77	30.337
506.23	30.144
506.69	29.928
507.14	29.683
507.60	29.418
508.06	29.130
508.52	28.828
508.97	28.503
509.43	28.171
509.89	27.820
510.35	27.464
510.80	27.105
511.26	26.746
511.72	26.386
512.18	26.018
512.63	25.658
513.09	25.312
513.55	24.968
514.01	24.641
514.46	24.326
514.92	24.033
515.38	23.756
515.84	23.505
516.29	23.279
516.75	23.080
517.21	22.908
517.66	22.759
518.12	22.640
518.58	22.557
519.04	22.513
519.49	22.504
519.95	22.528
520.41	22.583
520.86	22.668
521.32	22.791
521.78	22.952
522.23	23.143
522.69	23.366
523.15	23.626
523.61	23.921
524.06	24.244
524.52	24.589
524.98	24.961
525.43	25.353
525.89	25.764
526.35	26.193
526.80	26.642
527.26	27.110
527.72	27.593
528.17	28.082
528.63	28.573
529.09	29.074
529.54	29.578
530.00	30.088
530.45	30.589
530.91	31.090
531.37	31.576
531.82	32.060
532.28	32.535
532.74	32.995
533.19	33.433
533.65	33.848
534.10	34.244
534.56	34.619
535.02	34.972
535.47	35.303
535.93	35.613
536.39	35.902
536.84	36.169
537.30	36.410
537.75	36.621
538.21	36.800
538.67	36.953
539.12	37.082
539.58	37.180
540.03	37.256
540.49	37.309
540.94	37.340
541.40	37.332
541.86	37.301
542.31	37.244
542.77	37.165
543.22	37.069
543.68	36.957
544.13	36.824
544.59	36.672
545.05	36.493
545.50	36.290
545.96	36.064
546.41	35.821
546.87	35.562
547.32	35.291
547.78	35.008
548.23	34.711
548.69	34.396
549.14	34.072
549.60	33.738
550.06	33.394
550.51	33.045
550.97	32.699
551.42	32.340
551.88	31.980
552.33	31.614
552.79	31.256
553.24	30.898
553.70	30.553
554.15	30.214
554.61	29.894
555.06	29.588
555.52	29.286
555.97	29.001
556.43	28.733
556.88	28.483
557.34	28.259
557.79	28.057
558.25	27.885
558.70	27.733
559.15	27.608
559.61	27.505
560.06	27.430
560.52	27.386
560.97	27.375
561.43	27.391
561.88	27.447
562.34	27.525
562.79	27.629
563.25	27.757
563.70	27.911
564.16	28.096
564.61	28.306
565.06	28.550
565.52	28.815
565.97	29.108
566.43	29.425
566.88	29.761
567.34	30.118
567.79	30.491
568.24	30.892
568.70	31.302
569.15	31.722
569.61	32.156
570.06	32.596
570.51	33.050
570.97	33.517
571.42	33.983
571.88	34.468
572.33	34.947
572.78	35.426
573.24	35.910
573.69	36.380
574.15	36.855
574.60	37.319
575.05	37.784
575.51	38.246
575.96	38.699
576.42	39.147
576.87	39.587
577.32	40.017
577.78	40.423
578.23	40.830
578.68	41.221
579.14	41.603
579.59	41.963
580.04	42.296
580.50	42.608
580.95	42.900
581.40	43.166
581.86	43.427
582.31	43.671
582.76	43.900
583.22	44.111
583.67	44.299
584.12	44.475
584.58	44.622
585.03	44.733
585.48	44.817
585.94	44.874
586.39	44.899
586.84	44.914
587.30	44.918
587.75	44.891
588.20	44.854
588.66	44.789
589.11	44.703
589.56	44.609
590.01	44.496
590.47	44.359
590.92	44.207
591.37	44.032
591.83	43.831
592.28	43.606
592.73	43.374
593.18	43.121
593.64	42.855
594.09	42.569
594.54	42.285
594.99	41.994
595.45	41.694
595.90	41.384
596.35	41.057
596.80	40.712
597.26	40.363
597.71	40.001
598.16	39.631
598.61	39.263
599.07	38.888
599.52	38.504
599.97	38.127
600.42	37.744
600.88	37.360
601.33	36.982
601.78	36.614
602.23	36.239
602.69	35.871
603.14	35.507
603.59	35.151
604.04	34.802
604.49	34.459
604.95	34.120
605.40	33.809
605.85	33.512
606.30	33.226
606.75	32.959
607.21	32.712
607.66	32.483
608.11	32.273
608.56	32.074
609.01	31.903
609.46	31.750
609.92	31.620
610.37	31.513
610.82	31.429
611.27	31.369
611.72	31.337
612.17	31.328
612.63	31.334
613.08	31.362
613.53	31.416
613.98	31.501
614.43	31.611
614.88	31.734
615.34	31.871
615.79	32.031
616.24	32.207
616.69	32.402
617.14	32.620
617.59	32.848
618.04	33.102
618.49	33.368
618.95	33.648
619.40	33.943
619.85	34.263
620.30	34.592
620.75	34.924
621.20	35.270
621.65	35.621
622.10	35.987
622.55	36.367
623.00	36.754
623.46	37.141
623.91	37.519
624.36	37.908
624.81	38.304
625.26	38.700
625.71	39.093
626.16	39.498
626.61	39.899
627.06	40.297
627.51	40.692
627.96	41.085
628.41	41.476
628.86	41.854
629.32	42.219
629.77	42.586
630.22	42.950
630.67	43.301
631.12	43.644
631.57	43.984
632.02	44.312
632.47	44.620
632.92	44.922
633.37	45.239
633.82	45.531
634.27	45.803
634.72	46.064
635.17	46.317
635.62	46.545
636.07	46.759
636.52	46.953
636.97	47.139
637.42	47.309
637.87	47.460
638.32	47.594
638.77	47.725
639.22	47.843
639.67	47.935
640.12	48.019
640.57	48.091
641.02	48.144
641.47	48.176
641.92	48.203
642.37	48.203
642.82	48.171
643.27	48.120
643.72	48.066
644.17	48.002
644.62	47.922
645.07	47.830
645.52	47.726
645.97	47.621
646.42	47.493
646.87	47.357
647.32	47.228
647.77	47.099
648.22	46.945
648.66	46.766
649.11	46.573
649.56	46.356
650.01	46.134
650.46	45.908
650.91	45.681
651.36	45.428
651.81	45.170
652.26	44.914
652.71	44.644
653.16	44.363
653.61	44.069
654.06	43.775
654.50	43.468
654.95	43.155
655.40	42.830
655.85	42.509
656.30	42.177
656.75	41.822
657.20	41.464
657.65	41.110
658.10	40.748
658.55	40.405
658.99	40.075
659.44	39.741
659.89	39.401
660.34	39.051
660.79	38.714
661.24	38.390
661.69	38.062
662.13	37.749
662.58	37.435
663.03	37.136
663.48	36.833
663.93	36.541
664.38	36.256
664.83	35.985
665.27	35.711
665.72	35.445
666.17	35.198
666.62	34.950
667.07	34.713
667.52	34.497
667.96	34.279
668.41	34.066
668.86	33.869
669.31	33.686
669.76	33.528
670.21	33.377
670.65	33.241
671.10	33.116
671.55	33.008
672.00	32.918
672.45	32.839
672.89	32.777
673.34	32.724
673.79	32.690
674.24	32.659
674.68	32.648
675.13	32.659
675.58	32.687
676.03	32.729
676.48	32.775
676.92	32.830
677.37	32.912
677.82	33.009
678.27	33.106
678.71	33.213
679.16	33.340
679.61	33.482
680.06	33.631
680.50	33.791
680.95	33.977
681.40	34.170
681.85	34.359
682.29	34.563
682.74	34.780
683.19	35.003
683.64	35.239
684.08	35.494
684.53	35.754
684.98	36.026
685.43	36.305
685.87	36.592
686.32	36.885
686.77	37.166
687.21	37.437
687.66	37.736
688.11	38.055
688.55	38.356
689.00	38.656
689.45	38.978
689.90	39.309
690.34	39.623
690.79	39.934
691.24	40.257
691.68	40.580
692.13	40.889
692.58	41.188
693.02	41.500
693.47	41.799
693.92	42.089
694.36	42.358
694.81	42.645
695.26	42.926
695.70	43.203
696.15	43.480
696.60	43.770
697.04	44.047
697.49	44.297
697.94	44.531
698.38	44.778
698.83	45.013
699.27	45.239
699.72	45.444
700.17	45.660
700.61	45.867
701.06	46.065
701.51	46.263
701.95	46.470
702.40	46.662
702.84	46.845
703.29	47.024
703.74	47.193
704.18	47.350
704.63	47.499
705.07	47.633
705.52	47.765
705.97	47.880
706.41	47.976
706.86	48.062
707.30	48.161
707.75	48.259
708.20	48.333
708.64	48.389
709.09	48.430
709.53	48.456
709.98	48.481
710.42	48.485
710.87	48.467
711.32	48.438
711.76	48.399
712.21	48.354
712.65	48.302
713.10	48.255
713.54	48.186
713.99	48.118
714.43	48.050
714.88	47.949
715.33	47.832
715.77	47.726
716.22	47.621
716.66	47.493
717.11	47.347
717.55	47.204
718.00	47.060
718.44	46.916
718.89	46.754
719.33	46.597
719.78	46.443
720.22	46.287
720.67	46.117
721.11	45.947
721.56	45.774
722.00	45.579
722.45	45.369
722.89	45.163
723.34	44.948
723.78	44.746
724.23	44.549
724.67	44.349
725.12	44.125
725.56	43.894
726.01	43.667
726.45	43.424
726.90	43.165
727.34	42.892
727.78	42.645
728.23	42.394
728.67	42.123
729.12	41.852
729.56	41.591
730.01	41.319
730.45	41.026
730.90	40.723
731.34	40.450
731.79	40.182
732.23	39.899
732.67	39.608
733.12	39.305
733.56	39.029
734.01	38.758
734.45	38.478
734.89	38.215
735.34	37.973
735.78	37.738
736.23	37.493
736.67	37.249
737.12	37.002
737.56	36.761
738.00	36.518
738.45	36.287
738.89	36.062
739.34	35.865
739.78	35.691
740.22	35.517
740.67	35.329
741.11	35.138
741.55	34.967
742.00	34.802
742.44	34.638
742.89	34.466
743.33	34.311
743.77	34.178
744.22	34.055
744.66	33.909
745.10	33.768
745.55	33.641
745.99	33.549
746.43	33.461
746.88	33.377
747.32	33.293
747.76	33.227
748.21	33.187
748.65	33.130
749.09	33.069
749.54	33.017
749.98	32.987
750.42	32.981
750.87	32.961
751.31	32.948
751.75	32.961
752.20	32.992
752.64	33.035
753.08	33.077
753.53	33.106
753.97	33.161
754.41	33.227
754.85	33.318
755.30	33.401
755.74	33.484
756.18	33.601
756.63	33.751
757.07	33.902
757.51	34.018
757.95	34.154
758.40	34.312
758.84	34.478
759.28	34.642
759.72	34.802
760.17	34.983
760.61	35.179
761.05	35.371
761.50	35.557
761.94	35.735
762.38	35.918
762.82	36.132
763.26	36.348
763.71	36.566
764.15	36.773
764.59	36.974
765.03	37.180
765.48	37.381
765.92	37.565
766.36	37.744
766.80	37.948
767.25	38.168
767.69	38.382
768.13	38.615
768.57	38.857
769.01	39.100
769.46	39.335
769.90	39.570
770.34	39.799
770.78	40.028
771.22	40.284
771.67	40.563
772.11	40.823
772.55	41.076
772.99	41.310
773.43	41.538
773.87	41.797
774.32	42.056
774.76	42.313
775.20	42.551
775.64	42.789
776.08	43.053
776.52	43.296
776.97	43.534
777.41	43.750
777.85	43.965
778.29	44.186
778.73	44.424
779.17	44.666
779.62	44.887
780.06	45.115
780.50	45.321
780.94	45.512
781.38	45.702
781.82	45.889
782.26	46.095
782.70	46.301
783.15	46.494
783.59	46.686
784.03	46.855
784.47	47.030
784.91	47.190
785.35	47.332
785.79	47.478
786.23	47.624
786.67	47.759
787.11	47.891
787.56	48.004
788.00	48.117
788.44	48.219
788.88	48.338
789.32	48.440
789.76	48.540
790.20	48.633
790.64	48.730
791.08	48.831
791.52	48.910
791.96	48.968
792.40	49.023
792.84	49.088
793.28	49.167
793.73	49.245
794.17	49.319
794.61	49.379
795.05	49.437
795.49	49.460
795.93	49.486
796.37	49.483
796.81	49.502
797.25	49.516
797.69	49.512
798.13	49.489
798.57	49.464
799.01	49.432
799.45	49.380
799.89	49.306
800.33	49.231
800.77	49.175
801.21	49.140
801.65	49.078
802.09	48.989
802.53	48.888
802.97	48.781
803.41	48.689
803.85	48.597
804.29	48.497
804.73	48.432
805.17	48.332
805.61	48.231
806.05	48.106
806.49	47.954
806.93	47.827
807.37	47.710
807.81	47.609
808.25	47.489
808.69	47.353
809.13	47.222
809.57	47.081
810.01	46.930
810.44	46.760
810.88	46.593
811.32	46.436
811.76	46.280
812.20	46.121
812.64	45.940
813.08	45.749
813.52	45.539
813.96	45.308
814.40	45.118
814.84	44.941
815.28	44.762
815.72	44.586
816.16	44.392
816.59	44.206
817.03	44.003
817.47	43.813
817.91	43.644
818.35	43.472
818.79	43.293
819.23	43.103
819.67	42.909
820.11	42.718
820.54	42.509
820.98	42.284
821.42	42.071
821.86	41.857
822.30	41.650
822.74	41.455
823.18	41.254
823.62	41.041
824.05	40.823
824.49	40.622
824.93	40.430
825.37	40.244
825.81	40.041
826.25	39.825
826.69	39.586
827.12	39.331
827.56	39.089
828.00	38.861
828.44	38.652
828.88	38.445
829.32	38.228
829.75	38.023
830.19	37.831
830.63	37.625
831.07	37.430
831.51	37.228
831.94	37.013
832.38	36.816
832.82	36.627
833.26	36.459
833.70	36.291
834.13	36.113
834.57	35.929
835.01	35.762
835.45	35.615
835.89	35.484
836.32	35.365
836.76	35.228
837.20	35.082
837.64	34.944
838.08	34.825
838.51	34.735
838.95	34.653
839.39	34.562
839.83	34.481
840.26	34.407
840.70	34.344
841.14	34.296
841.58	34.245
842.01	34.201
842.45	34.163
842.89	34.108
843.33	34.049
843.76	34.007
844.20	33.976
844.64	33.940
845.08	33.903
845.51	33.872
845.95	33.860
846.39	33.859
846.82	33.844
847.26	33.816
847.70	33.778
848.14	33.741
848.57	33.721
849.01	33.717
849.45	33.712
849.88	33.706
850.32	33.712
850.76	33.741
851.19	33.782
851.63	33.817
852.07	33.860
852.50	33.926
852.94	33.972
853.38	34.006
853.81	34.046
854.25	34.113
854.69	34.195
855.12	34.290
855.56	34.375
856.00	34.466
856.43	34.596
856.87	34.717
857.31	34.853
857.74	34.996
858.18	35.113
858.62	35.233
859.05	35.362
859.49	35.488
859.93	35.607
860.36	35.724
860.80	35.843
861.24	35.975
861.67	36.101
862.11	36.228
862.54	36.364
862.98	36.521
863.42	36.683
863.85	36.849
864.29	37.000
864.72	37.170
865.16	37.341
865.60	37.499
866.03	37.660
866.47	37.810
866.90	37.960
867.34	38.146
867.78	38.348
868.21	38.562
868.65	38.779
869.08	39.012
869.52	39.225
869.95	39.419
870.39	39.610
870.83	39.812
871.26	40.047
871.70	40.298
872.13	40.520
872.57	40.739
873.00	40.934
873.44	41.139
873.87	41.320
874.31	41.510
874.75	41.699
875.18	41.887
875.62	42.093
876.05	42.292
876.49	42.501
876.92	42.737
877.36	42.969
877.79	43.186
878.23	43.376
878.66	43.570
879.10	43.790
879.53	44.017
879.97	44.238
880.40	44.423
880.84	44.604
881.27	44.787
881.71	44.958
882.14	45.138
882.58	45.311
883.01	45.513
883.45	45.714
883.88	45.896
884.32	46.071
884.75	46.247
885.19	46.427
885.62	46.601
886.06	46.756
886.49	46.917
886.92	47.088
887.36	47.260
887.79	47.422
888.23	47.581
888.66	47.730
889.10	47.852
889.53	47.976
889.97	48.099
890.40	48.226
890.83	48.341
891.27	48.446
891.70	48.580
892.14	48.716
892.57	48.854
893.01	49.025
893.44	49.197
893.87	49.360
894.31	49.534
894.74	49.689
895.18	49.800
895.61	49.882
896.04	49.947
896.48	50.004
896.91	50.064
897.35	50.112
897.78	50.154
898.21	50.215
898.65	50.318
899.08	50.408
899.52	50.488
899.95	50.574
900.38	50.689
900.82	50.798
901.25	50.901
901.68	50.989
902.12	51.048
902.55	51.116
902.99	51.213
903.42	51.270
903.85	51.327
904.29	51.394
904.72	51.464
905.15	51.526
905.59	51.587
906.02	51.668
906.45	51.752
906.89	51.830
907.32	51.918
907.75	51.983
908.19	52.011
908.62	52.030
909.05	52.031
909.49	52.018
909.92	51.982
910.35	51.923
910.78	51.850
911.22	51.762
911.65	51.678
912.08	51.571
912.52	51.474
912.95	51.397
913.38	51.318
913.82	51.228
914.25	51.159
914.68	51.099
915.11	51.035
915.55	50.938
915.98	50.843
916.41	50.747
916.84	50.631
917.28	50.537
917.71	50.452
918.14	50.405
918.58	50.333
919.01	50.242
919.44	50.133
919.87	50.057
920.31	50.023
920.74	49.984
921.17	49.888
921.60	49.805
922.03	49.703
922.47	49.584
922.90	49.458
923.33	49.330
923.76	49.202
924.20	49.076
924.63	48.957
925.06	48.838
925.49	48.670
925.92	48.538
926.36	48.407
926.79	48.267
927.22	48.131
927.65	47.987
928.08	47.834
928.52	47.705
928.95	47.543
929.38	47.364
929.81	47.182
930.24	47.027
930.68	46.872
931.11	46.696
931.54	46.535
931.97	46.403
932.40	46.275
932.83	46.130
933.27	45.966
933.70	45.797
934.13	45.641
934.56	45.517
934.99	45.334
935.42	45.152
935.85	44.987
936.29	44.779
936.72	44.586
937.15	44.432
937.58	44.282
938.01	44.139
938.44	43.961
938.87	43.776
939.31	43.616
939.74	43.448
940.17	43.283
940.60	43.108
941.03	42.930
941.46	42.748
941.89	42.579
942.32	42.382
942.75	42.220
943.18	42.032
943.62	41.829
944.05	41.619
944.48	41.398
944.91	41.191
945.34	40.977
945.77	40.771
946.20	40.577
946.63	40.377
947.06	40.160
947.49	39.939
947.92	39.738
948.35	39.496
948.78	39.246
949.22	39.000
949.65	38.778
950.08	38.557
950.51	38.307
950.94	38.071
951.37	37.882
951.80	37.694
952.23	37.516
952.66	37.355
953.09	37.234
953.52	37.132
953.95	36.991
954.38	36.881
954.81	36.744
955.24	36.592
955.67	36.441
956.10	36.302
956.53	36.199
956.96	36.096
957.39	35.976
957.82	35.882
958.25	35.789
958.68	35.683
959.11	35.564
959.54	35.445
959.97	35.323
960.40	35.250
960.83	35.144
961.26	34.999
961.69	34.848
962.12	34.719
962.55	34.558
962.98	34.374
963.41	34.219
963.84	34.138
964.27	34.044
964.70	33.912
965.13	33.803
965.56	33.721
965.99	33.604
966.42	33.508
966.84	33.408
967.27	33.323
967.70	33.254
968.13	33.164
968.56	33.105
968.99	33.047
969.42	32.937
969.85	32.823
970.28	32.772
970.71	32.760
971.14	32.682
971.57	32.605
972.00	32.569
972.42	32.530
972.85	32.476
973.28	32.396
973.71	32.313
974.14	32.271
974.57	32.204
975.00	32.149
975.43	32.093
975.86	32.072
976.28	32.058
976.71	31.991
977.14	31.949
977.57	31.934
978.00	31.915
978.43	31.889
978.86	31.873
979.29	31.876
979.71	31.859
980.14	31.827
980.57	31.798
981.00	31.843
981.43	31.875
981.86	31.840
982.28	31.820
982.71	31.889
983.14	31.886
983.57	31.836
984.00	31.800
984.43	31.855
984.85	31.943
985.28	32.015
985.71	32.062
986.14	32.101
986.57	32.175
986.99	32.212
987.42	32.177
987.85	32.237
988.28	32.320
988.71	32.313
989.13	32.353
989.56	32.457
989.99	32.571
990.42	32.668
990.85	32.751
991.27	32.805
991.70	32.927
992.13	32.970
992.56	33.049
992.98	33.144
993.41	33.267
993.84	33.308
994.27	33.316
994.70	33.402
995.12	33.559
995.55	33.668
995.98	33.777
996.41	33.879
996.83	34.003
997.26	34.073
997.69	34.209
998.11	34.261
998.54	34.384
998.97	34.456
999.40	34.519
999.82	34.627
1000.25	34.852
1000.68	34.990
1001.11	35.119
1001.53	35.229
1001.96	35.370
1002.39	35.462
1002.81	35.522
1003.24	35.579
1003.67	35.699
1004.09	35.674
1004.52	35.675
1004.95	35.657
1005.38	35.853
1005.80	35.979
1006.23	36.084
1006.66	36.120
1007.08	36.345
1007.51	36.465
1007.94	36.549
1008.36	36.544
1008.79	36.684
1009.22	36.689
1009.64	36.687
1010.07	36.776
1010.50	36.905
1010.92	37.023
1011.35	37.011
1011.77	36.951
1012.20	37.031
1012.63	37.094
1013.05	37.182
1013.48	37.118
1013.91	37.315
1014.33	37.371
1014.76	37.403
1015.19	37.387
1015.61	37.441
1016.04	37.443
1016.46	37.608
1016.89	37.581
1017.32	37.704
1017.74	37.731
1018.17	37.863
1018.59	37.912
1019.02	37.897
1019.45	37.947
1019.87	37.970
1020.30	38.081
1020.72	38.319
1021.15	38.453
1021.58	38.581
1022.00	38.676
1022.43	38.847
1022.85	38.920
1023.28	38.962
1023.70	38.995
1024.13	38.992
1024.55	39.113
1024.98	39.247
1025.41	39.102
1025.83	39.154
1026.26	39.215
1026.68	39.223
1027.11	39.083
1027.53	38.926
1027.96	39.041
1028.38	39.191
1028.81	39.197
1029.23	39.260
1029.66	39.366
1030.08	39.466
1030.51	39.404
1030.94	39.417
1031.36	39.490
1031.79	39.537
1032.21	39.552
1032.64	39.489
1033.06	39.518
1033.49	39.496
1033.91	39.451
1034.34	39.412
1034.76	39.518
1035.19	39.506
1035.61	39.521
1036.03	39.477
1036.46	39.603
1036.88	39.561
1037.31	39.304
1037.73	39.215
1038.16	39.195
1038.58	39.017
1039.01	38.884
1039.43	38.834
1039.86	39.034
1040.28	39.049
1040.71	38.947
1041.13	38.839
1041.55	38.827
1041.98	38.881
1042.40	38.776
1042.83	38.470
1043.25	38.385
1043.68	38.174
1044.10	38.088
1044.52	37.858
1044.95	37.896
1045.37	37.964
1045.80	37.801
1046.22	37.775
1046.65	37.601
1047.07	37.486
1047.49	37.521
1047.92	37.323
1048.34	37.142
1048.77	36.951
1049.19	36.912
1049.61	36.608
1050.04	36.418
1050.46	36.706
1050.89	36.708
1051.31	36.341
1051.73	36.584
1052.16	36.634
1052.58	36.438
1053.00	36.149
1053.43	36.021
1053.85	35.971
1054.27	35.882
1054.70	35.813
1055.12	35.578
1055.55	35.989
1055.97	35.872
1056.39	35.855
1056.82	35.541
1057.24	35.526
1057.66	35.302
1058.09	34.937
1058.51	34.697
1058.93	34.605
1059.36	34.186
1059.78	33.903
1060.20	33.595
1060.62	33.506
1061.05	33.253
1061.47	33.189
1061.89	32.847
1062.32	32.663
1062.74	32.598
1063.16	31.842
1063.59	31.184
1064.01	31.415
1064.43	30.794
1064.85	30.241
1065.28	29.634
1065.70	29.738
1066.12	29.306
1066.55	29.214
1066.97	28.651
1067.39	28.579
1067.81	28.155
1068.24	27.312
1068.66	26.564
1069.08	26.519
1069.50	25.690
1069.93	25.204
1070.35	24.304
1070.77	24.117
1071.19	24.019
1071.62	23.185
1072.04	22.817
1072.46	22.593
1072.88	21.624
1073.31	21.040
1073.73	20.128
1074.15	19.346
1074.57	18.430
1075.00	17.793
1075.42	16.154
1075.84	15.551
1076.26	14.003
1076.68	13.416
1077.11	12.151
1077.53	11.147
1077.95	11.126
1078.37	10.416
1078.79	9.247
1079.22	8.738
1079.64	7.684
1080.06	6.407
1080.48	4.689
1080.90	3.348
1081.32	2.954
1081.75	1.727
1082.17	-0.424
1082.59	-1.636
1083.01	-2.543
1083.43	-3.670
1083.85	-4.787
1084.28	-6.719
1084.70	-7.992
1085.12	-7.831
1085.54	-10.618
1085.96	-12.129
1086.38	-13.273
1086.80	-14.400
1087.23	-16.435
1087.65	-17.028
1088.07	-18.707
1088.49	-20.384
1088.91	-22.835
1089.33	-24.057
1089.75	-25.899
1090.17	-28.063
1090.60	-30.384
1091.02	-32.444
1091.44	-33.174
1091.86	-34.213
1092.28	-36.758
1092.70	-39.835
1093.12	-41.289
1093.54	-43.945
1093.96	-47.104
1094.38	-48.409
1094.81	-50.947
1095.23	-52.346
1095.65	-56.542
1096.07	-57.729
1096.49	-62.424
1096.91	-64.233
1097.33	-67.508
1097.75	-70.853
1098.17	-71.747
1098.59	-71.927
1099.01	-72.520
1099.43	-74.979
1099.85	-79.636
1100.27	-83.122
1100.69	-87.634
1101.11	-89.968
1101.53	-92.227
1101.95	-92.811
1102.38	-40.338
1102.80	-117.542
1103.22	-54.070
1103.64	-107.850
1104.06	-265.241
1104.48	-101.747
1104.90	-148.098
1105.32	-124.023
1105.74	-91.268
1106.16	-121.920
