188.40	-31.386
188.88	-31.593
189.35	29.526
189.83	435.652
190.30	-701.961
190.78	-112.500
191.26	-58.454
191.73	501.887
192.21	-1123.188
192.68	-5.916
193.16	-354.330
193.63	-443.767
194.11	-473.017
194.58	-446.563
195.06	-370.158
195.53	-221.355
196.01	-168.587
196.48	-141.215
196.96	-118.663
197.43	-87.637
197.91	-78.680
198.38	-74.149
198.86	-59.086
199.33	-42.114
199.81	-38.260
200.28	-38.306
200.76	-35.288
201.23	-29.486
201.71	-21.910
202.18	-18.040
202.66	-14.993
203.13	-13.307
203.61	-9.090
204.08	-7.285
204.55	-6.104
205.03	-4.418
205.50	-3.977
205.98	-5.464
206.45	-7.482
206.93	-4.745
207.40	-4.370
207.88	-1.941
208.35	-2.493
208.82	-3.121
209.30	-1.948
209.77	-0.722
210.25	-1.652
210.72	-0.664
211.20	0.339
211.67	0.249
212.14	-0.161
212.62	-1.709
213.09	-0.418
213.57	1.502
214.04	1.936
214.52	1.376
214.99	3.582
215.46	3.826
215.94	2.757
216.41	2.570
216.89	2.705
217.36	2.898
217.83	0.820
218.31	1.255
218.78	3.339
219.25	4.212
219.73	3.783
220.20	4.287
220.68	6.442
221.15	7.261
221.62	7.646
222.10	5.378
222.57	8.285
223.04	10.331
223.52	9.358
223.99	7.647
224.47	9.649
224.94	9.059
225.41	8.652
225.89	7.545
226.36	10.798
226.83	11.126
227.31	10.592
227.78	10.910
228.25	10.606
228.73	10.602
229.20	9.657
229.67	7.714
230.15	7.650
230.62	7.408
231.09	5.629
231.57	4.084
232.04	5.966
232.51	6.846
232.98	5.212
233.46	3.424
233.93	3.574
234.40	4.274
234.88	5.376
235.35	1.434
235.82	3.743
236.30	3.985
236.77	3.690
237.24	0.547
237.71	-0.042
238.19	1.718
238.66	3.232
239.13	1.849
239.61	0.698
240.08	2.199
240.55	2.476
241.02	3.626
241.50	3.616
241.97	4.657
242.44	4.322
242.91	3.808
243.39	3.191
243.86	5.549
244.33	5.241
244.80	3.103
245.28	4.145
245.75	5.836
246.22	4.224
246.69	3.992
247.17	4.732
247.64	4.112
248.11	4.930
248.58	2.014
249.05	-0.396
249.53	1.752
250.00	1.431
250.47	-0.927
250.94	-4.440
251.42	-3.054
251.89	-1.197
252.36	-2.311
252.83	-3.780
253.30	-0.141
253.78	-0.564
254.25	-1.442
254.72	-1.035
255.19	0.922
255.66	0.896
256.13	-0.254
256.61	-0.705
257.08	0.408
257.55	1.655
258.02	-0.971
258.49	-2.185
258.97	-1.324
259.44	1.152
259.91	2.502
260.38	3.823
260.85	5.837
261.32	5.808
261.79	5.571
262.27	5.477
262.74	8.041
263.21	7.894
263.68	7.097
264.15	5.925
264.62	5.464
265.09	5.796
265.57	5.019
266.04	2.786
266.51	3.160
266.98	3.456
267.45	3.112
267.92	3.249
268.39	4.073
268.86	7.146
269.34	5.363
269.81	2.600
270.28	1.584
270.75	3.304
271.22	2.736
271.69	1.629
272.16	1.010
272.63	1.452
273.10	0.049
273.57	-0.863
274.05	-1.407
274.52	-0.097
274.99	-0.622
275.46	-1.947
275.93	0.090
276.40	1.213
276.87	2.304
277.34	1.726
277.81	1.039
278.28	1.502
278.75	0.802
279.22	0.220
279.69	-0.417
280.16	-0.139
280.63	0.195
281.11	-1.133
281.58	-4.073
282.05	-3.052
282.52	-2.412
282.99	-1.493
283.46	-2.603
283.93	-1.817
284.40	-0.985
284.87	-0.231
285.34	0.548
285.81	0.351
286.28	0.760
286.75	1.925
287.22	0.169
287.69	1.342
288.16	3.096
288.63	3.491
289.10	3.280
289.57	4.554
290.04	5.901
290.51	5.414
290.98	5.223
291.45	7.364
291.92	7.709
292.39	7.272
292.86	5.938
293.33	8.181
293.80	9.121
294.27	7.854
294.74	5.069
295.21	4.924
295.68	5.739
296.15	5.367
296.62	2.935
297.09	4.978
297.56	6.212
298.03	5.670
298.49	4.204
298.96	4.612
299.43	6.015
299.90	6.441
300.37	5.516
300.84	6.130
301.31	7.313
301.78	7.865
302.25	7.917
302.72	7.905
303.19	9.053
303.66	10.841
304.13	10.639
304.60	11.478
305.07	12.835
305.53	13.948
306.00	12.785
306.47	13.366
306.94	14.385
307.41	14.995
307.88	14.038
308.35	13.753
308.82	14.250
309.29	13.670
309.76	12.335
310.22	11.669
310.69	12.671
311.16	12.967
311.63	12.142
312.10	11.065
312.57	12.123
313.04	11.050
313.51	9.447
313.97	8.908
314.44	10.322
314.91	10.458
315.38	9.722
315.85	9.147
316.32	8.453
316.79	8.278
317.25	6.430
317.72	5.464
318.19	6.135
318.66	7.745
319.13	9.058
319.60	8.388
320.07	9.771
320.53	10.404
321.00	10.489
321.47	9.859
321.94	9.909
322.41	10.439
322.87	10.851
323.34	10.679
323.81	11.336
324.28	11.522
324.75	11.496
325.22	10.914
325.68	10.892
326.15	12.233
326.62	12.244
327.09	12.780
327.56	13.364
328.02	14.098
328.49	11.631
328.96	10.015
329.43	10.359
329.89	10.622
330.36	10.400
330.83	8.687
331.30	9.007
331.77	10.040
332.23	10.082
332.70	9.396
333.17	8.523
333.64	9.234
334.10	8.922
334.57	8.536
335.04	8.621
335.51	9.179
335.97	8.271
336.44	7.603
336.91	6.476
337.38	7.166
337.84	6.988
338.31	7.881
338.78	7.822
339.24	8.079
339.71	8.490
340.18	8.303
340.65	8.617
341.11	9.680
341.58	9.821
342.05	9.475
342.52	9.299
342.98	9.801
343.45	10.183
343.92	10.057
344.38	9.297
344.85	9.205
345.32	9.094
345.78	9.653
346.25	9.941
346.72	10.421
347.18	10.645
347.65	10.513
348.12	10.166
348.58	10.359
349.05	10.820
349.52	10.018
349.99	9.839
350.45	10.053
350.92	9.718
351.38	9.446
351.85	9.435
352.32	9.559
352.78	9.606
353.25	9.192
353.72	8.994
354.18	9.209
354.65	9.355
355.12	9.333
355.58	9.063
356.05	8.827
356.52	9.097
356.98	8.812
357.45	8.389
357.91	8.151
358.38	8.133
358.85	8.009
359.31	7.874
359.78	7.556
360.25	7.346
360.71	7.385
361.18	7.270
361.64	6.907
362.11	7.007
362.58	6.889
363.04	6.676
363.51	6.657
363.97	6.733
364.44	6.705
364.91	6.645
365.37	6.399
365.84	6.433
366.30	6.317
366.77	6.339
367.23	6.400
367.70	6.666
368.17	6.708
368.63	6.576
369.10	6.614
369.56	6.827
370.03	6.871
370.49	6.598
370.96	6.466
371.42	6.561
371.89	6.473
372.36	6.532
372.82	6.467
373.29	6.504
373.75	6.497
374.22	6.537
374.68	6.474
375.15	6.583
375.61	6.645
376.08	6.594
376.54	6.519
377.01	6.511
377.47	6.434
377.94	6.370
378.40	6.339
378.87	6.330
379.33	6.245
379.80	6.175
380.26	6.211
380.73	6.255
381.19	6.309
381.66	6.285
382.12	6.228
382.59	6.231
383.05	6.166
383.52	6.112
383.98	6.055
384.45	6.072
384.91	6.015
385.38	5.984
385.84	5.908
386.31	5.800
386.77	5.794
387.24	5.770
387.70	5.763
388.16	5.763
388.63	5.839
389.09	5.883
389.56	5.888
390.02	5.936
390.49	5.927
390.95	5.919
391.42	5.948
391.88	5.987
392.34	6.044
392.81	6.123
393.27	6.164
393.74	6.184
394.20	6.245
394.67	6.323
395.13	6.329
395.59	6.430
396.06	6.530
396.52	6.577
396.99	6.598
397.45	6.583
397.91	6.569
398.38	6.464
398.84	6.450
399.31	6.438
399.77	6.388
400.23	6.371
400.70	6.317
401.16	6.217
401.63	6.146
402.09	6.072
402.55	5.981
403.02	5.879
403.48	5.823
403.94	5.806
404.41	5.747
404.87	5.670
405.33	5.614
405.80	5.604
406.26	5.582
406.73	5.580
407.19	5.617
407.65	5.690
408.12	5.797
408.58	5.853
409.04	5.976
409.51	6.080
409.97	6.212
410.43	6.333
410.90	6.523
411.36	6.708
411.82	6.899
412.29	7.072
412.75	7.293
413.21	7.498
413.67	7.673
414.14	7.866
414.60	8.076
415.06	8.278
415.53	8.449
415.99	8.611
416.45	8.799
416.92	8.941
417.38	9.051
417.84	9.124
418.30	9.181
418.77	9.209
419.23	9.228
419.69	9.188
420.16	9.151
420.62	9.088
421.08	8.995
421.54	8.887
422.01	8.763
422.47	8.652
422.93	8.511
423.39	8.341
423.86	8.180
424.32	8.047
424.78	7.885
425.24	7.730
425.71	7.592
426.17	7.465
426.63	7.363
427.09	7.267
427.56	7.180
428.02	7.135
428.48	7.094
428.94	7.020
429.41	6.968
429.87	6.986
430.33	7.105
430.79	7.278
431.25	7.493
431.72	7.755
432.18	8.021
432.64	8.321
433.10	8.656
433.56	8.998
434.03	9.344
434.49	9.734
434.95	10.107
435.41	10.496
435.87	10.871
436.34	11.256
436.80	11.650
437.26	12.058
437.72	12.444
438.18	12.821
438.64	13.232
439.11	13.630
439.57	13.978
440.03	14.228
440.49	14.424
440.95	14.603
441.41	14.745
441.88	14.846
442.34	14.912
442.80	14.955
443.26	14.963
443.72	14.933
444.18	14.850
444.64	14.761
445.11	14.640
445.57	14.484
446.03	14.306
446.49	14.106
446.95	13.899
447.41	13.662
447.87	13.407
448.33	13.154
448.79	12.900
449.26	12.651
449.72	12.415
450.18	12.211
450.64	12.018
451.10	11.835
451.56	11.675
452.02	11.557
452.48	11.448
452.94	11.368
453.40	11.342
453.87	11.353
454.33	11.408
454.79	11.488
455.25	11.594
455.71	11.743
456.17	11.948
456.63	12.195
457.09	12.471
457.55	12.799
458.01	13.158
458.47	13.564
458.93	13.978
459.39	14.422
459.85	14.877
460.31	15.341
460.77	15.815
461.24	16.305
461.70	16.817
462.16	17.328
462.62	17.839
463.08	18.318
463.54	18.805
464.00	19.282
464.46	19.738
464.92	20.179
465.38	20.584
465.84	20.954
466.30	21.288
466.76	21.606
467.22	21.883
467.68	22.117
468.14	22.304
468.60	22.466
469.06	22.591
469.52	22.670
469.98	22.706
470.44	22.713
470.90	22.682
471.36	22.606
471.82	22.495
472.28	22.360
472.74	22.200
473.20	22.002
473.66	21.772
474.12	21.517
474.58	21.242
475.04	20.958
475.50	20.663
475.95	20.354
476.41	20.033
476.87	19.706
477.33	19.379
477.79	19.061
478.25	18.749
478.71	18.444
479.17	18.154
479.63	17.885
480.09	17.633
480.55	17.402
481.01	17.200
481.47	17.028
481.93	16.889
482.39	16.786
482.84	16.718
483.30	16.691
483.76	16.709
484.22	16.759
484.68	16.848
485.14	16.972
485.60	17.146
486.06	17.357
486.52	17.613
486.98	17.904
487.44	18.230
487.89	18.585
488.35	18.969
488.81	19.385
489.27	19.824
489.73	20.296
490.19	20.782
490.65	21.283
491.11	21.808
491.56	22.334
492.02	22.867
492.48	23.404
492.94	23.947
493.40	24.482
493.86	25.015
494.32	25.536
494.77	26.044
495.23	26.528
495.69	26.993
496.15	27.434
496.61	27.858
497.07	28.257
497.52	28.641
497.98	28.998
498.44	29.331
498.90	29.636
499.36	29.898
499.82	30.126
500.27	30.317
500.73	30.479
501.19	30.607
501.65	30.695
502.11	30.753
502.56	30.777
503.02	30.760
503.48	30.720
503.94	30.652
504.40	30.557
504.85	30.428
505.31	30.278
505.77	30.095
506.23	29.889
506.69	29.658
507.14	29.394
507.60	29.113
508.06	28.805
508.52	28.484
508.97	28.150
509.43	27.813
509.89	27.465
510.35	27.107
510.80	26.746
511.26	26.393
511.72	26.038
512.18	25.682
512.63	25.336
513.09	24.989
513.55	24.656
514.01	24.342
514.46	24.047
514.92	23.769
515.38	23.517
515.84	23.289
516.29	23.088
516.75	22.915
517.21	22.770
517.66	22.652
518.12	22.563
518.58	22.508
519.04	22.486
519.49	22.503
519.95	22.553
520.41	22.637
520.86	22.748
521.32	22.898
521.78	23.081
522.23	23.302
522.69	23.558
523.15	23.844
523.61	24.155
524.06	24.490
524.52	24.859
524.98	25.246
525.43	25.652
525.89	26.074
526.35	26.510
526.80	26.966
527.26	27.434
527.72	27.920
528.17	28.413
528.63	28.911
529.09	29.408
529.54	29.909
530.00	30.413
530.45	30.917
530.91	31.412
531.37	31.893
531.82	32.371
532.28	32.836
532.74	33.287
533.19	33.718
533.65	34.118
534.10	34.497
534.56	34.855
535.02	35.185
535.47	35.498
535.93	35.793
536.39	36.064
536.84	36.310
537.30	36.530
537.75	36.721
538.21	36.875
538.67	37.009
539.12	37.116
539.58	37.193
540.03	37.244
540.49	37.274
540.94	37.280
541.40	37.248
541.86	37.191
542.31	37.104
542.77	36.994
543.22	36.879
543.68	36.742
544.13	36.586
544.59	36.412
545.05	36.216
545.50	36.002
545.96	35.762
546.41	35.507
546.87	35.240
547.32	34.958
547.78	34.666
548.23	34.358
548.69	34.036
549.14	33.708
549.60	33.361
550.06	33.014
550.51	32.663
550.97	32.316
551.42	31.957
551.88	31.602
552.33	31.251
552.79	30.905
553.24	30.559
553.70	30.224
554.15	29.904
554.61	29.597
555.06	29.300
555.52	29.013
555.97	28.743
556.43	28.491
556.88	28.262
557.34	28.064
557.79	27.881
558.25	27.726
558.70	27.597
559.15	27.495
559.61	27.420
560.06	27.371
560.52	27.347
560.97	27.359
561.43	27.409
561.88	27.486
562.34	27.587
562.79	27.714
563.25	27.872
563.70	28.049
564.16	28.258
564.61	28.493
565.06	28.757
565.52	29.047
565.97	29.360
566.43	29.694
566.88	30.044
567.34	30.422
567.79	30.813
568.24	31.225
568.70	31.651
569.15	32.085
569.61	32.533
570.06	32.987
570.51	33.452
570.97	33.920
571.42	34.391
571.88	34.877
572.33	35.361
572.78	35.839
573.24	36.323
573.69	36.791
574.15	37.262
574.60	37.729
575.05	38.183
575.51	38.637
575.96	39.082
576.42	39.522
576.87	39.946
577.32	40.365
577.78	40.758
578.23	41.149
578.68	41.520
579.14	41.878
579.59	42.218
580.04	42.528
580.50	42.820
580.95	43.091
581.40	43.337
581.86	43.578
582.31	43.802
582.76	44.014
583.22	44.205
583.67	44.375
584.12	44.521
584.58	44.642
585.03	44.728
585.48	44.792
585.94	44.830
586.39	44.839
586.84	44.832
587.30	44.814
587.75	44.768
588.20	44.709
588.66	44.627
589.11	44.524
589.56	44.411
590.01	44.272
590.47	44.110
590.92	43.936
591.37	43.743
591.83	43.527
592.28	43.283
592.73	43.028
593.18	42.756
593.64	42.475
594.09	42.177
594.54	41.885
594.99	41.582
595.45	41.267
595.90	40.942
596.35	40.604
596.80	40.254
597.26	39.899
597.71	39.531
598.16	39.157
598.61	38.786
599.07	38.412
599.52	38.037
599.97	37.673
600.42	37.301
600.88	36.925
601.33	36.549
601.78	36.187
602.23	35.826
602.69	35.470
603.14	35.117
603.59	34.779
604.04	34.443
604.49	34.112
604.95	33.788
605.40	33.491
605.85	33.209
606.30	32.940
606.75	32.689
607.21	32.462
607.66	32.256
608.11	32.066
608.56	31.893
609.01	31.745
609.46	31.615
609.92	31.506
610.37	31.417
610.82	31.356
611.27	31.319
611.72	31.310
612.17	31.324
612.63	31.360
613.08	31.412
613.53	31.491
613.98	31.599
614.43	31.732
614.88	31.881
615.34	32.047
615.79	32.234
616.24	32.437
616.69	32.654
617.14	32.885
617.59	33.134
618.04	33.398
618.49	33.679
618.95	33.969
619.40	34.278
619.85	34.611
620.30	34.951
620.75	35.292
621.20	35.643
621.65	35.999
622.10	36.372
622.55	36.758
623.00	37.144
623.46	37.534
623.91	37.917
624.36	38.314
624.81	38.708
625.26	39.097
625.71	39.492
626.16	39.897
626.61	40.296
627.06	40.694
627.51	41.094
627.96	41.483
628.41	41.871
628.86	42.242
629.32	42.602
629.77	42.960
630.22	43.313
630.67	43.654
631.12	43.993
631.57	44.324
632.02	44.647
632.47	44.947
632.92	45.243
633.37	45.543
633.82	45.816
634.27	46.072
634.72	46.327
635.17	46.560
635.62	46.764
636.07	46.960
636.52	47.132
636.97	47.289
637.42	47.435
637.87	47.567
638.32	47.689
638.77	47.808
639.22	47.905
639.67	47.985
640.12	48.054
640.57	48.104
641.02	48.129
641.47	48.134
641.92	48.137
642.37	48.116
642.82	48.066
643.27	48.005
643.72	47.940
644.17	47.852
644.62	47.755
645.07	47.648
645.52	47.532
645.97	47.416
646.42	47.278
646.87	47.130
647.32	46.992
647.77	46.843
648.22	46.666
648.66	46.478
649.11	46.268
649.56	46.041
650.01	45.807
650.46	45.566
650.91	45.332
651.36	45.073
651.81	44.798
652.26	44.535
652.71	44.254
653.16	43.967
653.61	43.677
654.06	43.380
654.50	43.071
654.95	42.749
655.40	42.416
655.85	42.090
656.30	41.754
656.75	41.400
657.20	41.043
657.65	40.692
658.10	40.332
658.55	39.993
658.99	39.666
659.44	39.337
659.89	39.011
660.34	38.663
660.79	38.330
661.24	38.018
661.69	37.697
662.13	37.392
662.58	37.080
663.03	36.776
663.48	36.475
663.93	36.190
664.38	35.922
664.83	35.666
665.27	35.411
665.72	35.157
666.17	34.917
666.62	34.687
667.07	34.468
667.52	34.265
667.96	34.060
668.41	33.857
668.86	33.674
669.31	33.506
669.76	33.367
670.21	33.238
670.65	33.123
671.10	33.021
671.55	32.927
672.00	32.855
672.45	32.800
672.89	32.760
673.34	32.730
673.79	32.705
674.24	32.691
674.68	32.698
675.13	32.729
675.58	32.775
676.03	32.831
676.48	32.890
676.92	32.961
677.37	33.056
677.82	33.170
678.27	33.283
678.71	33.401
679.16	33.529
679.61	33.675
680.06	33.827
680.50	33.990
680.95	34.186
681.40	34.390
681.85	34.587
682.29	34.801
682.74	35.031
683.19	35.274
683.64	35.518
684.08	35.778
684.53	36.048
684.98	36.327
685.43	36.616
685.87	36.911
686.32	37.211
686.77	37.502
687.21	37.785
687.66	38.093
688.11	38.418
688.55	38.736
689.00	39.047
689.45	39.383
689.90	39.719
690.34	40.034
690.79	40.343
691.24	40.673
691.68	40.996
692.13	41.303
692.58	41.592
693.02	41.901
693.47	42.192
693.92	42.473
694.36	42.743
694.81	43.017
695.26	43.293
695.70	43.567
696.15	43.842
696.60	44.123
697.04	44.386
697.49	44.626
697.94	44.854
698.38	45.092
698.83	45.312
699.27	45.523
699.72	45.713
700.17	45.915
700.61	46.107
701.06	46.289
701.51	46.470
701.95	46.660
702.40	46.840
702.84	47.019
703.29	47.197
703.74	47.350
704.18	47.493
704.63	47.625
705.07	47.743
705.52	47.855
705.97	47.956
706.41	48.037
706.86	48.103
707.30	48.181
707.75	48.259
708.20	48.321
708.64	48.361
709.09	48.398
709.53	48.419
709.98	48.437
710.42	48.435
710.87	48.410
711.32	48.384
711.76	48.338
712.21	48.277
712.65	48.199
713.10	48.136
713.54	48.062
713.99	47.986
714.43	47.904
714.88	47.796
715.33	47.667
715.77	47.554
716.22	47.447
716.66	47.317
717.11	47.168
717.55	47.015
718.00	46.868
718.44	46.713
718.89	46.538
719.33	46.364
719.78	46.199
720.22	46.034
720.67	45.853
721.11	45.671
721.56	45.492
722.00	45.298
722.45	45.084
722.89	44.868
723.34	44.643
723.78	44.430
724.23	44.227
724.67	44.012
725.12	43.780
725.56	43.540
726.01	43.301
726.45	43.051
726.90	42.787
727.34	42.517
727.78	42.263
728.23	42.013
728.67	41.739
729.12	41.468
729.56	41.210
730.01	40.943
730.45	40.654
730.90	40.349
731.34	40.075
731.79	39.810
732.23	39.533
732.67	39.243
733.12	38.949
733.56	38.676
734.01	38.423
734.45	38.152
734.89	37.893
735.34	37.656
735.78	37.428
736.23	37.190
736.67	36.950
737.12	36.708
737.56	36.473
738.00	36.238
738.45	36.014
738.89	35.790
739.34	35.595
739.78	35.423
740.22	35.254
740.67	35.073
741.11	34.886
741.55	34.722
742.00	34.577
742.44	34.431
742.89	34.272
743.33	34.121
743.77	34.002
744.22	33.893
744.66	33.763
745.10	33.636
745.55	33.523
745.99	33.442
746.43	33.375
746.88	33.305
747.32	33.241
747.76	33.189
748.21	33.162
748.65	33.118
749.09	33.068
749.54	33.028
749.98	33.011
750.42	33.024
750.87	33.019
751.31	33.012
751.75	33.028
752.20	33.072
752.64	33.129
753.08	33.176
753.53	33.216
753.97	33.284
754.41	33.368
754.85	33.464
755.30	33.554
755.74	33.647
756.18	33.764
756.63	33.909
757.07	34.060
757.51	34.175
757.95	34.315
758.40	34.485
758.84	34.661
759.28	34.834
759.72	34.992
760.17	35.183
760.61	35.389
761.05	35.594
761.50	35.785
761.94	35.968
762.38	36.163
762.82	36.386
763.26	36.607
763.71	36.826
764.15	37.040
764.59	37.243
765.03	37.450
765.48	37.665
765.92	37.867
766.36	38.055
766.80	38.273
767.25	38.494
767.69	38.717
768.13	38.953
768.57	39.198
769.01	39.445
769.46	39.672
769.90	39.902
770.34	40.124
770.78	40.356
771.22	40.603
771.67	40.875
772.11	41.133
772.55	41.383
772.99	41.608
773.43	41.837
773.87	42.098
774.32	42.367
774.76	42.620
775.20	42.856
775.64	43.100
776.08	43.358
776.52	43.605
776.97	43.831
777.41	44.047
777.85	44.249
778.29	44.473
778.73	44.717
779.17	44.951
779.62	45.161
780.06	45.374
780.50	45.584
780.94	45.775
781.38	45.952
781.82	46.130
782.26	46.326
782.70	46.529
783.15	46.712
783.59	46.881
784.03	47.032
784.47	47.179
784.91	47.311
785.35	47.435
785.79	47.568
786.23	47.708
786.67	47.842
787.11	47.985
787.56	48.099
788.00	48.203
788.44	48.299
788.88	48.423
789.32	48.521
789.76	48.605
790.20	48.690
790.64	48.790
791.08	48.888
791.52	48.953
791.96	48.998
792.40	49.044
792.84	49.096
793.28	49.176
793.73	49.255
794.17	49.322
794.61	49.370
795.05	49.414
795.49	49.430
795.93	49.437
796.37	49.420
796.81	49.418
797.25	49.422
797.69	49.413
798.13	49.373
798.57	49.351
799.01	49.322
799.45	49.260
799.89	49.175
800.33	49.093
800.77	49.040
801.21	48.993
801.65	48.921
802.09	48.840
802.53	48.732
802.97	48.613
803.41	48.514
803.85	48.431
804.29	48.334
804.73	48.257
805.17	48.149
805.61	48.029
806.05	47.892
806.49	47.720
806.93	47.586
807.37	47.466
807.81	47.342
808.25	47.209
808.69	47.073
809.13	46.935
809.57	46.781
810.01	46.624
810.44	46.445
810.88	46.271
811.32	46.096
811.76	45.923
812.20	45.768
812.64	45.598
813.08	45.401
813.52	45.187
813.96	44.954
814.40	44.769
814.84	44.599
815.28	44.421
815.72	44.255
816.16	44.065
816.59	43.873
817.03	43.676
817.47	43.488
817.91	43.309
818.35	43.139
818.79	42.974
819.23	42.791
819.67	42.608
820.11	42.431
820.54	42.225
820.98	42.016
821.42	41.803
821.86	41.589
822.30	41.387
822.74	41.195
823.18	40.999
823.62	40.780
824.05	40.558
824.49	40.364
824.93	40.171
825.37	39.968
825.81	39.768
826.25	39.556
826.69	39.323
827.12	39.081
827.56	38.844
828.00	38.615
828.44	38.405
828.88	38.206
829.32	37.989
829.75	37.801
830.19	37.619
830.63	37.429
831.07	37.246
831.51	37.051
831.94	36.852
832.38	36.656
832.82	36.467
833.26	36.304
833.70	36.138
834.13	35.972
834.57	35.816
835.01	35.663
835.45	35.522
835.89	35.397
836.32	35.277
836.76	35.147
837.20	35.002
837.64	34.867
838.08	34.756
838.51	34.672
838.95	34.585
839.39	34.491
839.83	34.412
840.26	34.336
840.70	34.282
841.14	34.230
841.58	34.198
842.01	34.173
842.45	34.138
842.89	34.090
843.33	34.041
843.76	34.001
844.20	33.975
844.64	33.946
845.08	33.919
845.51	33.899
845.95	33.898
846.39	33.909
846.82	33.907
847.26	33.885
847.70	33.853
848.14	33.840
848.57	33.842
849.01	33.849
849.45	33.844
849.88	33.836
850.32	33.847
850.76	33.874
851.19	33.920
851.63	33.961
852.07	34.013
852.50	34.081
852.94	34.133
853.38	34.170
853.81	34.222
854.25	34.293
854.69	34.382
855.12	34.475
855.56	34.568
856.00	34.669
856.43	34.795
856.87	34.922
857.31	35.061
857.74	35.204
858.18	35.332
858.62	35.477
859.05	35.614
859.49	35.741
859.93	35.861
860.36	35.988
860.80	36.128
861.24	36.259
861.67	36.381
862.11	36.509
862.54	36.648
862.98	36.799
863.42	36.964
863.85	37.128
864.29	37.290
864.72	37.466
865.16	37.632
865.60	37.787
866.03	37.951
866.47	38.100
866.90	38.248
867.34	38.428
867.78	38.621
868.21	38.849
868.65	39.088
869.08	39.321
869.52	39.523
869.95	39.703
870.39	39.899
870.83	40.110
871.26	40.338
871.70	40.579
872.13	40.807
872.57	41.029
873.00	41.223
873.44	41.419
873.87	41.599
874.31	41.795
874.75	42.001
875.18	42.193
875.62	42.378
876.05	42.583
876.49	42.795
876.92	43.031
877.36	43.245
877.79	43.450
878.23	43.646
878.66	43.853
879.10	44.077
879.53	44.310
879.97	44.516
880.40	44.718
880.84	44.914
881.27	45.097
881.71	45.259
882.14	45.437
882.58	45.607
883.01	45.800
883.45	45.993
883.88	46.168
884.32	46.341
884.75	46.527
885.19	46.694
885.62	46.872
886.06	47.025
886.49	47.195
886.92	47.356
887.36	47.524
887.79	47.677
888.23	47.827
888.66	47.954
889.10	48.096
889.53	48.220
889.97	48.343
890.40	48.485
890.83	48.603
891.27	48.727
891.70	48.866
892.14	49.013
892.57	49.146
893.01	49.322
893.44	49.501
893.87	49.666
894.31	49.851
894.74	49.997
895.18	50.115
895.61	50.198
896.04	50.281
896.48	50.354
896.91	50.441
897.35	50.482
897.78	50.544
898.21	50.610
898.65	50.688
899.08	50.770
899.52	50.827
899.95	50.922
900.38	51.017
900.82	51.126
901.25	51.222
901.68	51.321
902.12	51.381
902.55	51.455
902.99	51.544
903.42	51.598
903.85	51.631
904.29	51.690
904.72	51.747
905.15	51.787
905.59	51.821
906.02	51.861
906.45	51.940
906.89	52.010
907.32	52.071
907.75	52.131
908.19	52.154
908.62	52.168
909.05	52.161
909.49	52.140
909.92	52.084
910.35	52.000
910.78	51.907
911.22	51.815
911.65	51.701
912.08	51.594
912.52	51.509
912.95	51.448
913.38	51.359
913.82	51.273
914.25	51.215
914.68	51.149
915.11	51.096
915.55	51.030
915.98	50.958
916.41	50.874
916.84	50.784
917.28	50.701
917.71	50.624
918.14	50.552
918.58	50.483
919.01	50.376
919.44	50.289
919.87	50.223
920.31	50.164
920.74	50.103
921.17	49.976
921.60	49.858
922.03	49.743
922.47	49.616
922.90	49.479
923.33	49.316
923.76	49.196
924.20	49.054
924.63	48.907
925.06	48.743
925.49	48.563
925.92	48.386
926.36	48.247
926.79	48.101
927.22	47.979
927.65	47.843
928.08	47.743
928.52	47.612
928.95	47.468
929.38	47.310
929.81	47.170
930.24	47.054
930.68	46.911
931.11	46.743
931.54	46.592
931.97	46.467
932.40	46.373
932.83	46.241
933.27	46.100
933.70	45.938
934.13	45.809
934.56	45.701
934.99	45.560
935.42	45.380
935.85	45.216
936.29	45.016
936.72	44.830
937.15	44.642
937.58	44.481
938.01	44.317
938.44	44.145
938.87	43.939
939.31	43.777
939.74	43.615
940.17	43.463
940.60	43.293
941.03	43.119
941.46	42.921
941.89	42.740
942.32	42.528
942.75	42.355
943.18	42.169
943.62	41.972
944.05	41.763
944.48	41.562
944.91	41.368
945.34	41.177
945.77	40.979
946.20	40.785
946.63	40.606
947.06	40.408
947.49	40.185
947.92	39.996
948.35	39.788
948.78	39.561
949.22	39.327
949.65	39.118
950.08	38.918
950.51	38.692
950.94	38.482
951.37	38.293
951.80	38.131
952.23	37.966
952.66	37.802
953.09	37.677
953.52	37.578
953.95	37.445
954.38	37.307
954.81	37.189
955.24	37.096
955.67	36.955
956.10	36.825
956.53	36.734
956.96	36.660
957.39	36.541
957.82	36.451
958.25	36.360
958.68	36.251
959.11	36.129
959.54	36.034
959.97	35.909
960.40	35.832
960.83	35.740
961.26	35.633
961.69	35.507
962.12	35.377
962.55	35.216
962.98	35.054
963.41	34.933
963.84	34.848
964.27	34.701
964.70	34.587
965.13	34.459
965.56	34.373
965.99	34.268
966.42	34.155
966.84	34.055
967.27	34.010
967.70	33.970
968.13	33.922
968.56	33.842
968.99	33.812
969.42	33.752
969.85	33.687
970.28	33.574
970.71	33.543
971.14	33.532
971.57	33.528
972.00	33.517
972.42	33.491
972.85	33.428
973.28	33.386
973.71	33.326
974.14	33.311
974.57	33.303
975.00	33.289
975.43	33.275
975.86	33.282
976.28	33.263
976.71	33.246
977.14	33.162
977.57	33.171
978.00	33.155
978.43	33.185
978.86	33.119
979.29	33.131
979.71	33.160
980.14	33.147
980.57	33.076
981.00	33.071
981.43	33.122
981.86	33.121
982.28	33.139
982.71	33.150
983.14	33.201
983.57	33.166
984.00	33.148
984.43	33.189
984.85	33.267
985.28	33.310
985.71	33.348
986.14	33.426
986.57	33.496
986.99	33.607
987.42	33.585
987.85	33.637
988.28	33.767
988.71	33.799
989.13	33.884
989.56	34.001
989.99	34.166
990.42	34.287
990.85	34.397
991.27	34.503
991.70	34.630
992.13	34.708
992.56	34.777
992.98	34.867
993.41	34.964
993.84	35.084
994.27	35.145
994.70	35.216
995.12	35.366
995.55	35.476
995.98	35.505
996.41	35.612
996.83	35.788
997.26	35.914
997.69	36.065
998.11	36.144
998.54	36.299
998.97	36.349
999.40	36.385
999.82	36.527
1000.25	36.664
1000.68	36.912
1001.11	37.071
1001.53	37.182
1001.96	37.323
1002.39	37.543
1002.81	37.605
1003.24	37.708
1003.67	37.881
1004.09	38.031
1004.52	38.162
1004.95	38.185
1005.38	38.367
1005.80	38.543
1006.23	38.679
1006.66	38.758
1007.08	38.848
1007.51	38.994
1007.94	39.280
1008.36	39.331
1008.79	39.329
1009.22	39.451
1009.64	39.425
1010.07	39.496
1010.50	39.660
1010.92	39.842
1011.35	39.895
1011.77	39.975
1012.20	40.040
1012.63	40.161
1013.05	40.237
1013.48	40.335
1013.91	40.488
1014.33	40.566
1014.76	40.722
1015.19	40.742
1015.61	40.710
1016.04	40.918
1016.46	41.053
1016.89	41.010
1017.32	41.123
1017.74	41.400
1018.17	41.560
1018.59	41.662
1019.02	41.654
1019.45	41.783
1019.87	41.823
1020.30	41.896
1020.72	41.961
1021.15	42.231
1021.58	42.445
1022.00	42.633
1022.43	42.621
1022.85	42.876
1023.28	43.051
1023.70	42.952
1024.13	42.939
1024.55	43.099
1024.98	43.121
1025.41	43.071
1025.83	43.022
1026.26	43.223
1026.68	43.281
1027.11	43.340
1027.53	43.378
1027.96	43.462
1028.38	43.690
1028.81	43.825
1029.23	43.990
1029.66	44.024
1030.08	44.134
1030.51	44.187
1030.94	44.189
1031.36	44.243
1031.79	44.243
1032.21	44.319
1032.64	44.382
1033.06	44.377
1033.49	44.486
1033.91	44.461
1034.34	44.418
1034.76	44.506
1035.19	44.605
1035.61	44.585
1036.03	44.599
1036.46	44.579
1036.88	44.748
1037.31	44.646
1037.73	44.547
1038.16	44.471
1038.58	44.699
1039.01	44.721
1039.43	44.597
1039.86	44.534
1040.28	44.742
1040.71	44.869
1041.13	44.749
1041.55	44.853
1041.98	45.129
1042.40	45.114
1042.83	45.238
1043.25	45.199
1043.68	45.392
1044.10	45.430
1044.52	45.428
1044.95	45.146
1045.37	45.301
1045.80	45.321
1046.22	45.393
1046.65	45.271
1047.07	45.255
1047.49	45.316
1047.92	45.132
1048.34	44.755
1048.77	44.637
1049.19	44.494
1049.61	44.400
1050.04	44.337
1050.46	44.041
1050.89	44.180
1051.31	44.394
1051.73	44.298
1052.16	44.508
1052.58	44.241
1053.00	43.939
1053.43	43.756
1053.85	43.837
1054.27	43.944
1054.70	43.875
1055.12	43.599
1055.55	43.582
1055.97	43.726
1056.39	43.496
1056.82	43.383
1057.24	43.814
1057.66	44.165
1058.09	44.242
1058.51	44.271
1058.93	43.836
1059.36	44.204
1059.78	44.116
1060.20	43.431
1060.62	43.150
1061.05	43.264
1061.47	43.413
1061.89	43.289
1062.32	42.903
1062.74	42.959
1063.16	42.887
1063.59	42.633
1064.01	42.397
1064.43	42.833
1064.85	42.641
1065.28	42.340
1065.70	42.003
1066.12	41.715
1066.55	41.564
1066.97	41.214
1067.39	40.484
1067.81	40.912
1068.24	40.590
1068.66	40.290
1069.08	39.907
1069.50	39.768
1069.93	39.156
1070.35	38.695
1070.77	38.178
1071.19	38.520
1071.62	38.233
1072.04	37.565
1072.46	36.799
1072.88	36.869
1073.31	36.545
1073.73	35.985
1074.15	35.350
1074.57	35.301
1075.00	35.359
1075.42	34.229
1075.84	33.849
1076.26	33.640
1076.68	33.102
1077.11	32.748
1077.53	31.690
1077.95	32.440
1078.37	32.314
1078.79	31.990
1079.22	31.177
1079.64	31.584
1080.06	30.997
1080.48	30.484
1080.90	29.840
1081.32	30.105
1081.75	29.729
1082.17	28.244
1082.59	27.504
1083.01	27.576
1083.43	27.639
1083.85	26.479
1084.28	25.767
1084.70	23.832
1085.12	23.342
1085.54	22.802
1085.96	21.321
1086.38	21.460
1086.80	21.166
1087.23	21.344
1087.65	21.143
1088.07	21.044
1088.49	20.047
1088.91	19.368
1089.33	18.963
1089.75	17.931
1090.17	18.932
1090.60	18.086
1091.02	17.987
1091.44	17.404
1091.86	16.218
1092.28	14.931
1092.70	13.317
1093.12	12.129
1093.54	12.508
1093.96	11.202
1094.38	10.332
1094.81	7.676
1095.23	6.205
1095.65	4.233
1096.07	2.237
1096.49	-0.926
1096.91	-1.776
1097.33	-1.783
1097.75	-4.008
1098.17	-6.004
1098.59	-5.872
1099.01	-8.761
1099.43	-9.190
1099.85	-13.068
1100.27	-14.788
1100.69	-15.246
1101.11	-15.445
1101.53	-16.829
1101.95	-16.282
1102.38	-0.403
1102.80	-37.132
1103.22	-3.198
1103.64	21.320
1104.06	-112.656
1104.48	-28.777
1104.90	-34.969
1105.32	9.770
1105.74	-48.263
1106.16	-36.800
