188.40	-129.215
188.88	-230.548
189.35	396.100
189.83	1068.696
190.30	-1125.490
190.78	-362.981
191.26	-242.029
191.73	681.132
192.21	-1540.580
192.68	-223.092
193.16	-903.954
193.63	-1070.914
194.11	-1141.969
194.58	-1042.012
195.06	-860.998
195.53	-573.961
196.01	-465.727
196.48	-414.506
196.96	-349.180
197.43	-291.526
197.91	-261.711
198.38	-233.129
198.86	-197.837
199.33	-166.299
199.81	-159.471
200.28	-150.416
200.76	-134.621
201.23	-122.376
201.71	-110.920
202.18	-102.471
202.66	-92.825
203.13	-87.652
203.61	-82.435
204.08	-77.165
204.55	-70.379
205.03	-65.016
205.50	-63.583
205.98	-65.343
206.45	-63.397
206.93	-60.708
207.40	-61.946
207.88	-59.780
208.35	-58.502
208.82	-60.658
209.30	-62.893
209.77	-61.440
210.25	-60.333
210.72	-60.574
211.20	-61.646
211.67	-59.363
212.14	-58.203
212.62	-57.895
213.09	-59.104
213.57	-58.709
214.04	-57.075
214.52	-57.071
214.99	-56.714
215.46	-57.332
215.94	-54.539
216.41	-54.040
216.89	-53.517
217.36	-51.807
217.83	-53.575
218.31	-52.459
218.78	-49.302
219.25	-46.927
219.73	-47.115
220.20	-49.204
220.68	-47.377
221.15	-48.082
221.62	-48.944
222.10	-50.767
222.57	-49.358
223.04	-46.853
223.52	-47.341
223.99	-48.498
224.47	-49.261
224.94	-50.174
225.41	-48.029
225.89	-49.289
226.36	-50.528
226.83	-53.800
227.31	-54.207
227.78	-53.042
228.25	-53.783
228.73	-56.799
229.20	-55.399
229.67	-57.117
230.15	-56.639
230.62	-57.953
231.09	-57.443
231.57	-58.892
232.04	-57.094
232.51	-58.455
232.98	-58.866
233.46	-56.843
233.93	-58.199
234.40	-56.735
234.88	-54.841
235.35	-57.050
235.82	-56.591
236.30	-54.467
236.77	-53.619
237.24	-57.027
237.71	-56.573
238.19	-55.689
238.66	-53.168
239.13	-54.509
239.61	-54.575
240.08	-53.087
240.55	-50.748
241.02	-48.223
241.50	-46.240
241.97	-45.341
242.44	-44.912
242.91	-45.547
243.39	-47.653
243.86	-47.702
244.33	-48.183
244.80	-49.900
245.28	-50.034
245.75	-47.177
246.22	-48.351
246.69	-47.128
247.17	-46.348
247.64	-46.130
248.11	-47.538
248.58	-46.513
249.05	-47.867
249.53	-46.090
250.00	-47.890
250.47	-50.239
250.94	-52.828
251.42	-53.663
251.89	-51.930
252.36	-50.895
252.83	-51.308
253.30	-49.389
253.78	-46.228
254.25	-45.573
254.72	-45.513
255.19	-45.208
255.66	-45.567
256.13	-46.262
256.61	-45.911
257.08	-44.688
257.55	-45.624
258.02	-44.681
258.49	-47.481
258.97	-48.303
259.44	-48.987
259.91	-47.047
260.38	-45.872
260.85	-45.722
261.32	-45.723
261.79	-45.586
262.27	-45.947
262.74	-45.115
263.21	-43.398
263.68	-44.981
264.15	-47.131
264.62	-47.563
265.09	-48.692
265.57	-47.939
266.04	-47.855
266.51	-49.331
266.98	-49.666
267.45	-47.772
267.92	-49.254
268.39	-48.536
268.86	-47.920
269.34	-44.173
269.81	-44.879
270.28	-46.931
270.75	-44.356
271.22	-43.564
271.69	-41.643
272.16	-43.089
272.63	-43.353
273.10	-43.289
273.57	-42.639
274.05	-41.965
274.52	-39.662
274.99	-37.137
275.46	-38.335
275.93	-37.652
276.40	-37.432
276.87	-36.551
277.34	-37.347
277.81	-36.757
278.28	-36.982
278.75	-36.202
279.22	-37.805
279.69	-39.035
280.16	-38.759
280.63	-38.185
281.11	-38.897
281.58	-41.652
282.05	-40.911
282.52	-39.460
282.99	-39.979
283.46	-41.386
283.93	-41.641
284.40	-42.390
284.87	-41.758
285.34	-42.638
285.81	-43.949
286.28	-41.420
286.75	-38.759
287.22	-39.190
287.69	-39.790
288.16	-36.781
288.63	-35.655
289.10	-36.762
289.57	-35.759
290.04	-32.915
290.51	-32.396
290.98	-31.409
291.45	-31.995
291.92	-30.968
292.39	-29.993
292.86	-31.276
293.33	-30.557
293.80	-28.464
294.27	-28.189
294.74	-29.519
295.21	-29.200
295.68	-27.525
296.15	-29.052
296.62	-30.810
297.09	-31.669
297.56	-29.939
298.03	-29.838
298.49	-30.419
298.96	-30.066
299.43	-28.291
299.90	-28.878
300.37	-30.572
300.84	-32.462
301.31	-31.691
301.78	-31.143
302.25	-31.609
302.72	-31.480
303.19	-31.146
303.66	-29.990
304.13	-29.509
304.60	-29.738
305.07	-28.317
305.53	-26.157
306.00	-25.073
306.47	-26.507
306.94	-26.162
307.41	-26.209
307.88	-26.479
308.35	-26.697
308.82	-25.925
309.29	-25.339
309.76	-24.477
310.22	-24.152
310.69	-24.664
311.16	-23.187
311.63	-22.045
312.10	-22.765
312.57	-23.188
313.04	-22.315
313.51	-22.857
313.97	-22.614
314.44	-22.905
314.91	-22.504
315.38	-23.611
315.85	-24.547
316.32	-24.348
316.79	-21.339
317.25	-20.368
317.72	-21.343
318.19	-21.809
318.66	-21.027
319.13	-21.653
319.60	-23.584
320.07	-23.808
320.53	-21.098
321.00	-20.505
321.47	-21.098
321.94	-21.457
322.41	-20.375
322.87	-19.513
323.34	-20.685
323.81	-21.402
324.28	-20.703
324.75	-20.359
325.22	-19.756
325.68	-20.790
326.15	-19.357
326.62	-19.499
327.09	-20.707
327.56	-20.611
328.02	-18.952
328.49	-19.197
328.96	-19.599
329.43	-19.199
329.89	-18.811
330.36	-18.107
330.83	-19.261
331.30	-20.059
331.77	-18.202
332.23	-16.933
332.70	-16.989
333.17	-16.808
333.64	-17.487
334.10	-15.901
334.57	-16.080
335.04	-17.294
335.51	-15.674
335.97	-14.644
336.44	-14.564
336.91	-14.469
337.38	-13.941
337.84	-13.828
338.31	-13.347
338.78	-12.846
339.24	-12.598
339.71	-11.160
340.18	-10.430
340.65	-9.997
341.11	-9.593
341.58	-9.612
342.05	-9.037
342.52	-9.005
342.98	-8.694
343.45	-6.907
343.92	-6.978
344.38	-7.302
344.85	-6.817
345.32	-5.976
345.78	-5.417
346.25	-5.306
346.72	-5.182
347.18	-4.501
347.65	-3.776
348.12	-3.881
348.58	-3.763
349.05	-3.018
349.52	-2.628
349.99	-3.006
350.45	-2.907
350.92	-2.167
351.38	-1.437
351.85	-1.633
352.32	-1.829
352.78	-0.949
353.25	-0.550
353.72	-0.632
354.18	-0.553
354.65	0.081
355.12	0.281
355.58	0.170
356.05	0.089
356.52	0.461
356.98	0.902
357.45	0.694
357.91	0.659
358.38	1.140
358.85	1.566
359.31	1.431
359.78	1.147
360.25	1.314
360.71	1.560
361.18	1.459
361.64	1.220
362.11	1.508
362.58	1.482
363.04	1.395
363.51	1.560
363.97	1.815
364.44	1.891
364.91	1.832
365.37	1.737
365.84	1.830
366.30	2.007
366.77	1.923
367.23	1.933
367.70	2.067
368.17	2.146
368.63	2.108
369.10	2.106
369.56	2.382
370.03	2.618
370.49	2.711
370.96	2.521
371.42	2.634
371.89	2.791
372.36	2.901
372.82	2.903
373.29	2.939
373.75	3.109
374.22	3.263
374.68	3.346
375.15	3.336
375.61	3.466
376.08	3.671
376.54	3.602
377.01	3.601
377.47	3.772
377.94	3.839
378.40	3.824
378.87	3.781
379.33	3.923
379.80	3.962
380.26	3.843
380.73	3.880
381.19	4.011
381.66	4.100
382.12	4.026
382.59	3.965
383.05	4.053
383.52	4.072
383.98	4.004
384.45	3.898
384.91	3.957
385.38	3.992
385.84	3.943
386.31	3.879
386.77	3.955
387.24	3.995
387.70	3.974
388.16	3.979
388.63	4.082
389.09	4.107
389.56	4.134
390.02	4.184
390.49	4.270
390.95	4.342
391.42	4.351
391.88	4.405
392.34	4.494
392.81	4.575
393.27	4.676
393.74	4.713
394.20	4.809
394.67	4.933
395.13	5.016
395.59	5.040
396.06	5.170
396.52	5.244
396.99	5.289
397.45	5.247
397.91	5.234
398.38	5.205
398.84	5.197
399.31	5.141
399.77	5.096
400.23	5.173
400.70	5.155
401.16	5.041
401.63	4.979
402.09	5.016
402.55	4.963
403.02	4.817
403.48	4.759
403.94	4.774
404.41	4.768
404.87	4.694
405.33	4.627
405.80	4.633
406.26	4.599
406.73	4.566
407.19	4.617
407.65	4.717
408.12	4.835
408.58	4.911
409.04	5.007
409.51	5.165
409.97	5.261
410.43	5.365
410.90	5.564
411.36	5.814
411.82	5.996
412.29	6.182
412.75	6.410
413.21	6.646
413.67	6.880
414.14	7.053
414.60	7.244
415.06	7.498
415.53	7.716
415.99	7.902
416.45	8.086
416.92	8.262
417.38	8.398
417.84	8.460
418.30	8.499
418.77	8.559
419.23	8.607
419.69	8.596
420.16	8.591
420.62	8.559
421.08	8.479
421.54	8.361
422.01	8.234
422.47	8.103
422.93	7.989
423.39	7.798
423.86	7.650
424.32	7.510
424.78	7.372
425.24	7.223
425.71	7.063
426.17	6.927
426.63	6.809
427.09	6.721
427.56	6.647
428.02	6.610
428.48	6.593
428.94	6.522
429.41	6.452
429.87	6.430
430.33	6.556
430.79	6.722
431.25	6.923
431.72	7.173
432.18	7.461
432.64	7.748
433.10	8.082
433.56	8.404
434.03	8.782
434.49	9.160
434.95	9.535
435.41	9.944
435.87	10.362
436.34	10.773
436.80	11.163
437.26	11.579
437.72	11.993
438.18	12.380
438.64	12.776
439.11	13.182
439.57	13.561
440.03	13.836
440.49	14.054
440.95	14.236
441.41	14.378
441.88	14.524
442.34	14.621
442.80	14.663
443.26	14.698
443.72	14.692
444.18	14.638
444.64	14.533
445.11	14.429
445.57	14.290
446.03	14.128
446.49	13.934
446.95	13.721
447.41	13.487
447.87	13.246
448.33	13.002
448.79	12.765
449.26	12.530
449.72	12.282
450.18	12.064
450.64	11.876
451.10	11.710
451.56	11.528
452.02	11.383
452.48	11.274
452.94	11.189
453.40	11.138
453.87	11.113
454.33	11.162
454.79	11.241
455.25	11.336
455.71	11.472
456.17	11.661
456.63	11.905
457.09	12.176
457.55	12.478
458.01	12.823
458.47	13.213
458.93	13.625
459.39	14.056
459.85	14.503
460.31	14.969
460.77	15.432
461.24	15.922
461.70	16.431
462.16	16.956
462.62	17.473
463.08	17.967
463.54	18.470
464.00	18.965
464.46	19.425
464.92	19.872
465.38	20.302
465.84	20.695
466.30	21.050
466.76	21.370
467.22	21.662
467.68	21.935
468.14	22.151
468.60	22.321
469.06	22.468
469.52	22.571
469.98	22.643
470.44	22.675
470.90	22.660
471.36	22.613
471.82	22.517
472.28	22.395
472.74	22.242
473.20	22.060
473.66	21.847
474.12	21.611
474.58	21.341
475.04	21.057
475.50	20.762
475.95	20.449
476.41	20.131
476.87	19.812
477.33	19.478
477.79	19.149
478.25	18.833
478.71	18.524
479.17	18.230
479.63	17.941
480.09	17.677
480.55	17.434
481.01	17.223
481.47	17.036
481.93	16.883
482.39	16.769
482.84	16.688
483.30	16.645
483.76	16.640
484.22	16.675
484.68	16.747
485.14	16.859
485.60	17.016
486.06	17.215
486.52	17.452
486.98	17.726
487.44	18.041
487.89	18.383
488.35	18.762
488.81	19.165
489.27	19.602
489.73	20.062
490.19	20.548
490.65	21.052
491.11	21.573
491.56	22.102
492.02	22.638
492.48	23.179
492.94	23.717
493.40	24.258
493.86	24.798
494.32	25.324
494.77	25.839
495.23	26.342
495.69	26.829
496.15	27.291
496.61	27.734
497.07	28.150
497.52	28.545
497.98	28.912
498.44	29.257
498.90	29.573
499.36	29.858
499.82	30.099
500.27	30.299
500.73	30.476
501.19	30.617
501.65	30.723
502.11	30.796
502.56	30.842
503.02	30.846
503.48	30.821
503.94	30.772
504.40	30.686
504.85	30.570
505.31	30.425
505.77	30.247
506.23	30.045
506.69	29.823
507.14	29.577
507.60	29.313
508.06	29.018
508.52	28.707
508.97	28.378
509.43	28.045
509.89	27.696
510.35	27.343
510.80	26.985
511.26	26.630
511.72	26.275
512.18	25.917
512.63	25.568
513.09	25.220
513.55	24.879
514.01	24.557
514.46	24.249
514.92	23.958
515.38	23.694
515.84	23.456
516.29	23.243
516.75	23.051
517.21	22.881
517.66	22.742
518.12	22.636
518.58	22.563
519.04	22.528
519.49	22.528
519.95	22.559
520.41	22.617
520.86	22.713
521.32	22.845
521.78	23.015
522.23	23.212
522.69	23.448
523.15	23.718
523.61	24.017
524.06	24.340
524.52	24.697
524.98	25.078
525.43	25.475
525.89	25.884
526.35	26.311
526.80	26.762
527.26	27.233
527.72	27.712
528.17	28.200
528.63	28.693
529.09	29.195
529.54	29.700
530.00	30.207
530.45	30.713
530.91	31.209
531.37	31.692
531.82	32.169
532.28	32.636
532.74	33.088
533.19	33.526
533.65	33.936
534.10	34.322
534.56	34.688
535.02	35.033
535.47	35.359
535.93	35.667
536.39	35.954
536.84	36.209
537.30	36.443
537.75	36.647
538.21	36.817
538.67	36.960
539.12	37.077
539.58	37.175
540.03	37.240
540.49	37.289
540.94	37.310
541.40	37.304
541.86	37.266
542.31	37.201
542.77	37.114
543.22	37.014
543.68	36.893
544.13	36.752
544.59	36.591
545.05	36.406
545.50	36.201
545.96	35.968
546.41	35.720
546.87	35.457
547.32	35.184
547.78	34.900
548.23	34.599
548.69	34.285
549.14	33.955
549.60	33.616
550.06	33.268
550.51	32.916
550.97	32.564
551.42	32.207
551.88	31.849
552.33	31.487
552.79	31.132
553.24	30.780
553.70	30.436
554.15	30.102
554.61	29.788
555.06	29.482
555.52	29.188
555.97	28.914
556.43	28.655
556.88	28.413
557.34	28.194
557.79	28.002
558.25	27.834
558.70	27.691
559.15	27.574
559.61	27.484
560.06	27.421
560.52	27.384
560.97	27.378
561.43	27.407
561.88	27.470
562.34	27.559
562.79	27.667
563.25	27.809
563.70	27.973
564.16	28.169
564.61	28.392
565.06	28.638
565.52	28.908
565.97	29.207
566.43	29.529
566.88	29.871
567.34	30.235
567.79	30.615
568.24	31.016
568.70	31.429
569.15	31.850
569.61	32.287
570.06	32.732
570.51	33.192
570.97	33.658
571.42	34.127
571.88	34.610
572.33	35.093
572.78	35.570
573.24	36.053
573.69	36.522
574.15	36.992
574.60	37.461
575.05	37.925
575.51	38.380
575.96	38.831
576.42	39.278
576.87	39.715
577.32	40.145
577.78	40.550
578.23	40.947
578.68	41.329
579.14	41.701
579.59	42.049
580.04	42.374
580.50	42.680
580.95	42.968
581.40	43.229
581.86	43.485
582.31	43.723
582.76	43.946
583.22	44.149
583.67	44.331
584.12	44.494
584.58	44.627
585.03	44.732
585.48	44.806
585.94	44.852
586.39	44.868
586.84	44.871
587.30	44.867
587.75	44.835
588.20	44.790
588.66	44.720
589.11	44.634
589.56	44.530
590.01	44.409
590.47	44.261
590.92	44.104
591.37	43.922
591.83	43.717
592.28	43.489
592.73	43.247
593.18	42.986
593.64	42.719
594.09	42.431
594.54	42.146
594.99	41.856
595.45	41.553
595.90	41.238
596.35	40.904
596.80	40.559
597.26	40.213
597.71	39.848
598.16	39.478
598.61	39.108
599.07	38.736
599.52	38.358
599.97	37.980
600.42	37.596
600.88	37.214
601.33	36.835
601.78	36.464
602.23	36.097
602.69	35.737
603.14	35.376
603.59	35.029
604.04	34.686
604.49	34.344
604.95	34.013
605.40	33.710
605.85	33.424
606.30	33.145
606.75	32.882
607.21	32.647
607.66	32.423
608.11	32.219
608.56	32.030
609.01	31.863
609.46	31.720
609.92	31.602
610.37	31.504
610.82	31.432
611.27	31.379
611.72	31.354
612.17	31.348
612.63	31.360
613.08	31.395
613.53	31.458
613.98	31.553
614.43	31.668
614.88	31.799
615.34	31.947
615.79	32.115
616.24	32.300
616.69	32.501
617.14	32.728
617.59	32.966
618.04	33.218
618.49	33.488
618.95	33.773
619.40	34.070
619.85	34.391
620.30	34.718
620.75	35.052
621.20	35.400
621.65	35.758
622.10	36.125
622.55	36.506
623.00	36.889
623.46	37.273
623.91	37.656
624.36	38.044
624.81	38.431
625.26	38.821
625.71	39.212
626.16	39.611
626.61	40.007
627.06	40.400
627.51	40.798
627.96	41.187
628.41	41.573
628.86	41.948
629.32	42.317
629.77	42.680
630.22	43.036
630.67	43.383
631.12	43.716
631.57	44.047
632.02	44.368
632.47	44.675
632.92	44.980
633.37	45.284
633.82	45.570
634.27	45.842
634.72	46.100
635.17	46.343
635.62	46.569
636.07	46.775
636.52	46.962
636.97	47.140
637.42	47.308
637.87	47.455
638.32	47.587
638.77	47.706
639.22	47.822
639.67	47.916
640.12	47.996
640.57	48.065
641.02	48.116
641.47	48.145
641.92	48.164
642.37	48.155
642.82	48.122
643.27	48.074
643.72	48.016
644.17	47.948
644.62	47.866
645.07	47.765
645.52	47.662
645.97	47.553
646.42	47.420
646.87	47.276
647.32	47.145
647.77	47.010
648.22	46.853
648.66	46.668
649.11	46.464
649.56	46.244
650.01	46.018
650.46	45.791
650.91	45.560
651.36	45.303
651.81	45.043
652.26	44.783
652.71	44.505
653.16	44.226
653.61	43.934
654.06	43.639
654.50	43.335
654.95	43.016
655.40	42.696
655.85	42.370
656.30	42.040
656.75	41.686
657.20	41.328
657.65	40.971
658.10	40.613
658.55	40.274
658.99	39.949
659.44	39.617
659.89	39.279
660.34	38.936
660.79	38.601
661.24	38.272
661.69	37.952
662.13	37.643
662.58	37.327
663.03	37.025
663.48	36.727
663.93	36.435
664.38	36.153
664.83	35.883
665.27	35.619
665.72	35.358
666.17	35.112
666.62	34.872
667.07	34.643
667.52	34.432
667.96	34.218
668.41	34.004
668.86	33.812
669.31	33.632
669.76	33.475
670.21	33.332
670.65	33.208
671.10	33.086
671.55	32.986
672.00	32.904
672.45	32.834
672.89	32.779
673.34	32.733
673.79	32.705
674.24	32.680
674.68	32.675
675.13	32.694
675.58	32.725
676.03	32.773
676.48	32.825
676.92	32.885
677.37	32.976
677.82	33.083
678.27	33.188
678.71	33.303
679.16	33.434
679.61	33.578
680.06	33.729
680.50	33.885
680.95	34.068
681.40	34.260
681.85	34.450
682.29	34.654
682.74	34.875
683.19	35.104
683.64	35.345
684.08	35.599
684.53	35.856
684.98	36.128
685.43	36.408
685.87	36.695
686.32	36.993
686.77	37.279
687.21	37.551
687.66	37.850
688.11	38.163
688.55	38.463
689.00	38.764
689.45	39.088
689.90	39.428
690.34	39.743
690.79	40.055
691.24	40.381
691.68	40.702
692.13	41.013
692.58	41.306
693.02	41.613
693.47	41.915
693.92	42.201
694.36	42.471
694.81	42.757
695.26	43.042
695.70	43.310
696.15	43.580
696.60	43.864
697.04	44.135
697.49	44.384
697.94	44.616
698.38	44.861
698.83	45.091
699.27	45.315
699.72	45.520
700.17	45.727
700.61	45.928
701.06	46.122
701.51	46.313
701.95	46.515
702.40	46.714
702.84	46.901
703.29	47.081
703.74	47.244
704.18	47.394
704.63	47.530
705.07	47.663
705.52	47.792
705.97	47.901
706.41	47.994
706.86	48.077
707.30	48.178
707.75	48.271
708.20	48.344
708.64	48.390
709.09	48.427
709.53	48.454
709.98	48.477
710.42	48.476
710.87	48.452
711.32	48.422
711.76	48.366
712.21	48.312
712.65	48.251
713.10	48.199
713.54	48.128
713.99	48.054
714.43	47.977
714.88	47.872
715.33	47.750
715.77	47.636
716.22	47.525
716.66	47.389
717.11	47.235
717.55	47.088
718.00	46.940
718.44	46.791
718.89	46.623
719.33	46.459
719.78	46.300
720.22	46.147
720.67	45.973
721.11	45.801
721.56	45.617
722.00	45.420
722.45	45.210
722.89	45.001
723.34	44.787
723.78	44.582
724.23	44.382
724.67	44.178
725.12	43.959
725.56	43.731
726.01	43.501
726.45	43.267
726.90	43.009
727.34	42.742
727.78	42.497
728.23	42.250
728.67	41.982
729.12	41.709
729.56	41.445
730.01	41.175
730.45	40.888
730.90	40.594
731.34	40.333
731.79	40.071
732.23	39.788
732.67	39.494
733.12	39.198
733.56	38.925
734.01	38.665
734.45	38.386
734.89	38.122
735.34	37.881
735.78	37.636
736.23	37.385
736.67	37.146
737.12	36.901
737.56	36.664
738.00	36.431
738.45	36.210
738.89	35.993
739.34	35.802
739.78	35.636
740.22	35.464
740.67	35.269
741.11	35.078
741.55	34.913
742.00	34.757
742.44	34.596
742.89	34.428
743.33	34.273
743.77	34.149
744.22	34.029
744.66	33.892
745.10	33.757
745.55	33.637
745.99	33.542
746.43	33.455
746.88	33.369
747.32	33.283
747.76	33.217
748.21	33.180
748.65	33.124
749.09	33.065
749.54	33.011
749.98	32.987
750.42	32.983
750.87	32.968
751.31	32.956
751.75	32.978
752.20	33.019
752.64	33.066
753.08	33.113
753.53	33.150
753.97	33.208
754.41	33.282
754.85	33.378
755.30	33.469
755.74	33.559
756.18	33.684
756.63	33.836
757.07	33.989
757.51	34.104
757.95	34.241
758.40	34.399
758.84	34.571
759.28	34.733
759.72	34.894
760.17	35.075
760.61	35.278
761.05	35.469
761.50	35.652
761.94	35.828
762.38	36.009
762.82	36.226
763.26	36.445
763.71	36.659
764.15	36.867
764.59	37.068
765.03	37.268
765.48	37.468
765.92	37.662
766.36	37.846
766.80	38.059
767.25	38.281
767.69	38.496
768.13	38.728
768.57	38.976
769.01	39.221
769.46	39.455
769.90	39.683
770.34	39.913
770.78	40.139
771.22	40.396
771.67	40.669
772.11	40.923
772.55	41.170
772.99	41.404
773.43	41.634
773.87	41.883
774.32	42.145
774.76	42.390
775.20	42.619
775.64	42.857
776.08	43.122
776.52	43.365
776.97	43.606
777.41	43.825
777.85	44.033
778.29	44.263
778.73	44.504
779.17	44.750
779.62	44.977
780.06	45.202
780.50	45.407
780.94	45.600
781.38	45.795
781.82	45.985
782.26	46.191
782.70	46.400
783.15	46.600
783.59	46.790
784.03	46.964
784.47	47.138
784.91	47.289
785.35	47.423
785.79	47.566
786.23	47.705
786.67	47.842
787.11	47.975
787.56	48.078
788.00	48.185
788.44	48.277
788.88	48.379
789.32	48.485
789.76	48.576
790.20	48.665
790.64	48.758
791.08	48.852
791.52	48.928
791.96	48.979
792.40	49.034
792.84	49.099
793.28	49.180
793.73	49.257
794.17	49.329
794.61	49.370
795.05	49.419
795.49	49.437
795.93	49.449
796.37	49.446
796.81	49.455
797.25	49.467
797.69	49.464
798.13	49.445
798.57	49.414
799.01	49.390
799.45	49.334
799.89	49.252
800.33	49.172
800.77	49.114
801.21	49.071
801.65	48.994
802.09	48.898
802.53	48.789
802.97	48.682
803.41	48.590
803.85	48.508
804.29	48.411
804.73	48.347
805.17	48.255
805.61	48.148
806.05	48.027
806.49	47.880
806.93	47.759
807.37	47.641
807.81	47.538
808.25	47.409
808.69	47.278
809.13	47.141
809.57	46.998
810.01	46.840
810.44	46.666
810.88	46.507
811.32	46.347
811.76	46.193
812.20	46.026
812.64	45.843
813.08	45.650
813.52	45.443
813.96	45.217
814.40	45.020
814.84	44.839
815.28	44.658
815.72	44.476
816.16	44.280
816.59	44.083
817.03	43.874
817.47	43.684
817.91	43.512
818.35	43.344
818.79	43.176
819.23	42.997
819.67	42.813
820.11	42.631
820.54	42.429
820.98	42.212
821.42	42.003
821.86	41.793
822.30	41.584
822.74	41.387
823.18	41.187
823.62	40.974
824.05	40.760
824.49	40.562
824.93	40.368
825.37	40.166
825.81	39.975
826.25	39.768
826.69	39.531
827.12	39.280
827.56	39.043
828.00	38.812
828.44	38.595
828.88	38.381
829.32	38.154
829.75	37.950
830.19	37.756
830.63	37.547
831.07	37.353
831.51	37.154
831.94	36.950
832.38	36.745
832.82	36.558
833.26	36.389
833.70	36.232
834.13	36.065
834.57	35.896
835.01	35.723
835.45	35.576
835.89	35.443
836.32	35.323
836.76	35.195
837.20	35.047
837.64	34.914
838.08	34.806
838.51	34.733
838.95	34.653
839.39	34.566
839.83	34.494
840.26	34.427
840.70	34.370
841.14	34.314
841.58	34.272
842.01	34.234
842.45	34.199
842.89	34.140
843.33	34.075
843.76	34.034
844.20	34.007
844.64	33.971
845.08	33.938
845.51	33.909
845.95	33.897
846.39	33.902
846.82	33.884
847.26	33.862
847.70	33.814
848.14	33.781
848.57	33.773
849.01	33.773
849.45	33.765
849.88	33.760
850.32	33.765
850.76	33.792
851.19	33.838
851.63	33.881
852.07	33.927
852.50	33.994
852.94	34.043
853.38	34.081
853.81	34.138
854.25	34.206
854.69	34.290
855.12	34.383
855.56	34.474
856.00	34.577
856.43	34.702
856.87	34.833
857.31	34.970
857.74	35.104
858.18	35.229
858.62	35.362
859.05	35.489
859.49	35.614
859.93	35.727
860.36	35.846
860.80	35.972
861.24	36.099
861.67	36.224
862.11	36.348
862.54	36.486
862.98	36.628
863.42	36.801
863.85	36.976
864.29	37.125
864.72	37.289
865.16	37.463
865.60	37.625
866.03	37.785
866.47	37.935
866.90	38.080
867.34	38.256
867.78	38.448
868.21	38.666
868.65	38.907
869.08	39.143
869.52	39.344
869.95	39.521
870.39	39.712
870.83	39.922
871.26	40.171
871.70	40.414
872.13	40.643
872.57	40.868
873.00	41.055
873.44	41.256
873.87	41.442
874.31	41.624
874.75	41.803
875.18	41.998
875.62	42.185
876.05	42.388
876.49	42.591
876.92	42.811
877.36	43.037
877.79	43.241
878.23	43.438
878.66	43.639
879.10	43.861
879.53	44.093
879.97	44.302
880.40	44.473
880.84	44.662
881.27	44.851
881.71	45.002
882.14	45.184
882.58	45.369
883.01	45.565
883.45	45.771
883.88	45.950
884.32	46.115
884.75	46.301
885.19	46.486
885.62	46.666
886.06	46.834
886.49	46.994
886.92	47.156
887.36	47.320
887.79	47.478
888.23	47.637
888.66	47.777
889.10	47.915
889.53	48.047
889.97	48.176
890.40	48.296
890.83	48.413
891.27	48.519
891.70	48.663
892.14	48.800
892.57	48.930
893.01	49.104
893.44	49.279
893.87	49.440
894.31	49.600
894.74	49.747
895.18	49.856
895.61	49.948
896.04	50.014
896.48	50.068
896.91	50.139
897.35	50.191
897.78	50.239
898.21	50.301
898.65	50.402
899.08	50.495
899.52	50.574
899.95	50.660
900.38	50.768
900.82	50.866
901.25	50.976
901.68	51.062
902.12	51.138
902.55	51.215
902.99	51.308
903.42	51.366
903.85	51.423
904.29	51.486
904.72	51.542
905.15	51.607
905.59	51.675
906.02	51.737
906.45	51.809
906.89	51.869
907.32	51.945
907.75	52.012
908.19	52.034
908.62	52.049
909.05	52.059
909.49	52.043
909.92	51.989
910.35	51.904
910.78	51.828
911.22	51.728
911.65	51.625
912.08	51.517
912.52	51.454
912.95	51.378
913.38	51.296
913.82	51.206
914.25	51.128
914.68	51.064
915.11	50.995
915.55	50.912
915.98	50.853
916.41	50.759
916.84	50.649
917.28	50.539
917.71	50.468
918.14	50.423
918.58	50.349
919.01	50.237
919.44	50.145
919.87	50.079
920.31	50.045
920.74	49.982
921.17	49.881
921.60	49.762
922.03	49.645
922.47	49.532
922.90	49.403
923.33	49.274
923.76	49.145
924.20	49.018
924.63	48.894
925.06	48.749
925.49	48.585
925.92	48.429
926.36	48.291
926.79	48.139
927.22	47.995
927.65	47.854
928.08	47.743
928.52	47.634
928.95	47.489
929.38	47.306
929.81	47.144
930.24	46.993
930.68	46.847
931.11	46.679
931.54	46.526
931.97	46.405
932.40	46.294
932.83	46.172
933.27	46.021
933.70	45.851
934.13	45.693
934.56	45.562
934.99	45.390
935.42	45.248
935.85	45.071
936.29	44.877
936.72	44.687
937.15	44.515
937.58	44.360
938.01	44.193
938.44	44.003
938.87	43.816
939.31	43.660
939.74	43.501
940.17	43.334
940.60	43.155
941.03	42.988
941.46	42.778
941.89	42.579
942.32	42.392
942.75	42.227
943.18	42.050
943.62	41.846
944.05	41.657
944.48	41.435
944.91	41.231
945.34	41.018
945.77	40.816
946.20	40.642
946.63	40.434
947.06	40.218
947.49	40.002
947.92	39.833
948.35	39.619
948.78	39.364
949.22	39.135
949.65	38.917
950.08	38.695
950.51	38.475
950.94	38.238
951.37	38.044
951.80	37.849
952.23	37.653
952.66	37.480
953.09	37.340
953.52	37.225
953.95	37.088
954.38	36.933
954.81	36.802
955.24	36.644
955.67	36.487
956.10	36.348
956.53	36.254
956.96	36.138
957.39	36.011
957.82	35.897
958.25	35.803
958.68	35.689
959.11	35.575
959.54	35.444
959.97	35.350
960.40	35.286
960.83	35.203
961.26	35.093
961.69	34.982
962.12	34.845
962.55	34.659
962.98	34.505
963.41	34.384
963.84	34.311
964.27	34.180
964.70	34.036
965.13	33.931
965.56	33.851
965.99	33.733
966.42	33.603
966.84	33.530
967.27	33.478
967.70	33.418
968.13	33.326
968.56	33.269
968.99	33.205
969.42	33.082
969.85	32.949
970.28	32.842
970.71	32.806
971.14	32.724
971.57	32.669
972.00	32.623
972.42	32.600
972.85	32.515
973.28	32.444
973.71	32.377
974.14	32.334
974.57	32.298
975.00	32.231
975.43	32.232
975.86	32.214
976.28	32.178
976.71	32.123
977.14	32.073
977.57	32.080
978.00	32.053
978.43	32.033
978.86	32.005
979.29	32.027
979.71	32.016
980.14	32.015
980.57	31.984
981.00	32.004
981.43	31.990
981.86	31.993
982.28	31.988
982.71	32.025
983.14	32.034
983.57	31.962
984.00	31.926
984.43	31.956
984.85	32.027
985.28	32.089
985.71	32.114
986.14	32.175
986.57	32.252
986.99	32.304
987.42	32.271
987.85	32.330
988.28	32.385
988.71	32.411
989.13	32.498
989.56	32.706
989.99	32.849
990.42	32.958
990.85	33.029
991.27	33.188
991.70	33.305
992.13	33.356
992.56	33.425
992.98	33.529
993.41	33.671
993.84	33.668
994.27	33.689
994.70	33.842
995.12	33.995
995.55	34.030
995.98	34.096
996.41	34.243
996.83	34.425
997.26	34.586
997.69	34.645
998.11	34.616
998.54	34.634
998.97	34.678
999.40	34.781
999.82	34.905
1000.25	35.073
1000.68	35.254
1001.11	35.434
1001.53	35.534
1001.96	35.726
1002.39	35.791
1002.81	35.866
1003.24	35.923
1003.67	36.042
1004.09	36.112
1004.52	36.160
1004.95	36.226
1005.38	36.386
1005.80	36.476
1006.23	36.513
1006.66	36.589
1007.08	36.825
1007.51	36.865
1007.94	36.962
1008.36	36.982
1008.79	37.033
1009.22	37.075
1009.64	36.993
1010.07	37.069
1010.50	37.269
1010.92	37.338
1011.35	37.364
1011.77	37.431
1012.20	37.455
1012.63	37.514
1013.05	37.514
1013.48	37.576
1013.91	37.692
1014.33	37.814
1014.76	37.930
1015.19	37.964
1015.61	37.967
1016.04	38.058
1016.46	38.178
1016.89	38.137
1017.32	38.282
1017.74	38.365
1018.17	38.406
1018.59	38.528
1019.02	38.516
1019.45	38.644
1019.87	38.583
1020.30	38.583
1020.72	38.632
1021.15	38.835
1021.58	38.871
1022.00	38.927
1022.43	39.009
1022.85	39.252
1023.28	39.218
1023.70	39.157
1024.13	39.254
1024.55	39.375
1024.98	39.443
1025.41	39.413
1025.83	39.456
1026.26	39.530
1026.68	39.594
1027.11	39.628
1027.53	39.625
1027.96	39.739
1028.38	39.732
1028.81	39.781
1029.23	39.797
1029.66	40.076
1030.08	40.121
1030.51	40.142
1030.94	40.201
1031.36	40.305
1031.79	40.296
1032.21	40.241
1032.64	40.251
1033.06	40.265
1033.49	40.203
1033.91	39.924
1034.34	39.929
1034.76	40.028
1035.19	40.053
1035.61	39.867
1036.03	39.673
1036.46	39.776
1036.88	39.630
1037.31	39.429
1037.73	39.461
1038.16	39.609
1038.58	39.488
1039.01	39.350
1039.43	39.288
1039.86	39.539
1040.28	39.649
1040.71	39.478
1041.13	39.355
1041.55	39.134
1041.98	39.126
1042.40	39.099
1042.83	39.170
1043.25	39.085
1043.68	39.241
1044.10	39.081
1044.52	39.082
1044.95	39.169
1045.37	39.246
1045.80	39.110
1046.22	38.969
1046.65	38.977
1047.07	38.835
1047.49	38.584
1047.92	38.398
1048.34	38.200
1048.77	38.074
1049.19	37.582
1049.61	37.297
1050.04	37.271
1050.46	37.456
1050.89	37.477
1051.31	37.358
1051.73	37.269
1052.16	37.345
1052.58	36.763
1053.00	36.406
1053.43	36.281
1053.85	36.437
1054.27	36.234
1054.70	35.823
1055.12	35.738
1055.55	35.618
1055.97	35.471
1056.39	35.222
1056.82	35.175
1057.24	35.284
1057.66	34.984
1058.09	34.839
1058.51	34.705
1058.93	34.680
1059.36	34.460
1059.78	33.731
1060.20	33.639
1060.62	33.618
1061.05	33.636
1061.47	33.360
1061.89	33.277
1062.32	33.454
1062.74	32.954
1063.16	32.345
1063.59	32.417
1064.01	32.607
1064.43	32.505
1064.85	32.171
1065.28	32.128
1065.70	32.171
1066.12	31.244
1066.55	30.656
1066.97	30.441
1067.39	30.296
1067.81	29.833
1068.24	29.327
1068.66	29.313
1069.08	28.968
1069.50	28.634
1069.93	27.743
1070.35	27.369
1070.77	26.426
1071.19	25.758
1071.62	25.125
1072.04	24.526
1072.46	23.875
1072.88	23.187
1073.31	22.188
1073.73	21.381
1074.15	20.599
1074.57	19.804
1075.00	19.551
1075.42	18.829
1075.84	18.268
1076.26	17.184
1076.68	16.399
1077.11	14.895
1077.53	14.028
1077.95	13.743
1078.37	12.016
1078.79	11.303
1079.22	10.436
1079.64	10.378
1080.06	9.201
1080.48	7.381
1080.90	6.029
1081.32	5.697
1081.75	3.934
1082.17	2.486
1082.59	1.194
1083.01	0.620
1083.43	-1.200
1083.85	-2.561
1084.28	-4.281
1084.70	-5.718
1085.12	-6.678
1085.54	-8.371
1085.96	-8.734
1086.38	-9.370
1086.80	-10.530
1087.23	-11.167
1087.65	-12.309
1088.07	-13.104
1088.49	-14.651
1088.91	-16.757
1089.33	-17.890
1089.75	-18.230
1090.17	-18.767
1090.60	-20.063
1091.02	-21.062
1091.44	-20.661
1091.86	-23.329
1092.28	-25.568
1092.70	-28.167
1093.12	-30.550
1093.54	-31.610
1093.96	-33.799
1094.38	-35.464
1094.81	-37.822
1095.23	-41.368
1095.65	-44.776
1096.07	-46.665
1096.49	-50.523
1096.91	-51.474
1097.33	-54.332
1097.75	-58.050
1098.17	-58.756
1098.59	-60.182
1099.01	-62.804
1099.43	-66.017
1099.85	-70.870
1100.27	-74.978
1100.69	-78.002
1101.11	-77.778
1101.53	-78.012
1101.95	-78.558
1102.38	-43.237
1102.80	-92.702
1103.22	-58.430
1103.64	-108.921
1104.06	-192.157
1104.48	-73.587
1104.90	-162.822
1105.32	-76.667
1105.74	-70.047
1106.16	-124.160
