188.40	-116.861
188.88	-158.486
189.35	380.501
189.83	821.739
190.30	-523.529
190.78	-113.942
191.26	-265.217
191.73	947.170
192.21	-198.551
192.68	-82.634
193.16	-592.369
193.63	-671.283
194.11	-714.447
194.58	-636.641
195.06	-506.944
195.53	-331.654
196.01	-279.503
196.48	-246.564
196.96	-192.816
197.43	-166.023
197.91	-154.025
198.38	-141.655
198.86	-115.579
199.33	-97.763
199.81	-93.702
200.28	-86.834
200.76	-74.956
201.23	-66.903
201.71	-59.332
202.18	-53.298
202.66	-43.869
203.13	-41.651
203.61	-43.226
204.08	-39.647
204.55	-35.451
205.03	-32.161
205.50	-33.171
205.98	-31.984
206.45	-27.355
206.93	-26.063
207.40	-27.771
207.88	-26.758
208.35	-22.317
208.82	-24.134
209.30	-25.408
209.77	-23.995
210.25	-21.833
210.72	-21.378
211.20	-24.690
211.67	-23.375
212.14	-22.764
212.62	-22.648
213.09	-21.037
213.57	-18.561
214.04	-16.672
214.52	-14.772
214.99	-14.715
215.46	-14.204
215.94	-13.573
216.41	-13.079
216.89	-14.005
217.36	-13.268
217.83	-13.445
218.31	-14.801
218.78	-14.387
219.25	-14.885
219.73	-14.048
220.20	-14.215
220.68	-14.163
221.15	-15.509
221.62	-15.632
222.10	-15.704
222.57	-15.205
223.04	-16.346
223.52	-16.939
223.99	-17.019
224.47	-18.525
224.94	-20.184
225.41	-18.455
225.89	-18.411
226.36	-20.944
226.83	-23.193
227.31	-22.060
227.78	-19.347
228.25	-19.703
228.73	-21.398
229.20	-18.800
229.67	-18.655
230.15	-18.535
230.62	-18.654
231.09	-16.811
231.57	-16.083
232.04	-15.017
232.51	-17.585
232.98	-17.209
233.46	-15.921
233.93	-17.579
234.40	-18.641
234.88	-17.392
235.35	-17.822
235.82	-17.450
236.30	-15.792
236.77	-14.072
237.24	-16.204
237.71	-15.791
238.19	-13.112
238.66	-11.718
239.13	-12.445
239.61	-14.321
240.08	-15.088
240.55	-14.966
241.02	-14.149
241.50	-13.638
241.97	-13.944
242.44	-12.947
242.91	-11.907
243.39	-11.371
243.86	-12.010
244.33	-12.001
244.80	-11.428
245.28	-11.539
245.75	-12.797
246.22	-15.281
246.69	-15.189
247.17	-12.242
247.64	-14.203
248.11	-16.000
248.58	-15.176
249.05	-14.792
249.53	-13.775
250.00	-15.363
250.47	-14.704
250.94	-14.938
251.42	-16.338
251.89	-16.436
252.36	-15.664
252.83	-15.123
253.30	-15.527
253.78	-14.564
254.25	-13.461
254.72	-14.092
255.19	-14.611
255.66	-13.746
256.13	-12.356
256.61	-11.521
257.08	-13.505
257.55	-14.135
258.02	-14.303
258.49	-13.310
258.97	-14.475
259.44	-15.293
259.91	-13.926
260.38	-14.550
260.85	-14.591
261.32	-15.101
261.79	-13.543
262.27	-13.823
262.74	-13.585
263.21	-13.700
263.68	-14.040
264.15	-13.771
264.62	-14.773
265.09	-16.449
265.57	-16.071
266.04	-15.156
266.51	-15.268
266.98	-16.384
267.45	-15.326
267.92	-13.808
268.39	-14.595
268.86	-14.458
269.34	-13.321
269.81	-12.843
270.28	-12.276
270.75	-11.289
271.22	-11.650
271.69	-10.690
272.16	-9.949
272.63	-11.041
273.10	-10.871
273.57	-9.460
274.05	-8.713
274.52	-8.975
274.99	-8.388
275.46	-6.439
275.93	-5.628
276.40	-8.223
276.87	-7.191
277.34	-6.459
277.81	-6.715
278.28	-8.385
278.75	-10.404
279.22	-9.225
279.69	-9.098
280.16	-11.377
280.63	-12.197
281.11	-11.988
281.58	-13.507
282.05	-13.970
282.52	-14.253
282.99	-12.961
283.46	-13.819
283.93	-14.600
284.40	-14.177
284.87	-11.723
285.34	-13.281
285.81	-14.157
286.28	-12.031
286.75	-9.339
287.22	-9.053
287.69	-10.223
288.16	-7.910
288.63	-3.457
289.10	-3.518
289.57	-4.587
290.04	-3.693
290.51	-2.750
290.98	-1.478
291.45	-2.891
291.92	-4.445
292.39	-2.805
292.86	-4.136
293.33	-3.813
293.80	-4.870
294.27	-3.608
294.74	-5.107
295.21	-4.573
295.68	-5.959
296.15	-5.978
296.62	-7.002
297.09	-8.006
297.56	-8.316
298.03	-7.718
298.49	-8.997
298.96	-9.476
299.43	-9.388
299.90	-8.687
300.37	-7.187
300.84	-8.017
301.31	-8.024
301.78	-7.032
302.25	-5.777
302.72	-4.535
303.19	-5.531
303.66	-2.852
304.13	-1.859
304.60	-1.425
305.07	-2.532
305.53	-0.813
306.00	-0.482
306.47	-0.195
306.94	0.029
307.41	0.612
307.88	-0.052
308.35	-0.321
308.82	-2.240
309.29	-1.347
309.76	-0.887
310.22	-1.815
310.69	-3.532
311.16	-2.313
311.63	-0.094
312.10	-1.707
312.57	-3.390
313.04	-2.240
313.51	-2.780
313.97	-3.239
314.44	-3.476
314.91	-3.337
315.38	-2.401
315.85	-1.175
316.32	-1.502
316.79	-1.489
317.25	-1.049
317.72	-0.828
318.19	-2.038
318.66	-0.072
319.13	1.309
319.60	1.685
320.07	0.900
320.53	3.159
321.00	4.190
321.47	3.637
321.94	2.830
322.41	2.630
322.87	3.108
323.34	2.947
323.81	1.786
324.28	1.736
324.75	2.267
325.22	2.682
325.68	1.473
326.15	0.982
326.62	1.553
327.09	2.805
327.56	2.457
328.02	2.740
328.49	2.719
328.96	2.592
329.43	2.026
329.89	1.191
330.36	1.257
330.83	0.967
331.30	0.268
331.77	0.384
332.23	1.423
332.70	1.514
333.17	0.527
333.64	-0.007
334.10	1.025
334.57	2.180
335.04	1.103
335.51	0.840
335.97	0.699
336.44	1.225
336.91	-0.097
337.38	-1.229
337.84	-0.342
338.31	0.417
338.78	-0.231
339.24	-0.694
339.71	0.918
340.18	2.015
340.65	1.758
341.11	1.068
341.58	1.473
342.05	2.340
342.52	2.034
342.98	2.310
343.45	2.994
343.92	3.368
344.38	2.738
344.85	2.456
345.32	2.910
345.78	4.125
346.25	4.238
346.72	4.061
347.18	4.634
347.65	4.926
348.12	4.530
348.58	4.408
349.05	4.522
349.52	4.723
349.99	4.508
350.45	4.595
350.92	5.204
351.38	5.805
351.85	5.604
352.32	5.596
352.78	5.752
353.25	6.464
353.72	6.415
354.18	6.025
354.65	6.137
355.12	6.263
355.58	6.228
356.05	6.043
356.52	6.113
356.98	6.434
357.45	6.414
357.91	6.143
358.38	5.948
358.85	6.211
359.31	6.145
359.78	5.646
360.25	5.466
360.71	5.638
361.18	5.615
361.64	5.242
362.11	4.975
362.58	5.009
363.04	4.829
363.51	4.631
363.97	4.638
364.44	4.870
364.91	5.104
365.37	4.846
365.84	4.725
366.30	4.853
366.77	4.840
367.23	4.690
367.70	4.647
368.17	4.830
368.63	5.012
369.10	4.848
369.56	4.838
370.03	4.990
370.49	5.070
370.96	5.012
371.42	5.018
371.89	5.230
372.36	5.459
372.82	5.304
373.29	5.226
373.75	5.402
374.22	5.516
374.68	5.453
375.15	5.344
375.61	5.402
376.08	5.492
376.54	5.430
377.01	5.408
377.47	5.493
377.94	5.661
378.40	5.634
378.87	5.596
379.33	5.646
379.80	5.723
380.26	5.668
380.73	5.570
381.19	5.620
381.66	5.693
382.12	5.614
382.59	5.625
383.05	5.638
383.52	5.634
383.98	5.528
384.45	5.413
384.91	5.404
385.38	5.481
385.84	5.485
386.31	5.426
386.77	5.433
387.24	5.576
387.70	5.545
388.16	5.487
388.63	5.533
389.09	5.607
389.56	5.587
390.02	5.539
390.49	5.538
390.95	5.596
391.42	5.648
391.88	5.648
392.34	5.635
392.81	5.745
393.27	5.822
393.74	5.813
394.20	5.839
394.67	5.955
395.13	6.005
395.59	6.044
396.06	6.062
396.52	6.115
396.99	6.100
397.45	6.032
397.91	5.957
398.38	5.888
398.84	5.903
399.31	5.887
399.77	5.833
400.23	5.860
400.70	5.891
401.16	5.771
401.63	5.684
402.09	5.713
402.55	5.666
403.02	5.573
403.48	5.479
403.94	5.460
404.41	5.459
404.87	5.393
405.33	5.284
405.80	5.323
406.26	5.323
406.73	5.340
407.19	5.370
407.65	5.458
408.12	5.598
408.58	5.688
409.04	5.761
409.51	5.916
409.97	6.069
410.43	6.167
410.90	6.312
411.36	6.519
411.82	6.708
412.29	6.902
412.75	7.073
413.21	7.292
413.67	7.524
414.14	7.704
414.60	7.876
415.06	8.085
415.53	8.271
415.99	8.446
416.45	8.567
416.92	8.703
417.38	8.850
417.84	8.945
418.30	8.951
418.77	8.977
419.23	9.013
419.69	8.986
420.16	8.942
420.62	8.880
421.08	8.818
421.54	8.707
422.01	8.554
422.47	8.429
422.93	8.339
423.39	8.191
423.86	8.024
424.32	7.857
424.78	7.729
425.24	7.601
425.71	7.461
426.17	7.320
426.63	7.229
427.09	7.139
427.56	7.039
428.02	6.974
428.48	6.959
428.94	6.922
429.41	6.847
429.87	6.822
430.33	6.972
430.79	7.138
431.25	7.341
431.72	7.567
432.18	7.843
432.64	8.142
433.10	8.454
433.56	8.768
434.03	9.137
434.49	9.529
434.95	9.900
435.41	10.272
435.87	10.686
436.34	11.094
436.80	11.486
437.26	11.870
437.72	12.274
438.18	12.669
438.64	13.044
439.11	13.436
439.57	13.799
440.03	14.069
440.49	14.282
440.95	14.452
441.41	14.607
441.88	14.732
442.34	14.800
442.80	14.828
443.26	14.842
443.72	14.842
444.18	14.784
444.64	14.665
445.11	14.543
445.57	14.394
446.03	14.227
446.49	14.010
446.95	13.810
447.41	13.593
447.87	13.348
448.33	13.089
448.79	12.837
449.26	12.615
449.72	12.375
450.18	12.157
450.64	11.963
451.10	11.791
451.56	11.629
452.02	11.498
452.48	11.397
452.94	11.334
453.40	11.295
453.87	11.274
454.33	11.321
454.79	11.430
455.25	11.553
455.71	11.688
456.17	11.890
456.63	12.149
457.09	12.426
457.55	12.741
458.01	13.091
458.47	13.494
458.93	13.919
459.39	14.348
459.85	14.788
460.31	15.267
460.77	15.742
461.24	16.239
461.70	16.736
462.16	17.242
462.62	17.760
463.08	18.254
463.54	18.737
464.00	19.229
464.46	19.677
464.92	20.097
465.38	20.500
465.84	20.881
466.30	21.224
466.76	21.547
467.22	21.816
467.68	22.066
468.14	22.269
468.60	22.421
469.06	22.541
469.52	22.629
469.98	22.674
470.44	22.685
470.90	22.650
471.36	22.592
471.82	22.498
472.28	22.354
472.74	22.178
473.20	21.986
473.66	21.764
474.12	21.514
474.58	21.242
475.04	20.962
475.50	20.669
475.95	20.354
476.41	20.020
476.87	19.697
477.33	19.374
477.79	19.057
478.25	18.739
478.71	18.437
479.17	18.151
479.63	17.875
480.09	17.617
480.55	17.389
481.01	17.187
481.47	17.008
481.93	16.871
482.39	16.772
482.84	16.710
483.30	16.687
483.76	16.697
484.22	16.745
484.68	16.836
485.14	16.965
485.60	17.137
486.06	17.347
486.52	17.601
486.98	17.887
487.44	18.207
487.89	18.561
488.35	18.952
488.81	19.373
489.27	19.808
489.73	20.272
490.19	20.757
490.65	21.264
491.11	21.790
491.56	22.313
492.02	22.848
492.48	23.382
492.94	23.915
493.40	24.450
493.86	24.986
494.32	25.510
494.77	26.014
495.23	26.496
495.69	26.966
496.15	27.419
496.61	27.848
497.07	28.252
497.52	28.636
497.98	28.995
498.44	29.323
498.90	29.628
499.36	29.902
499.82	30.140
500.27	30.336
500.73	30.495
501.19	30.627
501.65	30.716
502.11	30.778
502.56	30.809
503.02	30.802
503.48	30.762
503.94	30.691
504.40	30.591
504.85	30.468
505.31	30.326
505.77	30.136
506.23	29.924
506.69	29.691
507.14	29.437
507.60	29.157
508.06	28.852
508.52	28.535
508.97	28.203
509.43	27.857
509.89	27.498
510.35	27.139
510.80	26.779
511.26	26.427
511.72	26.070
512.18	25.716
512.63	25.368
513.09	25.029
513.55	24.695
514.01	24.384
514.46	24.085
514.92	23.801
515.38	23.547
515.84	23.319
516.29	23.119
516.75	22.940
517.21	22.789
517.66	22.665
518.12	22.576
518.58	22.521
519.04	22.496
519.49	22.511
519.95	22.561
520.41	22.641
520.86	22.750
521.32	22.897
521.78	23.078
522.23	23.294
522.69	23.539
523.15	23.818
523.61	24.127
524.06	24.467
524.52	24.829
524.98	25.212
525.43	25.620
525.89	26.042
526.35	26.482
526.80	26.942
527.26	27.414
527.72	27.896
528.17	28.387
528.63	28.880
529.09	29.383
529.54	29.886
530.00	30.389
530.45	30.891
530.91	31.389
531.37	31.872
531.82	32.350
532.28	32.818
532.74	33.270
533.19	33.699
533.65	34.101
534.10	34.481
534.56	34.841
535.02	35.173
535.47	35.485
535.93	35.778
536.39	36.047
536.84	36.293
537.30	36.516
537.75	36.708
538.21	36.871
538.67	37.009
539.12	37.119
539.58	37.198
540.03	37.253
540.49	37.282
540.94	37.291
541.40	37.261
541.86	37.205
542.31	37.126
542.77	37.025
543.22	36.906
543.68	36.774
544.13	36.626
544.59	36.459
545.05	36.261
545.50	36.047
545.96	35.812
546.41	35.561
546.87	35.289
547.32	35.006
547.78	34.718
548.23	34.406
548.69	34.080
549.14	33.751
549.60	33.412
550.06	33.065
550.51	32.710
550.97	32.361
551.42	32.008
551.88	31.653
552.33	31.295
552.79	30.949
553.24	30.605
553.70	30.270
554.15	29.943
554.61	29.637
555.06	29.336
555.52	29.046
555.97	28.774
556.43	28.525
556.88	28.295
557.34	28.088
557.79	27.910
558.25	27.758
558.70	27.630
559.15	27.528
559.61	27.450
560.06	27.396
560.52	27.374
560.97	27.386
561.43	27.427
561.88	27.505
562.34	27.605
562.79	27.731
563.25	27.888
563.70	28.062
564.16	28.270
564.61	28.510
565.06	28.769
565.52	29.055
565.97	29.363
566.43	29.698
566.88	30.051
567.34	30.420
567.79	30.808
568.24	31.219
568.70	31.640
569.15	32.075
569.61	32.527
570.06	32.979
570.51	33.438
570.97	33.909
571.42	34.376
571.88	34.864
572.33	35.345
572.78	35.817
573.24	36.300
573.69	36.771
574.15	37.239
574.60	37.704
575.05	38.161
575.51	38.622
575.96	39.065
576.42	39.505
576.87	39.932
577.32	40.351
577.78	40.744
578.23	41.130
578.68	41.500
579.14	41.855
579.59	42.193
580.04	42.507
580.50	42.803
580.95	43.081
581.40	43.328
581.86	43.568
582.31	43.792
582.76	44.004
583.22	44.201
583.67	44.367
584.12	44.518
584.58	44.645
585.03	44.738
585.48	44.807
585.94	44.845
586.39	44.857
586.84	44.858
587.30	44.846
587.75	44.802
588.20	44.744
588.66	44.668
589.11	44.569
589.56	44.458
590.01	44.322
590.47	44.163
590.92	43.991
591.37	43.802
591.83	43.591
592.28	43.357
592.73	43.101
593.18	42.834
593.64	42.550
594.09	42.254
594.54	41.955
594.99	41.649
595.45	41.330
595.90	41.008
596.35	40.668
596.80	40.316
597.26	39.959
597.71	39.594
598.16	39.221
598.61	38.849
599.07	38.475
599.52	38.099
599.97	37.730
600.42	37.360
600.88	36.983
601.33	36.614
601.78	36.247
602.23	35.883
602.69	35.529
603.14	35.183
603.59	34.839
604.04	34.500
604.49	34.167
604.95	33.850
605.40	33.550
605.85	33.266
606.30	32.991
606.75	32.742
607.21	32.512
607.66	32.301
608.11	32.111
608.56	31.937
609.01	31.784
609.46	31.650
609.92	31.535
610.37	31.446
610.82	31.379
611.27	31.341
611.72	31.326
612.17	31.335
612.63	31.367
613.08	31.416
613.53	31.492
613.98	31.601
614.43	31.728
614.88	31.873
615.34	32.038
615.79	32.224
616.24	32.426
616.69	32.642
617.14	32.875
617.59	33.126
618.04	33.394
618.49	33.674
618.95	33.965
619.40	34.274
619.85	34.600
620.30	34.937
620.75	35.273
621.20	35.626
621.65	35.986
622.10	36.353
622.55	36.740
623.00	37.133
623.46	37.523
623.91	37.906
624.36	38.299
624.81	38.695
625.26	39.093
625.71	39.484
626.16	39.886
626.61	40.284
627.06	40.680
627.51	41.074
627.96	41.468
628.41	41.858
628.86	42.230
629.32	42.594
629.77	42.948
630.22	43.300
630.67	43.648
631.12	43.988
631.57	44.323
632.02	44.641
632.47	44.940
632.92	45.237
633.37	45.544
633.82	45.819
634.27	46.081
634.72	46.331
635.17	46.567
635.62	46.777
636.07	46.978
636.52	47.148
636.97	47.306
637.42	47.454
637.87	47.590
638.32	47.712
638.77	47.829
639.22	47.938
639.67	48.029
640.12	48.096
640.57	48.143
641.02	48.170
641.47	48.182
641.92	48.187
642.37	48.167
642.82	48.116
643.27	48.064
643.72	47.995
644.17	47.906
644.62	47.809
645.07	47.700
645.52	47.588
645.97	47.476
646.42	47.342
646.87	47.200
647.32	47.059
647.77	46.914
648.22	46.741
648.66	46.551
649.11	46.337
649.56	46.109
650.01	45.878
650.46	45.646
650.91	45.407
651.36	45.150
651.81	44.876
652.26	44.610
652.71	44.324
653.16	44.040
653.61	43.748
654.06	43.452
654.50	43.144
654.95	42.817
655.40	42.482
655.85	42.151
656.30	41.811
656.75	41.458
657.20	41.099
657.65	40.752
658.10	40.396
658.55	40.054
658.99	39.723
659.44	39.392
659.89	39.056
660.34	38.714
660.79	38.377
661.24	38.058
661.69	37.740
662.13	37.435
662.58	37.117
663.03	36.821
663.48	36.524
663.93	36.239
664.38	35.969
664.83	35.712
665.27	35.459
665.72	35.204
666.17	34.958
666.62	34.724
667.07	34.498
667.52	34.288
667.96	34.084
668.41	33.886
668.86	33.709
669.31	33.541
669.76	33.393
670.21	33.265
670.65	33.156
671.10	33.051
671.55	32.956
672.00	32.885
672.45	32.824
672.89	32.777
673.34	32.746
673.79	32.725
674.24	32.713
674.68	32.719
675.13	32.743
675.58	32.788
676.03	32.842
676.48	32.901
676.92	32.969
677.37	33.063
677.82	33.171
678.27	33.279
678.71	33.397
679.16	33.530
679.61	33.675
680.06	33.822
680.50	33.986
680.95	34.184
681.40	34.390
681.85	34.589
682.29	34.802
682.74	35.030
683.19	35.265
683.64	35.510
684.08	35.768
684.53	36.040
684.98	36.321
685.43	36.615
685.87	36.913
686.32	37.213
686.77	37.503
687.21	37.789
687.66	38.097
688.11	38.418
688.55	38.735
689.00	39.044
689.45	39.380
689.90	39.718
690.34	40.033
690.79	40.343
691.24	40.665
691.68	40.986
692.13	41.294
692.58	41.586
693.02	41.889
693.47	42.176
693.92	42.455
694.36	42.722
694.81	42.995
695.26	43.271
695.70	43.543
696.15	43.821
696.60	44.100
697.04	44.360
697.49	44.600
697.94	44.829
698.38	45.065
698.83	45.279
699.27	45.490
699.72	45.680
700.17	45.885
700.61	46.082
701.06	46.271
701.51	46.455
701.95	46.647
702.40	46.822
702.84	47.004
703.29	47.184
703.74	47.341
704.18	47.482
704.63	47.615
705.07	47.737
705.52	47.848
705.97	47.945
706.41	48.032
706.86	48.102
707.30	48.176
707.75	48.252
708.20	48.313
708.64	48.354
709.09	48.392
709.53	48.409
709.98	48.424
710.42	48.428
710.87	48.403
711.32	48.372
711.76	48.328
712.21	48.275
712.65	48.202
713.10	48.142
713.54	48.074
713.99	47.994
714.43	47.915
714.88	47.811
715.33	47.691
715.77	47.575
716.22	47.475
716.66	47.349
717.11	47.206
717.55	47.067
718.00	46.922
718.44	46.770
718.89	46.590
719.33	46.421
719.78	46.251
720.22	46.089
720.67	45.910
721.11	45.733
721.56	45.551
722.00	45.353
722.45	45.142
722.89	44.919
723.34	44.703
723.78	44.494
724.23	44.284
724.67	44.067
725.12	43.838
725.56	43.591
726.01	43.352
726.45	43.102
726.90	42.837
727.34	42.564
727.78	42.306
728.23	42.060
728.67	41.790
729.12	41.516
729.56	41.252
730.01	40.988
730.45	40.701
730.90	40.398
731.34	40.121
731.79	39.852
732.23	39.575
732.67	39.285
733.12	38.980
733.56	38.706
734.01	38.448
734.45	38.178
734.89	37.919
735.34	37.681
735.78	37.452
736.23	37.210
736.67	36.969
737.12	36.731
737.56	36.502
738.00	36.265
738.45	36.039
738.89	35.821
739.34	35.624
739.78	35.454
740.22	35.284
740.67	35.105
741.11	34.924
741.55	34.767
742.00	34.616
742.44	34.473
742.89	34.319
743.33	34.176
743.77	34.051
744.22	33.940
744.66	33.820
745.10	33.694
745.55	33.584
745.99	33.503
746.43	33.431
746.88	33.357
747.32	33.286
747.76	33.231
748.21	33.200
748.65	33.158
749.09	33.104
749.54	33.060
749.98	33.046
750.42	33.046
750.87	33.036
751.31	33.026
751.75	33.041
752.20	33.077
752.64	33.123
753.08	33.164
753.53	33.204
753.97	33.268
754.41	33.346
754.85	33.440
755.30	33.532
755.74	33.627
756.18	33.739
756.63	33.885
757.07	34.030
757.51	34.152
757.95	34.292
758.40	34.457
758.84	34.631
759.28	34.806
759.72	34.973
760.17	35.160
760.61	35.369
761.05	35.575
761.50	35.775
761.94	35.965
762.38	36.160
762.82	36.391
763.26	36.608
763.71	36.827
764.15	37.039
764.59	37.242
765.03	37.444
765.48	37.656
765.92	37.856
766.36	38.053
766.80	38.270
767.25	38.491
767.69	38.713
768.13	38.952
768.57	39.191
769.01	39.434
769.46	39.663
769.90	39.894
770.34	40.114
770.78	40.341
771.22	40.592
771.67	40.872
772.11	41.128
772.55	41.376
772.99	41.602
773.43	41.833
773.87	42.095
774.32	42.362
774.76	42.623
775.20	42.867
775.64	43.114
776.08	43.371
776.52	43.612
776.97	43.845
777.41	44.060
777.85	44.264
778.29	44.481
778.73	44.726
779.17	44.962
779.62	45.180
780.06	45.391
780.50	45.595
780.94	45.787
781.38	45.965
781.82	46.145
782.26	46.344
782.70	46.546
783.15	46.736
783.59	46.906
784.03	47.054
784.47	47.206
784.91	47.338
785.35	47.462
785.79	47.596
786.23	47.734
786.67	47.861
787.11	47.989
787.56	48.115
788.00	48.222
788.44	48.321
788.88	48.434
789.32	48.534
789.76	48.623
790.20	48.702
790.64	48.791
791.08	48.893
791.52	48.971
791.96	49.014
792.40	49.052
792.84	49.112
793.28	49.189
793.73	49.256
794.17	49.312
794.61	49.363
795.05	49.412
795.49	49.427
795.93	49.441
796.37	49.434
796.81	49.431
797.25	49.434
797.69	49.421
798.13	49.396
798.57	49.372
799.01	49.340
799.45	49.283
799.89	49.203
800.33	49.115
800.77	49.050
801.21	49.001
801.65	48.928
802.09	48.848
802.53	48.749
802.97	48.642
803.41	48.549
803.85	48.459
804.29	48.369
804.73	48.297
805.17	48.191
805.61	48.083
806.05	47.949
806.49	47.779
806.93	47.645
807.37	47.521
807.81	47.405
808.25	47.274
808.69	47.138
809.13	46.993
809.57	46.845
810.01	46.686
810.44	46.511
810.88	46.337
811.32	46.158
811.76	45.980
812.20	45.815
812.64	45.651
813.08	45.458
813.52	45.236
813.96	44.995
814.40	44.797
814.84	44.615
815.28	44.435
815.72	44.264
816.16	44.071
816.59	43.881
817.03	43.676
817.47	43.479
817.91	43.296
818.35	43.134
818.79	42.961
819.23	42.776
819.67	42.591
820.11	42.413
820.54	42.210
820.98	41.999
821.42	41.790
821.86	41.568
822.30	41.362
822.74	41.171
823.18	40.985
823.62	40.789
824.05	40.579
824.49	40.375
824.93	40.182
825.37	39.990
825.81	39.788
826.25	39.583
826.69	39.350
827.12	39.116
827.56	38.879
828.00	38.649
828.44	38.442
828.88	38.245
829.32	38.034
829.75	37.844
830.19	37.658
830.63	37.472
831.07	37.289
831.51	37.096
831.94	36.903
832.38	36.712
832.82	36.524
833.26	36.347
833.70	36.185
834.13	36.023
834.57	35.860
835.01	35.701
835.45	35.551
835.89	35.436
836.32	35.314
836.76	35.181
837.20	35.043
837.64	34.910
838.08	34.799
838.51	34.714
838.95	34.619
839.39	34.530
839.83	34.452
840.26	34.377
840.70	34.318
841.14	34.268
841.58	34.224
842.01	34.184
842.45	34.146
842.89	34.103
843.33	34.054
843.76	34.005
844.20	33.968
844.64	33.944
845.08	33.918
845.51	33.897
845.95	33.888
846.39	33.888
846.82	33.884
847.26	33.866
847.70	33.830
848.14	33.822
848.57	33.827
849.01	33.810
849.45	33.798
849.88	33.799
850.32	33.808
850.76	33.831
851.19	33.868
851.63	33.915
852.07	33.965
852.50	34.033
852.94	34.083
853.38	34.127
853.81	34.185
854.25	34.253
854.69	34.331
855.12	34.434
855.56	34.532
856.00	34.630
856.43	34.749
856.87	34.869
857.31	35.008
857.74	35.136
858.18	35.275
858.62	35.421
859.05	35.551
859.49	35.679
859.93	35.799
860.36	35.932
860.80	36.073
861.24	36.207
861.67	36.317
862.11	36.445
862.54	36.592
862.98	36.739
863.42	36.896
863.85	37.059
864.29	37.217
864.72	37.396
865.16	37.560
865.60	37.710
866.03	37.887
866.47	38.041
866.90	38.190
867.34	38.377
867.78	38.581
868.21	38.804
868.65	39.027
869.08	39.255
869.52	39.461
869.95	39.645
870.39	39.832
870.83	40.047
871.26	40.288
871.70	40.532
872.13	40.756
872.57	40.972
873.00	41.187
873.44	41.387
873.87	41.561
874.31	41.764
874.75	41.975
875.18	42.171
875.62	42.356
876.05	42.557
876.49	42.772
876.92	43.003
877.36	43.220
877.79	43.422
878.23	43.618
878.66	43.825
879.10	44.042
879.53	44.256
879.97	44.468
880.40	44.674
880.84	44.863
881.27	45.041
881.71	45.221
882.14	45.394
882.58	45.566
883.01	45.750
883.45	45.931
883.88	46.119
884.32	46.275
884.75	46.451
885.19	46.630
885.62	46.807
886.06	46.950
886.49	47.113
886.92	47.289
887.36	47.482
887.79	47.647
888.23	47.785
888.66	47.940
889.10	48.077
889.53	48.196
889.97	48.300
890.40	48.428
890.83	48.542
891.27	48.654
891.70	48.797
892.14	48.952
892.57	49.115
893.01	49.283
893.44	49.461
893.87	49.628
894.31	49.811
894.74	49.956
895.18	50.066
895.61	50.147
896.04	50.226
896.48	50.289
896.91	50.339
897.35	50.405
897.78	50.475
898.21	50.555
898.65	50.626
899.08	50.703
899.52	50.781
899.95	50.881
900.38	50.979
900.82	51.074
901.25	51.171
901.68	51.247
902.12	51.294
902.55	51.355
902.99	51.456
903.42	51.512
903.85	51.553
904.29	51.604
904.72	51.677
905.15	51.722
905.59	51.743
906.02	51.784
906.45	51.864
906.89	51.914
907.32	51.973
907.75	52.025
908.19	52.063
908.62	52.098
909.05	52.074
909.49	52.037
909.92	51.994
910.35	51.948
910.78	51.855
911.22	51.746
911.65	51.661
912.08	51.547
912.52	51.456
912.95	51.374
913.38	51.310
913.82	51.223
914.25	51.161
914.68	51.095
915.11	51.043
915.55	50.958
915.98	50.909
916.41	50.801
916.84	50.709
917.28	50.644
917.71	50.562
918.14	50.492
918.58	50.422
919.01	50.326
919.44	50.208
919.87	50.134
920.31	50.098
920.74	50.043
921.17	49.948
921.60	49.812
922.03	49.692
922.47	49.571
922.90	49.444
923.33	49.279
923.76	49.156
924.20	49.041
924.63	48.922
925.06	48.737
925.49	48.553
925.92	48.421
926.36	48.271
926.79	48.104
927.22	47.963
927.65	47.827
928.08	47.687
928.52	47.557
928.95	47.408
929.38	47.267
929.81	47.119
930.24	46.971
930.68	46.835
931.11	46.703
931.54	46.576
931.97	46.433
932.40	46.313
932.83	46.196
933.27	46.055
933.70	45.874
934.13	45.727
934.56	45.628
934.99	45.457
935.42	45.281
935.85	45.104
936.29	44.941
936.72	44.785
937.15	44.621
937.58	44.439
938.01	44.276
938.44	44.084
938.87	43.884
939.31	43.696
939.74	43.530
940.17	43.349
940.60	43.157
941.03	42.970
941.46	42.788
941.89	42.600
942.32	42.392
942.75	42.204
943.18	42.037
943.62	41.843
944.05	41.625
944.48	41.395
944.91	41.199
945.34	40.992
945.77	40.787
946.20	40.579
946.63	40.409
947.06	40.241
947.49	40.031
947.92	39.834
948.35	39.637
948.78	39.443
949.22	39.234
949.65	38.996
950.08	38.771
950.51	38.564
950.94	38.354
951.37	38.140
951.80	37.982
952.23	37.818
952.66	37.671
953.09	37.546
953.52	37.440
953.95	37.315
954.38	37.204
954.81	37.047
955.24	36.916
955.67	36.784
956.10	36.643
956.53	36.517
956.96	36.385
957.39	36.290
957.82	36.178
958.25	36.040
958.68	35.930
959.11	35.858
959.54	35.763
959.97	35.631
960.40	35.548
960.83	35.466
961.26	35.360
961.69	35.222
962.12	35.063
962.55	34.930
962.98	34.799
963.41	34.649
963.84	34.574
964.27	34.515
964.70	34.425
965.13	34.295
965.56	34.183
965.99	34.106
966.42	34.036
966.84	33.942
967.27	33.884
967.70	33.844
968.13	33.816
968.56	33.732
968.99	33.674
969.42	33.628
969.85	33.574
970.28	33.463
970.71	33.377
971.14	33.363
971.57	33.359
972.00	33.326
972.42	33.263
972.85	33.209
973.28	33.143
973.71	33.051
974.14	33.002
974.57	33.029
975.00	33.015
975.43	32.934
975.86	32.926
976.28	32.900
976.71	32.920
977.14	32.817
977.57	32.777
978.00	32.779
978.43	32.837
978.86	32.769
979.29	32.775
979.71	32.806
980.14	32.868
980.57	32.856
981.00	32.826
981.43	32.891
981.86	32.909
982.28	32.922
982.71	32.902
983.14	32.890
983.57	32.917
984.00	32.947
984.43	32.932
984.85	32.934
985.28	33.074
985.71	33.125
986.14	33.137
986.57	33.204
986.99	33.301
987.42	33.278
987.85	33.293
988.28	33.341
988.71	33.425
989.13	33.459
989.56	33.502
989.99	33.587
990.42	33.696
990.85	33.856
991.27	33.901
991.70	33.995
992.13	34.138
992.56	34.218
992.98	34.254
993.41	34.375
993.84	34.496
994.27	34.549
994.70	34.589
995.12	34.752
995.55	34.867
995.98	34.990
996.41	35.074
996.83	35.226
997.26	35.462
997.69	35.632
998.11	35.703
998.54	35.770
998.97	35.924
999.40	36.065
999.82	36.115
1000.25	36.236
1000.68	36.507
1001.11	36.736
1001.53	36.842
1001.96	36.930
1002.39	37.113
1002.81	37.285
1003.24	37.306
1003.67	37.328
1004.09	37.423
1004.52	37.640
1004.95	37.704
1005.38	37.830
1005.80	38.007
1006.23	38.081
1006.66	38.118
1007.08	38.177
1007.51	38.317
1007.94	38.578
1008.36	38.631
1008.79	38.660
1009.22	38.776
1009.64	38.834
1010.07	38.895
1010.50	38.924
1010.92	39.055
1011.35	39.290
1011.77	39.413
1012.20	39.452
1012.63	39.667
1013.05	39.854
1013.48	39.862
1013.91	39.885
1014.33	39.861
1014.76	39.943
1015.19	40.009
1015.61	39.956
1016.04	40.071
1016.46	40.277
1016.89	40.274
1017.32	40.316
1017.74	40.421
1018.17	40.609
1018.59	40.858
1019.02	40.825
1019.45	40.950
1019.87	41.087
1020.30	41.145
1020.72	41.211
1021.15	41.286
1021.58	41.350
1022.00	41.502
1022.43	41.540
1022.85	41.659
1023.28	41.837
1023.70	41.953
1024.13	41.967
1024.55	42.041
1024.98	42.155
1025.41	42.181
1025.83	42.002
1026.26	41.941
1026.68	42.038
1027.11	42.124
1027.53	41.902
1027.96	41.828
1028.38	41.860
1028.81	41.924
1029.23	41.837
1029.66	41.703
1030.08	41.893
1030.51	42.241
1030.94	42.276
1031.36	42.259
1031.79	42.276
1032.21	42.513
1032.64	42.506
1033.06	42.317
1033.49	42.437
1033.91	42.629
1034.34	42.682
1034.76	42.801
1035.19	42.883
1035.61	43.035
1036.03	42.948
1036.46	42.841
1036.88	42.924
1037.31	43.052
1037.73	43.068
1038.16	42.923
1038.58	42.944
1039.01	43.029
1039.43	42.985
1039.86	42.786
1040.28	42.741
1040.71	42.995
1041.13	43.012
1041.55	42.823
1041.98	43.036
1042.40	43.224
1042.83	43.265
1043.25	42.983
1043.68	42.946
1044.10	43.332
1044.52	43.413
1044.95	43.245
1045.37	43.126
1045.80	43.296
1046.22	43.477
1046.65	43.264
1047.07	43.120
1047.49	43.328
1047.92	43.292
1048.34	42.795
1048.77	42.649
1049.19	42.664
1049.61	42.602
1050.04	42.130
1050.46	42.069
1050.89	42.197
1051.31	42.252
1051.73	41.934
1052.16	41.824
1052.58	41.889
1053.00	41.879
1053.43	41.553
1053.85	41.199
1054.27	41.547
1054.70	41.657
1055.12	41.383
1055.55	41.099
1055.97	41.434
1056.39	41.659
1056.82	41.668
1057.24	41.424
1057.66	41.493
1058.09	41.796
1058.51	41.616
1058.93	41.445
1059.36	41.567
1059.78	41.634
1060.20	41.187
1060.62	40.676
1061.05	40.403
1061.47	40.375
1061.89	39.853
1062.32	39.230
1062.74	39.373
1063.16	39.639
1063.59	39.417
1064.01	38.963
1064.43	39.167
1064.85	39.271
1065.28	39.068
1065.70	38.338
1066.12	37.989
1066.55	38.134
1066.97	38.091
1067.39	37.207
1067.81	36.638
1068.24	36.577
1068.66	36.069
1069.08	35.401
1069.50	35.005
1069.93	35.683
1070.35	35.764
1070.77	34.838
1071.19	34.589
1071.62	35.177
1072.04	34.589
1072.46	33.702
1072.88	32.773
1073.31	32.755
1073.73	32.279
1074.15	30.800
1074.57	30.297
1075.00	30.443
1075.42	30.001
1075.84	28.682
1076.26	27.737
1076.68	28.157
1077.11	27.670
1077.53	26.739
1077.95	26.293
1078.37	26.537
1078.79	26.108
1079.22	24.440
1079.64	23.359
1080.06	23.211
1080.48	21.862
1080.90	20.414
1081.32	19.236
1081.75	19.571
1082.17	18.500
1082.59	16.815
1083.01	16.309
1083.43	15.727
1083.85	15.894
1084.28	13.331
1084.70	10.768
1085.12	11.224
1085.54	10.921
1085.96	8.927
1086.38	6.541
1086.80	6.138
1087.23	5.912
1087.65	4.244
1088.07	2.426
1088.49	2.135
1088.91	1.663
1089.33	1.062
1089.75	-1.045
1090.17	-1.708
1090.60	-2.378
1091.02	-2.907
1091.44	-4.824
1091.86	-5.869
1092.28	-5.792
1092.70	-7.934
1093.12	-9.247
1093.54	-10.519
1093.96	-10.639
1094.38	-12.631
1094.81	-16.226
1095.23	-16.825
1095.65	-18.034
1096.07	-18.557
1096.49	-23.263
1096.91	-24.111
1097.33	-23.103
1097.75	-25.676
1098.17	-30.190
1098.59	-32.455
1099.01	-30.504
1099.43	-32.648
1099.85	-38.979
1100.27	-42.188
1100.69	-42.866
1101.11	-42.461
1101.53	-45.450
1101.95	-46.242
1102.38	-51.610
1102.80	-144.942
1103.22	0.291
1103.64	-22.926
1104.06	-166.132
1104.48	-108.736
1104.90	-41.840
1105.32	27.241
1105.74	-39.812
1106.16	-104.000
