188.40	-205.676
188.88	-331.854
189.35	371.031
189.83	1112.174
190.30	-1660.784
190.78	-347.596
191.26	-270.048
191.73	1066.038
192.21	-2134.783
192.68	-179.580
193.16	-1079.755
193.63	-1265.466
194.11	-1358.031
194.58	-1244.925
195.06	-1025.488
195.53	-661.597
196.01	-532.812
196.48	-470.412
196.96	-396.002
197.43	-335.613
197.91	-301.982
198.38	-265.503
198.86	-228.396
199.33	-193.970
199.81	-185.588
200.28	-175.653
200.76	-155.952
201.23	-143.718
201.71	-132.575
202.18	-125.292
202.66	-113.841
203.13	-106.597
203.61	-100.196
204.08	-90.527
204.55	-86.919
205.03	-82.154
205.50	-80.743
205.98	-80.713
206.45	-81.364
206.93	-79.049
207.40	-76.002
207.88	-73.933
208.35	-74.593
208.82	-76.658
209.30	-77.516
209.77	-75.842
210.25	-75.182
210.72	-76.930
211.20	-76.472
211.67	-73.080
212.14	-73.327
212.62	-71.985
213.09	-66.888
213.57	-65.422
214.04	-66.312
214.52	-65.340
214.99	-62.789
215.46	-63.663
215.94	-66.533
216.41	-64.535
216.89	-63.023
217.36	-62.521
217.83	-65.290
218.31	-66.309
218.78	-63.084
219.25	-60.327
219.73	-62.232
220.20	-65.415
220.68	-62.537
221.15	-61.529
221.62	-63.480
222.10	-65.162
222.57	-64.409
223.04	-64.384
223.52	-68.581
223.99	-71.030
224.47	-70.221
224.94	-72.835
225.41	-73.389
225.89	-72.288
226.36	-74.151
226.83	-74.668
227.31	-75.985
227.78	-76.810
228.25	-74.101
228.73	-74.344
229.20	-74.559
229.67	-78.052
230.15	-74.853
230.62	-74.365
231.09	-76.849
231.57	-78.999
232.04	-76.632
232.51	-75.457
232.98	-78.291
233.46	-75.850
233.93	-74.301
234.40	-70.603
234.88	-69.848
235.35	-71.962
235.82	-72.328
236.30	-67.852
236.77	-68.314
237.24	-71.943
237.71	-70.274
238.19	-69.094
238.66	-67.658
239.13	-70.490
239.61	-69.096
240.08	-68.476
240.55	-67.399
241.02	-66.931
241.50	-65.080
241.97	-62.764
242.44	-63.562
242.91	-62.828
243.39	-63.550
243.86	-61.806
244.33	-64.316
244.80	-66.212
245.28	-66.444
245.75	-64.113
246.22	-65.842
246.69	-66.282
247.17	-64.202
247.64	-64.273
248.11	-65.278
248.58	-66.069
249.05	-66.707
249.53	-64.184
250.00	-63.177
250.47	-66.258
250.94	-68.082
251.42	-65.940
251.89	-64.011
252.36	-64.807
252.83	-65.487
253.30	-63.048
253.78	-60.664
254.25	-60.160
254.72	-59.837
255.19	-59.305
255.66	-57.639
256.13	-58.725
256.61	-58.769
257.08	-58.140
257.55	-57.136
258.02	-56.208
258.49	-57.629
258.97	-56.097
259.44	-57.001
259.91	-58.591
260.38	-58.416
260.85	-56.898
261.32	-57.064
261.79	-58.682
262.27	-60.033
262.74	-57.435
263.21	-54.739
263.68	-57.536
264.15	-61.191
264.62	-61.565
265.09	-61.594
265.57	-62.439
266.04	-64.662
266.51	-63.664
266.98	-63.680
267.45	-63.926
267.92	-66.592
268.39	-66.513
268.86	-66.123
269.34	-61.978
269.81	-62.758
270.28	-63.365
270.75	-59.197
271.22	-59.779
271.69	-59.598
272.16	-57.399
272.63	-57.143
273.10	-57.851
273.57	-57.864
274.05	-55.720
274.52	-52.095
274.99	-50.365
275.46	-51.284
275.93	-49.831
276.40	-51.323
276.87	-49.966
277.34	-50.042
277.81	-50.083
278.28	-49.484
278.75	-49.386
279.22	-53.058
279.69	-53.144
280.16	-51.299
280.63	-51.306
281.11	-53.848
281.58	-56.285
282.05	-55.698
282.52	-54.652
282.99	-55.108
283.46	-56.807
283.93	-55.197
284.40	-56.233
284.87	-56.173
285.34	-56.680
285.81	-55.863
286.28	-52.662
286.75	-51.875
287.22	-53.025
287.69	-51.933
288.16	-49.046
288.63	-49.028
289.10	-48.088
289.57	-46.430
290.04	-44.201
290.51	-44.592
290.98	-43.165
291.45	-41.968
291.92	-41.283
292.39	-43.448
292.86	-45.648
293.33	-44.137
293.80	-42.612
294.27	-42.371
294.74	-43.831
295.21	-41.346
295.68	-39.876
296.15	-41.991
296.62	-44.759
297.09	-45.137
297.56	-44.616
298.03	-45.349
298.49	-44.903
298.96	-44.483
299.43	-43.322
299.90	-44.367
300.37	-45.996
300.84	-46.379
301.31	-44.466
301.78	-44.591
302.25	-44.115
302.72	-43.356
303.19	-42.818
303.66	-42.044
304.13	-43.369
304.60	-42.236
305.07	-42.731
305.53	-41.943
306.00	-41.453
306.47	-40.201
306.94	-36.762
307.41	-34.690
307.88	-36.428
308.35	-36.293
308.82	-34.905
309.29	-34.483
309.76	-34.298
310.22	-34.164
310.69	-32.806
311.16	-31.247
311.63	-31.172
312.10	-31.763
312.57	-30.626
313.04	-30.559
313.51	-31.582
313.97	-31.476
314.44	-30.448
314.91	-29.495
315.38	-30.097
315.85	-30.211
316.32	-28.015
316.79	-27.715
317.25	-29.201
317.72	-29.066
318.19	-29.223
318.66	-28.852
319.13	-29.203
319.60	-31.019
320.07	-29.592
320.53	-28.079
321.00	-29.471
321.47	-29.198
321.94	-28.535
322.41	-27.291
322.87	-25.764
323.34	-27.128
323.81	-26.271
324.28	-26.548
324.75	-27.019
325.22	-27.744
325.68	-27.293
326.15	-27.413
326.62	-28.357
327.09	-28.197
327.56	-27.395
328.02	-26.129
328.49	-25.978
328.96	-26.616
329.43	-26.150
329.89	-26.791
330.36	-27.153
330.83	-27.576
331.30	-27.684
331.77	-26.329
332.23	-26.717
332.70	-27.562
333.17	-26.850
333.64	-25.901
334.10	-24.883
334.57	-24.459
335.04	-24.148
335.51	-22.974
335.97	-22.991
336.44	-22.877
336.91	-22.860
337.38	-22.275
337.84	-21.913
338.31	-21.408
338.78	-21.089
339.24	-19.835
339.71	-17.822
340.18	-17.016
340.65	-16.327
341.11	-15.377
341.58	-14.998
342.05	-14.958
342.52	-14.326
342.98	-13.263
343.45	-12.372
343.92	-12.483
344.38	-13.275
344.85	-12.344
345.32	-12.133
345.78	-11.510
346.25	-10.670
346.72	-9.897
347.18	-8.858
347.65	-8.719
348.12	-8.908
348.58	-8.332
349.05	-7.812
349.52	-7.761
349.99	-7.717
350.45	-6.989
350.92	-6.553
351.38	-6.369
351.85	-6.116
352.32	-5.807
352.78	-5.205
353.25	-4.974
353.72	-4.588
354.18	-3.896
354.65	-3.253
355.12	-3.024
355.58	-2.827
356.05	-2.640
356.52	-2.316
356.98	-2.131
357.45	-1.831
357.91	-1.592
358.38	-1.341
358.85	-1.198
359.31	-1.241
359.78	-1.140
360.25	-1.080
360.71	-1.015
361.18	-0.862
361.64	-0.679
362.11	-0.376
362.58	-0.446
363.04	-0.513
363.51	-0.263
363.97	0.102
364.44	0.075
364.91	0.212
365.37	0.212
365.84	0.487
366.30	0.600
366.77	0.553
367.23	0.665
367.70	0.844
368.17	1.042
368.63	1.163
369.10	1.344
369.56	1.376
370.03	1.425
370.49	1.512
370.96	1.524
371.42	1.701
371.89	1.755
372.36	1.866
372.82	2.017
373.29	1.983
373.75	2.023
374.22	2.086
374.68	2.064
375.15	2.157
375.61	2.190
376.08	2.257
376.54	2.248
377.01	2.339
377.47	2.414
377.94	2.435
378.40	2.494
378.87	2.550
379.33	2.746
379.80	2.844
380.26	2.881
380.73	3.052
381.19	3.104
381.66	3.130
382.12	3.140
382.59	3.151
383.05	3.314
383.52	3.304
383.98	3.269
384.45	3.391
384.91	3.395
385.38	3.387
385.84	3.400
386.31	3.425
386.77	3.481
387.24	3.530
387.70	3.577
388.16	3.652
388.63	3.733
389.09	3.766
389.56	3.816
390.02	3.881
390.49	3.906
390.95	3.935
391.42	4.031
391.88	4.118
392.34	4.175
392.81	4.214
393.27	4.346
393.74	4.473
394.20	4.541
394.67	4.652
395.13	4.718
395.59	4.822
396.06	4.918
396.52	4.934
396.99	4.989
397.45	5.032
397.91	5.080
398.38	4.981
398.84	4.973
399.31	4.995
399.77	4.983
400.23	5.005
400.70	5.001
401.16	4.925
401.63	4.922
402.09	4.899
402.55	4.857
403.02	4.777
403.48	4.709
403.94	4.669
404.41	4.597
404.87	4.562
405.33	4.505
405.80	4.514
406.26	4.479
406.73	4.462
407.19	4.484
407.65	4.500
408.12	4.591
408.58	4.650
409.04	4.723
409.51	4.834
409.97	4.901
410.43	5.022
410.90	5.198
411.36	5.365
411.82	5.527
412.29	5.738
412.75	5.973
413.21	6.218
413.67	6.452
414.14	6.690
414.60	6.908
415.06	7.153
415.53	7.341
415.99	7.547
416.45	7.757
416.92	7.929
417.38	8.087
417.84	8.258
418.30	8.382
418.77	8.486
419.23	8.557
419.69	8.612
420.16	8.692
420.62	8.697
421.08	8.649
421.54	8.615
422.01	8.533
422.47	8.420
422.93	8.296
423.39	8.148
423.86	8.019
424.32	7.880
424.78	7.735
425.24	7.584
425.71	7.454
426.17	7.314
426.63	7.159
427.09	7.010
427.56	6.862
428.02	6.743
428.48	6.618
428.94	6.472
429.41	6.332
429.87	6.217
430.33	6.257
430.79	6.366
431.25	6.499
431.72	6.667
432.18	6.867
432.64	7.104
433.10	7.382
433.56	7.671
434.03	7.989
434.49	8.331
434.95	8.691
435.41	9.061
435.87	9.454
436.34	9.878
436.80	10.317
437.26	10.765
437.72	11.190
438.18	11.644
438.64	12.128
439.11	12.610
439.57	13.041
440.03	13.386
440.49	13.678
440.95	13.953
441.41	14.181
441.88	14.395
442.34	14.582
442.80	14.730
443.26	14.839
443.72	14.905
444.18	14.934
444.64	14.931
445.11	14.901
445.57	14.810
446.03	14.702
446.49	14.558
446.95	14.388
447.41	14.202
447.87	13.974
448.33	13.754
448.79	13.502
449.26	13.248
449.72	12.999
450.18	12.755
450.64	12.519
451.10	12.281
451.56	12.057
452.02	11.855
452.48	11.665
452.94	11.484
453.40	11.353
453.87	11.246
454.33	11.186
454.79	11.152
455.25	11.161
455.71	11.202
456.17	11.281
456.63	11.411
457.09	11.592
457.55	11.817
458.01	12.059
458.47	12.361
458.93	12.700
459.39	13.070
459.85	13.468
460.31	13.888
460.77	14.330
461.24	14.796
461.70	15.294
462.16	15.790
462.62	16.330
463.08	16.853
463.54	17.376
464.00	17.900
464.46	18.409
464.92	18.903
465.38	19.380
465.84	19.849
466.30	20.291
466.76	20.707
467.22	21.092
467.68	21.446
468.14	21.764
468.60	22.053
469.06	22.300
469.52	22.509
469.98	22.675
470.44	22.814
470.90	22.908
471.36	22.951
471.82	22.966
472.28	22.936
472.74	22.874
473.20	22.773
473.66	22.638
474.12	22.471
474.58	22.271
475.04	22.045
475.50	21.791
475.95	21.517
476.41	21.222
476.87	20.907
477.33	20.588
477.79	20.263
478.25	19.932
478.71	19.596
479.17	19.256
479.63	18.926
480.09	18.602
480.55	18.293
481.01	18.000
481.47	17.736
481.93	17.495
482.39	17.278
482.84	17.089
483.30	16.941
483.76	16.832
484.22	16.750
484.68	16.710
485.14	16.711
485.60	16.751
486.06	16.835
486.52	16.959
486.98	17.123
487.44	17.331
487.89	17.568
488.35	17.850
488.81	18.168
489.27	18.524
489.73	18.915
490.19	19.326
490.65	19.776
491.11	20.245
491.56	20.732
492.02	21.235
492.48	21.754
492.94	22.287
493.40	22.822
493.86	23.366
494.32	23.910
494.77	24.451
495.23	24.983
495.69	25.505
496.15	26.022
496.61	26.529
497.07	27.010
497.52	27.477
497.98	27.921
498.44	28.353
498.90	28.757
499.36	29.129
499.82	29.474
500.27	29.784
500.73	30.063
501.19	30.305
501.65	30.521
502.11	30.704
502.56	30.850
503.02	30.961
503.48	31.042
503.94	31.095
504.40	31.113
504.85	31.090
505.31	31.044
505.77	30.963
506.23	30.844
506.69	30.700
507.14	30.528
507.60	30.331
508.06	30.096
508.52	29.834
508.97	29.555
509.43	29.263
509.89	28.943
510.35	28.615
510.80	28.270
511.26	27.924
511.72	27.569
512.18	27.202
512.63	26.832
513.09	26.456
513.55	26.080
514.01	25.713
514.46	25.361
514.92	25.012
515.38	24.677
515.84	24.359
516.29	24.063
516.75	23.784
517.21	23.527
517.66	23.293
518.12	23.088
518.58	22.912
519.04	22.766
519.49	22.652
519.95	22.566
520.41	22.514
520.86	22.495
521.32	22.511
521.78	22.566
522.23	22.654
522.69	22.782
523.15	22.949
523.61	23.144
524.06	23.372
524.52	23.634
524.98	23.925
525.43	24.244
525.89	24.584
526.35	24.953
526.80	25.346
527.26	25.762
527.72	26.197
528.17	26.650
528.63	27.114
529.09	27.596
529.54	28.090
530.00	28.595
530.45	29.101
530.91	29.610
531.37	30.112
531.82	30.617
532.28	31.122
532.74	31.613
533.19	32.093
533.65	32.557
534.10	33.004
534.56	33.436
535.02	33.848
535.47	34.245
535.93	34.627
536.39	34.986
536.84	35.329
537.30	35.653
537.75	35.943
538.21	36.202
538.67	36.440
539.12	36.653
539.58	36.841
540.03	37.003
540.49	37.144
540.94	37.267
541.40	37.349
541.86	37.401
542.31	37.424
542.77	37.432
543.22	37.422
543.68	37.389
544.13	37.328
544.59	37.252
545.05	37.147
545.50	37.014
545.96	36.855
546.41	36.673
546.87	36.477
547.32	36.263
547.78	36.033
548.23	35.776
548.69	35.502
549.14	35.209
549.60	34.904
550.06	34.578
550.51	34.244
550.97	33.906
551.42	33.554
551.88	33.197
552.33	32.825
552.79	32.450
553.24	32.075
553.70	31.707
554.15	31.337
554.61	30.976
555.06	30.623
555.52	30.278
555.97	29.941
556.43	29.614
556.88	29.295
557.34	29.003
557.79	28.729
558.25	28.474
558.70	28.242
559.15	28.031
559.61	27.844
560.06	27.680
560.52	27.544
560.97	27.442
561.43	27.367
561.88	27.326
562.34	27.308
562.79	27.314
563.25	27.350
563.70	27.412
564.16	27.504
564.61	27.625
565.06	27.773
565.52	27.951
565.97	28.153
566.43	28.391
566.88	28.648
567.34	28.933
567.79	29.242
568.24	29.579
568.70	29.931
569.15	30.295
569.61	30.676
570.06	31.067
570.51	31.479
570.97	31.910
571.42	32.346
571.88	32.806
572.33	33.270
572.78	33.734
573.24	34.209
573.69	34.685
574.15	35.161
574.60	35.640
575.05	36.115
575.51	36.601
575.96	37.077
576.42	37.560
576.87	38.033
577.32	38.497
577.78	38.946
578.23	39.393
578.68	39.835
579.14	40.266
579.59	40.685
580.04	41.077
580.50	41.449
580.95	41.812
581.40	42.147
581.86	42.474
582.31	42.787
582.76	43.093
583.22	43.374
583.67	43.639
584.12	43.884
584.58	44.103
585.03	44.286
585.48	44.447
585.94	44.579
586.39	44.683
586.84	44.781
587.30	44.861
587.75	44.911
588.20	44.947
588.66	44.963
589.11	44.953
589.56	44.927
590.01	44.879
590.47	44.806
590.92	44.718
591.37	44.606
591.83	44.471
592.28	44.304
592.73	44.133
593.18	43.933
593.64	43.720
594.09	43.492
594.54	43.262
594.99	43.021
595.45	42.761
595.90	42.484
596.35	42.186
596.80	41.873
597.26	41.553
597.71	41.212
598.16	40.863
598.61	40.511
599.07	40.152
599.52	39.783
599.97	39.412
600.42	39.034
600.88	38.651
601.33	38.267
601.78	37.883
602.23	37.491
602.69	37.104
603.14	36.719
603.59	36.337
604.04	35.956
604.49	35.566
604.95	35.184
605.40	34.830
605.85	34.488
606.30	34.150
606.75	33.825
607.21	33.521
607.66	33.228
608.11	32.946
608.56	32.678
609.01	32.432
609.46	32.205
609.92	32.000
610.37	31.811
610.82	31.646
611.27	31.507
611.72	31.393
612.17	31.302
612.63	31.224
613.08	31.171
613.53	31.136
613.98	31.141
614.43	31.171
614.88	31.213
615.34	31.272
615.79	31.353
616.24	31.452
616.69	31.574
617.14	31.718
617.59	31.879
618.04	32.066
618.49	32.273
618.95	32.488
619.40	32.721
619.85	32.979
620.30	33.253
620.75	33.528
621.20	33.824
621.65	34.130
622.10	34.456
622.55	34.797
623.00	35.146
623.46	35.502
623.91	35.862
624.36	36.230
624.81	36.599
625.26	36.981
625.71	37.369
626.16	37.768
626.61	38.162
627.06	38.564
627.51	38.968
627.96	39.365
628.41	39.769
628.86	40.160
629.32	40.550
629.77	40.936
630.22	41.324
630.67	41.702
631.12	42.079
631.57	42.452
632.02	42.815
632.47	43.166
632.92	43.513
633.37	43.863
633.82	44.195
634.27	44.519
634.72	44.834
635.17	45.133
635.62	45.419
636.07	45.689
636.52	45.937
636.97	46.176
637.42	46.402
637.87	46.612
638.32	46.811
638.77	47.004
639.22	47.183
639.67	47.342
640.12	47.484
640.57	47.613
641.02	47.723
641.47	47.811
641.92	47.900
642.37	47.966
642.82	47.999
643.27	48.020
643.72	48.028
644.17	48.018
644.62	47.994
645.07	47.947
645.52	47.902
645.97	47.853
646.42	47.776
646.87	47.695
647.32	47.619
647.77	47.541
648.22	47.431
648.66	47.299
649.11	47.149
649.56	46.986
650.01	46.810
650.46	46.627
650.91	46.443
651.36	46.233
651.81	46.004
652.26	45.784
652.71	45.540
653.16	45.293
653.61	45.029
654.06	44.763
654.50	44.488
654.95	44.194
655.40	43.889
655.85	43.586
656.30	43.270
656.75	42.933
657.20	42.584
657.65	42.239
658.10	41.888
658.55	41.551
658.99	41.221
659.44	40.884
659.89	40.546
660.34	40.194
660.79	39.846
661.24	39.507
661.69	39.166
662.13	38.841
662.58	38.502
663.03	38.175
663.48	37.848
663.93	37.526
664.38	37.212
664.83	36.911
665.27	36.609
665.72	36.308
666.17	36.013
666.62	35.729
667.07	35.456
667.52	35.195
667.96	34.931
668.41	34.665
668.86	34.420
669.31	34.184
669.76	33.973
670.21	33.769
670.65	33.582
671.10	33.399
671.55	33.232
672.00	33.084
672.45	32.950
672.89	32.832
673.34	32.718
673.79	32.617
674.24	32.522
674.68	32.447
675.13	32.393
675.58	32.360
676.03	32.339
676.48	32.324
676.92	32.321
677.37	32.342
677.82	32.382
678.27	32.424
678.71	32.475
679.16	32.543
679.61	32.629
680.06	32.723
680.50	32.835
680.95	32.967
681.40	33.112
681.85	33.254
682.29	33.412
682.74	33.590
683.19	33.777
683.64	33.977
684.08	34.193
684.53	34.421
684.98	34.660
685.43	34.911
685.87	35.170
686.32	35.439
686.77	35.698
687.21	35.951
687.66	36.231
688.11	36.527
688.55	36.814
689.00	37.101
689.45	37.413
689.90	37.732
690.34	38.042
690.79	38.354
691.24	38.682
691.68	39.006
692.13	39.315
692.58	39.618
693.02	39.939
693.47	40.251
693.92	40.551
694.36	40.837
694.81	41.134
695.26	41.433
695.70	41.723
696.15	42.023
696.60	42.333
697.04	42.631
697.49	42.911
697.94	43.177
698.38	43.455
698.83	43.716
699.27	43.971
699.72	44.204
700.17	44.442
700.61	44.676
701.06	44.908
701.51	45.147
701.95	45.387
702.40	45.617
702.84	45.832
703.29	46.043
703.74	46.249
704.18	46.440
704.63	46.624
705.07	46.803
705.52	46.972
705.97	47.126
706.41	47.259
706.86	47.382
707.30	47.522
707.75	47.656
708.20	47.776
708.64	47.873
709.09	47.960
709.53	48.039
709.98	48.107
710.42	48.153
710.87	48.170
711.32	48.190
711.76	48.187
712.21	48.187
712.65	48.185
713.10	48.179
713.54	48.158
713.99	48.132
714.43	48.100
714.88	48.035
715.33	47.956
715.77	47.891
716.22	47.829
716.66	47.742
717.11	47.637
717.55	47.529
718.00	47.425
718.44	47.315
718.89	47.186
719.33	47.061
719.78	46.938
720.22	46.822
720.67	46.689
721.11	46.555
721.56	46.410
722.00	46.244
722.45	46.063
722.89	45.879
723.34	45.687
723.78	45.510
724.23	45.335
724.67	45.153
725.12	44.952
725.56	44.733
726.01	44.517
726.45	44.288
726.90	44.040
727.34	43.787
727.78	43.556
728.23	43.312
728.67	43.052
729.12	42.788
729.56	42.528
730.01	42.254
730.45	41.965
730.90	41.665
731.34	41.393
731.79	41.122
732.23	40.836
732.67	40.542
733.12	40.230
733.56	39.952
734.01	39.677
734.45	39.390
734.89	39.117
735.34	38.856
735.78	38.608
736.23	38.354
736.67	38.091
737.12	37.820
737.56	37.561
738.00	37.302
738.45	37.050
738.89	36.803
739.34	36.585
739.78	36.390
740.22	36.191
740.67	35.971
741.11	35.747
741.55	35.549
742.00	35.357
742.44	35.162
742.89	34.958
743.33	34.772
743.77	34.611
744.22	34.451
744.66	34.275
745.10	34.097
745.55	33.930
745.99	33.796
746.43	33.673
746.88	33.551
747.32	33.427
747.76	33.317
748.21	33.235
748.65	33.138
749.09	33.029
749.54	32.930
749.98	32.860
750.42	32.814
750.87	32.755
751.31	32.696
751.75	32.668
752.20	32.661
752.64	32.659
753.08	32.648
753.53	32.632
753.97	32.651
754.41	32.682
754.85	32.726
755.30	32.764
755.74	32.812
756.18	32.890
756.63	32.999
757.07	33.109
757.51	33.193
757.95	33.294
758.40	33.421
758.84	33.557
759.28	33.694
759.72	33.820
760.17	33.966
760.61	34.136
761.05	34.303
761.50	34.460
761.94	34.613
762.38	34.777
762.82	34.978
763.26	35.171
763.71	35.360
764.15	35.552
764.59	35.740
765.03	35.926
765.48	36.110
765.92	36.283
766.36	36.451
766.80	36.645
767.25	36.849
767.69	37.048
768.13	37.266
768.57	37.493
769.01	37.732
769.46	37.964
769.90	38.188
770.34	38.414
770.78	38.638
771.22	38.892
771.67	39.167
772.11	39.430
772.55	39.683
772.99	39.920
773.43	40.154
773.87	40.415
774.32	40.684
774.76	40.943
775.20	41.186
775.64	41.438
776.08	41.708
776.52	41.963
776.97	42.216
777.41	42.453
777.85	42.680
778.29	42.919
778.73	43.171
779.17	43.431
779.62	43.675
780.06	43.916
780.50	44.143
780.94	44.355
781.38	44.559
781.82	44.765
782.26	44.988
782.70	45.220
783.15	45.437
783.59	45.645
784.03	45.841
784.47	46.040
784.91	46.227
785.35	46.395
785.79	46.565
786.23	46.736
786.67	46.896
787.11	47.054
787.56	47.202
788.00	47.346
788.44	47.473
788.88	47.609
789.32	47.740
789.76	47.867
790.20	47.993
790.64	48.117
791.08	48.250
791.52	48.361
791.96	48.445
792.40	48.530
792.84	48.626
793.28	48.740
793.73	48.852
794.17	48.950
794.61	49.030
795.05	49.123
795.49	49.192
795.93	49.249
796.37	49.287
796.81	49.322
797.25	49.364
797.69	49.390
798.13	49.397
798.57	49.403
799.01	49.400
799.45	49.368
799.89	49.324
800.33	49.278
800.77	49.259
801.21	49.252
801.65	49.210
802.09	49.152
802.53	49.072
802.97	48.987
803.41	48.914
803.85	48.858
804.29	48.780
804.73	48.720
805.17	48.633
805.61	48.547
806.05	48.448
806.49	48.319
806.93	48.216
807.37	48.127
807.81	48.057
808.25	47.973
808.69	47.863
809.13	47.749
809.57	47.624
810.01	47.488
810.44	47.338
810.88	47.195
811.32	47.055
811.76	46.913
812.20	46.765
812.64	46.609
813.08	46.434
813.52	46.240
813.96	46.034
814.40	45.869
814.84	45.715
815.28	45.553
815.72	45.394
816.16	45.208
816.59	45.023
817.03	44.820
817.47	44.620
817.91	44.454
818.35	44.292
818.79	44.128
819.23	43.945
819.67	43.754
820.11	43.565
820.54	43.359
820.98	43.148
821.42	42.946
821.86	42.733
822.30	42.524
822.74	42.328
823.18	42.130
823.62	41.908
824.05	41.683
824.49	41.480
824.93	41.280
825.37	41.084
825.81	40.882
826.25	40.656
826.69	40.407
827.12	40.148
827.56	39.903
828.00	39.658
828.44	39.437
828.88	39.219
829.32	38.994
829.75	38.773
830.19	38.560
830.63	38.339
831.07	38.132
831.51	37.913
831.94	37.683
832.38	37.458
832.82	37.260
833.26	37.071
833.70	36.878
834.13	36.675
834.57	36.482
835.01	36.296
835.45	36.131
835.89	35.983
836.32	35.845
836.76	35.683
837.20	35.516
837.64	35.345
838.08	35.203
838.51	35.097
838.95	34.983
839.39	34.874
839.83	34.768
840.26	34.666
840.70	34.572
841.14	34.497
841.58	34.431
842.01	34.356
842.45	34.282
842.89	34.204
843.33	34.127
843.76	34.050
844.20	33.980
844.64	33.916
845.08	33.857
845.51	33.798
845.95	33.758
846.39	33.717
846.82	33.680
847.26	33.631
847.70	33.562
848.14	33.505
848.57	33.459
849.01	33.433
849.45	33.395
849.88	33.368
850.32	33.353
850.76	33.342
851.19	33.351
851.63	33.355
852.07	33.373
852.50	33.408
852.94	33.423
853.38	33.423
853.81	33.444
854.25	33.478
854.69	33.524
855.12	33.589
855.56	33.664
856.00	33.735
856.43	33.821
856.87	33.911
857.31	34.021
857.74	34.134
858.18	34.218
858.62	34.316
859.05	34.412
859.49	34.504
859.93	34.597
860.36	34.690
860.80	34.793
861.24	34.896
861.67	34.992
862.11	35.102
862.54	35.229
862.98	35.368
863.42	35.512
863.85	35.662
864.29	35.796
864.72	35.948
865.16	36.100
865.60	36.243
866.03	36.389
866.47	36.539
866.90	36.680
867.34	36.855
867.78	37.051
868.21	37.270
868.65	37.492
869.08	37.709
869.52	37.904
869.95	38.097
870.39	38.285
870.83	38.487
871.26	38.713
871.70	38.960
872.13	39.183
872.57	39.392
873.00	39.585
873.44	39.783
873.87	39.967
874.31	40.151
874.75	40.337
875.18	40.539
875.62	40.728
876.05	40.922
876.49	41.130
876.92	41.360
877.36	41.592
877.79	41.800
878.23	42.000
878.66	42.207
879.10	42.444
879.53	42.676
879.97	42.906
880.40	43.114
880.84	43.304
881.27	43.487
881.71	43.664
882.14	43.847
882.58	44.033
883.01	44.235
883.45	44.442
883.88	44.652
884.32	44.839
884.75	45.023
885.19	45.229
885.62	45.422
886.06	45.599
886.49	45.773
886.92	45.969
887.36	46.171
887.79	46.360
888.23	46.517
888.66	46.674
889.10	46.812
889.53	46.951
889.97	47.097
890.40	47.235
890.83	47.389
891.27	47.533
891.70	47.700
892.14	47.849
892.57	47.999
893.01	48.194
893.44	48.372
893.87	48.546
894.31	48.727
894.74	48.902
895.18	49.030
895.61	49.126
896.04	49.199
896.48	49.275
896.91	49.351
897.35	49.403
897.78	49.463
898.21	49.551
898.65	49.668
899.08	49.759
899.52	49.853
899.95	49.959
900.38	50.071
900.82	50.187
901.25	50.305
901.68	50.434
902.12	50.506
902.55	50.601
902.99	50.731
903.42	50.825
903.85	50.906
904.29	50.991
904.72	51.079
905.15	51.164
905.59	51.240
906.02	51.331
906.45	51.433
906.89	51.537
907.32	51.634
907.75	51.709
908.19	51.758
908.62	51.811
909.05	51.848
909.49	51.866
909.92	51.832
910.35	51.813
910.78	51.760
911.22	51.691
911.65	51.605
912.08	51.522
912.52	51.457
912.95	51.381
913.38	51.312
913.82	51.246
914.25	51.225
914.68	51.170
915.11	51.136
915.55	51.096
915.98	51.058
916.41	50.973
916.84	50.877
917.28	50.826
917.71	50.784
918.14	50.721
918.58	50.660
919.01	50.584
919.44	50.492
919.87	50.421
920.31	50.381
920.74	50.362
921.17	50.263
921.60	50.165
922.03	50.070
922.47	49.972
922.90	49.875
923.33	49.726
923.76	49.600
924.20	49.485
924.63	49.378
925.06	49.237
925.49	49.089
925.92	48.972
926.36	48.855
926.79	48.701
927.22	48.567
927.65	48.434
928.08	48.320
928.52	48.215
928.95	48.060
929.38	47.890
929.81	47.739
930.24	47.615
930.68	47.474
931.11	47.317
931.54	47.160
931.97	47.016
932.40	46.883
932.83	46.772
933.27	46.633
933.70	46.451
934.13	46.297
934.56	46.188
934.99	46.045
935.42	45.866
935.85	45.664
936.29	45.476
936.72	45.315
937.15	45.156
937.58	44.984
938.01	44.833
938.44	44.675
938.87	44.482
939.31	44.289
939.74	44.103
940.17	43.945
940.60	43.771
941.03	43.581
941.46	43.393
941.89	43.202
942.32	42.989
942.75	42.794
943.18	42.609
943.62	42.416
944.05	42.188
944.48	41.966
944.91	41.786
945.34	41.592
945.77	41.390
946.20	41.173
946.63	40.945
947.06	40.753
947.49	40.560
947.92	40.373
948.35	40.146
948.78	39.906
949.22	39.669
949.65	39.449
950.08	39.215
950.51	38.984
950.94	38.769
951.37	38.565
951.80	38.397
952.23	38.212
952.66	38.038
953.09	37.861
953.52	37.711
953.95	37.581
954.38	37.426
954.81	37.263
955.24	37.110
955.67	36.969
956.10	36.788
956.53	36.631
956.96	36.461
957.39	36.357
957.82	36.254
958.25	36.132
958.68	35.980
959.11	35.863
959.54	35.747
959.97	35.610
960.40	35.483
960.83	35.354
961.26	35.213
961.69	35.051
962.12	34.899
962.55	34.744
962.98	34.589
963.41	34.444
963.84	34.320
964.27	34.205
964.70	34.075
965.13	33.986
965.56	33.858
965.99	33.780
966.42	33.669
966.84	33.571
967.27	33.472
967.70	33.405
968.13	33.318
968.56	33.240
968.99	33.125
969.42	33.010
969.85	32.938
970.28	32.824
970.71	32.720
971.14	32.646
971.57	32.574
972.00	32.491
972.42	32.401
972.85	32.308
973.28	32.224
973.71	32.156
974.14	32.074
974.57	31.999
975.00	31.913
975.43	31.830
975.86	31.729
976.28	31.668
976.71	31.609
977.14	31.576
977.57	31.500
978.00	31.451
978.43	31.431
978.86	31.370
979.29	31.322
979.71	31.294
980.14	31.290
980.57	31.225
981.00	31.199
981.43	31.183
981.86	31.187
982.28	31.187
982.71	31.149
983.14	31.118
983.57	31.116
984.00	31.107
984.43	31.075
984.85	31.094
985.28	31.173
985.71	31.241
986.14	31.204
986.57	31.232
986.99	31.283
987.42	31.261
987.85	31.241
988.28	31.290
988.71	31.331
989.13	31.356
989.56	31.434
989.99	31.509
990.42	31.586
990.85	31.676
991.27	31.722
991.70	31.760
992.13	31.823
992.56	31.922
992.98	31.937
993.41	32.051
993.84	32.096
994.27	32.088
994.70	32.084
995.12	32.156
995.55	32.231
995.98	32.287
996.41	32.368
996.83	32.425
997.26	32.536
997.69	32.647
998.11	32.702
998.54	32.739
998.97	32.771
999.40	32.921
999.82	32.948
1000.25	33.047
1000.68	33.212
1001.11	33.301
1001.53	33.391
1001.96	33.416
1002.39	33.506
1002.81	33.669
1003.24	33.710
1003.67	33.752
1004.09	33.849
1004.52	34.012
1004.95	34.114
1005.38	34.195
1005.80	34.338
1006.23	34.442
1006.66	34.520
1007.08	34.668
1007.51	34.819
1007.94	34.985
1008.36	34.970
1008.79	35.085
1009.22	35.172
1009.64	35.217
1010.07	35.329
1010.50	35.359
1010.92	35.505
1011.35	35.600
1011.77	35.658
1012.20	35.738
1012.63	35.876
1013.05	35.990
1013.48	35.918
1013.91	36.003
1014.33	36.080
1014.76	36.224
1015.19	36.309
1015.61	36.322
1016.04	36.379
1016.46	36.449
1016.89	36.472
1017.32	36.582
1017.74	36.591
1018.17	36.647
1018.59	36.850
1019.02	36.873
1019.45	36.906
1019.87	36.968
1020.30	37.023
1020.72	37.060
1021.15	37.111
1021.58	37.179
1022.00	37.351
1022.43	37.353
1022.85	37.417
1023.28	37.598
1023.70	37.548
1024.13	37.557
1024.55	37.502
1024.98	37.541
1025.41	37.585
1025.83	37.560
1026.26	37.551
1026.68	37.606
1027.11	37.693
1027.53	37.531
1027.96	37.494
1028.38	37.651
1028.81	37.871
1029.23	37.875
1029.66	37.864
1030.08	37.862
1030.51	37.956
1030.94	37.883
1031.36	37.924
1031.79	37.876
1032.21	37.819
1032.64	37.902
1033.06	37.873
1033.49	37.920
1033.91	37.864
1034.34	37.891
1034.76	37.847
1035.19	37.758
1035.61	37.768
1036.03	37.607
1036.46	37.565
1036.88	37.507
1037.31	37.350
1037.73	37.270
1038.16	37.193
1038.58	37.230
1039.01	37.429
1039.43	37.379
1039.86	37.353
1040.28	37.324
1040.71	37.544
1041.13	37.674
1041.55	37.467
1041.98	37.350
1042.40	37.445
1042.83	37.503
1043.25	37.448
1043.68	37.454
1044.10	37.492
1044.52	37.530
1044.95	37.557
1045.37	37.545
1045.80	37.640
1046.22	37.720
1046.65	37.535
1047.07	37.250
1047.49	37.092
1047.92	37.030
1048.34	36.888
1048.77	36.723
1049.19	36.597
1049.61	36.160
1050.04	35.725
1050.46	35.640
1050.89	35.617
1051.31	35.531
1051.73	35.087
1052.16	34.886
1052.58	34.668
1053.00	34.683
1053.43	34.192
1053.85	33.874
1054.27	33.722
1054.70	33.649
1055.12	33.460
1055.55	33.052
1055.97	33.181
1056.39	33.175
1056.82	33.132
1057.24	32.800
1057.66	32.812
1058.09	33.086
1058.51	33.055
1058.93	32.742
1059.36	32.554
1059.78	32.363
1060.20	31.868
1060.62	31.739
1061.05	31.277
1061.47	31.298
1061.89	30.555
1062.32	30.317
1062.74	30.105
1063.16	30.000
1063.59	29.816
1064.01	29.014
1064.43	29.049
1064.85	28.899
1065.28	28.510
1065.70	27.662
1066.12	27.348
1066.55	26.614
1066.97	26.041
1067.39	25.552
1067.81	24.979
1068.24	24.544
1068.66	24.344
1069.08	23.903
1069.50	22.780
1069.93	22.788
1070.35	22.174
1070.77	22.022
1071.19	21.741
1071.62	21.261
1072.04	20.715
1072.46	20.113
1072.88	19.835
1073.31	19.250
1073.73	18.631
1074.15	17.432
1074.57	16.481
1075.00	16.007
1075.42	15.744
1075.84	14.574
1076.26	13.276
1076.68	13.058
1077.11	13.029
1077.53	11.693
1077.95	11.169
1078.37	11.035
1078.79	10.514
1079.22	9.752
1079.64	8.012
1080.06	6.843
1080.48	6.205
1080.90	4.481
1081.32	2.907
1081.75	1.512
1082.17	0.946
1082.59	-0.783
1083.01	-1.997
1083.43	-3.491
1083.85	-4.274
1084.28	-7.581
1084.70	-9.395
1085.12	-10.881
1085.54	-12.539
1085.96	-15.099
1086.38	-17.609
1086.80	-18.185
1087.23	-18.314
1087.65	-20.221
1088.07	-22.984
1088.49	-23.853
1088.91	-25.279
1089.33	-26.926
1089.75	-29.348
1090.17	-31.285
1090.60	-32.134
1091.02	-35.173
1091.44	-37.084
1091.86	-38.494
1092.28	-39.657
1092.70	-42.081
1093.12	-44.018
1093.54	-47.444
1093.96	-47.860
1094.38	-49.582
1094.81	-53.944
1095.23	-54.841
1095.65	-57.832
1096.07	-59.319
1096.49	-66.187
1096.91	-69.567
1097.33	-71.290
1097.75	-75.423
1098.17	-79.955
1098.59	-81.126
1099.01	-81.197
1099.43	-82.150
1099.85	-89.589
1100.27	-94.539
1100.69	-95.528
1101.11	-96.844
1101.53	-100.961
1101.95	-102.875
1102.38	-83.494
1102.80	-173.367
1103.22	-57.994
1103.64	-50.223
1104.06	-273.084
1104.48	-159.301
1104.90	-123.804
1105.32	-101.954
1105.74	-87.136
1106.16	-209.920
