188.40	-166.945
188.88	-27.937
189.35	212.256
189.83	1254.783
190.30	-882.353
190.78	-54.808
191.26	-147.343
191.73	1147.170
192.21	-952.174
192.68	-53.244
193.16	-690.589
193.63	-779.871
194.11	-843.046
194.58	-797.041
195.06	-640.578
195.53	-415.865
196.01	-347.297
196.48	-309.305
196.96	-253.850
197.43	-212.121
197.91	-190.645
198.38	-168.819
198.86	-138.030
199.33	-109.629
199.81	-106.032
200.28	-104.943
200.76	-89.022
201.23	-77.812
201.71	-69.550
202.18	-67.524
202.66	-59.412
203.13	-53.832
203.61	-51.548
204.08	-50.141
204.55	-46.529
205.03	-40.479
205.50	-37.705
205.98	-40.055
206.45	-41.912
206.93	-37.322
207.40	-36.754
207.88	-38.397
208.35	-40.073
208.82	-39.031
209.30	-39.115
209.77	-41.484
210.25	-40.717
210.72	-38.366
211.20	-39.723
211.67	-41.037
212.14	-40.389
212.62	-36.138
213.09	-33.289
213.57	-32.053
214.04	-30.990
214.52	-28.213
214.99	-26.403
215.46	-28.062
215.94	-28.928
216.41	-25.613
216.89	-25.491
217.36	-26.079
217.83	-26.172
218.31	-24.166
218.78	-23.792
219.25	-23.919
219.73	-25.889
220.20	-24.668
220.68	-21.657
221.15	-20.886
221.62	-21.551
222.10	-20.660
222.57	-20.728
223.04	-23.469
223.52	-28.066
223.99	-29.924
224.47	-29.230
224.94	-31.626
225.41	-33.285
225.89	-31.717
226.36	-31.512
226.83	-33.192
227.31	-35.513
227.78	-35.291
228.25	-32.974
228.73	-33.122
229.20	-33.694
229.67	-32.974
230.15	-31.729
230.62	-33.596
231.09	-38.606
231.57	-39.019
232.04	-36.370
232.51	-36.859
232.98	-39.140
233.46	-35.487
233.93	-31.547
234.40	-31.844
234.88	-32.617
235.35	-33.830
235.82	-31.837
236.30	-29.499
236.77	-30.462
237.24	-32.765
237.71	-30.586
238.19	-30.868
238.66	-31.481
239.13	-33.043
239.61	-31.437
240.08	-31.892
240.55	-33.515
241.02	-30.064
241.50	-25.333
241.97	-24.976
242.44	-26.999
242.91	-27.144
243.39	-27.643
243.86	-27.446
244.33	-28.876
244.80	-29.379
245.28	-26.975
245.75	-24.956
246.22	-29.152
246.69	-30.009
247.17	-26.877
247.64	-27.476
248.11	-29.304
248.58	-30.215
249.05	-29.449
249.53	-28.134
250.00	-28.685
250.47	-31.021
250.94	-33.415
251.42	-35.326
251.89	-35.858
252.36	-36.293
252.83	-32.989
253.30	-29.938
253.78	-29.517
254.25	-28.398
254.72	-29.019
255.19	-29.248
255.66	-31.172
256.13	-32.298
256.61	-31.426
257.08	-29.478
257.55	-29.932
258.02	-30.349
258.49	-30.805
258.97	-29.559
259.44	-30.660
259.91	-32.030
260.38	-29.657
260.85	-27.051
261.32	-26.869
261.79	-27.849
262.27	-26.769
262.74	-25.096
263.21	-24.776
263.68	-28.954
264.15	-30.999
264.62	-31.048
265.09	-31.290
265.57	-32.836
266.04	-32.908
266.51	-30.066
266.98	-30.885
267.45	-31.890
267.92	-31.012
268.39	-28.835
268.86	-28.573
269.34	-25.859
269.81	-26.720
270.28	-27.176
270.75	-24.673
271.22	-27.547
271.69	-27.404
272.16	-26.104
272.63	-26.171
273.10	-28.146
273.57	-28.196
274.05	-26.187
274.52	-23.299
274.99	-23.484
275.46	-22.311
275.93	-20.117
276.40	-21.272
276.87	-21.304
277.34	-22.187
277.81	-21.833
278.28	-20.761
278.75	-22.409
279.22	-24.788
279.69	-22.938
280.16	-20.849
280.63	-22.088
281.11	-22.123
281.58	-21.605
282.05	-20.127
282.52	-21.152
282.99	-21.485
283.46	-19.723
283.93	-18.672
284.40	-19.996
284.87	-19.995
285.34	-20.098
285.81	-20.161
286.28	-20.618
286.75	-19.645
287.22	-18.775
287.69	-18.133
288.16	-18.238
288.63	-17.827
289.10	-16.294
289.57	-14.724
290.04	-14.605
290.51	-15.952
290.98	-14.566
291.45	-13.092
291.92	-14.450
292.39	-16.178
292.86	-15.425
293.33	-14.053
293.80	-13.846
294.27	-14.945
294.74	-15.520
295.21	-13.616
295.68	-12.704
296.15	-13.669
296.62	-15.230
297.09	-13.834
297.56	-13.788
298.03	-15.131
298.49	-15.440
298.96	-15.792
299.43	-16.463
299.90	-18.490
300.37	-17.815
300.84	-16.999
301.31	-17.436
301.78	-16.715
302.25	-16.069
302.72	-15.504
303.19	-16.547
303.66	-17.180
304.13	-16.077
304.60	-14.298
305.07	-14.648
305.53	-14.391
306.00	-14.657
306.47	-14.038
306.94	-13.522
307.41	-13.373
307.88	-12.868
308.35	-11.874
308.82	-11.302
309.29	-12.052
309.76	-11.503
310.22	-10.361
310.69	-9.698
311.16	-8.890
311.63	-9.388
312.10	-8.631
312.57	-7.792
313.04	-8.014
313.51	-8.390
313.97	-7.646
314.44	-7.105
314.91	-7.983
315.38	-7.460
315.85	-5.977
316.32	-4.906
316.79	-5.204
317.25	-5.780
317.72	-6.341
318.19	-5.856
318.66	-6.409
319.13	-5.887
319.60	-5.807
320.07	-5.887
320.53	-6.396
321.00	-7.250
321.47	-6.729
321.94	-6.178
322.41	-6.889
322.87	-6.609
323.34	-6.272
323.81	-5.057
324.28	-5.775
324.75	-6.293
325.22	-6.118
325.68	-6.623
326.15	-7.215
326.62	-7.142
327.09	-6.880
327.56	-5.813
328.02	-5.909
328.49	-6.657
328.96	-6.064
329.43	-5.898
329.89	-5.986
330.36	-5.879
330.83	-6.243
331.30	-6.914
331.77	-6.905
332.23	-7.852
332.70	-6.614
333.17	-6.491
333.64	-7.470
334.10	-8.028
334.57	-7.348
335.04	-8.006
335.51	-6.825
335.97	-6.527
336.44	-6.359
336.91	-6.239
337.38	-6.519
337.84	-6.940
338.31	-5.186
338.78	-5.065
339.24	-3.874
339.71	-3.425
340.18	-2.686
340.65	-1.774
341.11	-0.799
341.58	-0.944
342.05	-0.075
342.52	0.013
342.98	0.232
343.45	0.598
343.92	1.073
344.38	1.124
344.85	1.630
345.32	0.936
345.78	1.181
346.25	1.658
346.72	2.253
347.18	2.446
347.65	2.494
348.12	2.349
348.58	2.816
349.05	2.325
349.52	2.651
349.99	2.804
350.45	2.898
350.92	2.530
351.38	2.614
351.85	2.958
352.32	3.131
352.78	3.375
353.25	3.319
353.72	3.687
354.18	4.007
354.65	4.177
355.12	4.349
355.58	4.754
356.05	4.788
356.52	4.540
356.98	4.374
357.45	4.658
357.91	4.849
358.38	4.474
358.85	4.490
359.31	4.384
359.78	4.232
360.25	3.883
360.71	4.066
361.18	4.361
361.64	4.159
362.11	3.936
362.58	3.770
363.04	3.686
363.51	3.945
363.97	3.962
364.44	3.689
364.91	3.654
365.37	3.497
365.84	3.404
366.30	3.398
366.77	3.505
367.23	3.569
367.70	3.463
368.17	3.381
368.63	3.534
369.10	3.651
369.56	3.654
370.03	3.714
370.49	3.785
370.96	3.698
371.42	3.767
371.89	3.715
372.36	3.936
372.82	4.109
373.29	3.818
373.75	3.811
374.22	4.009
374.68	4.272
375.15	4.216
375.61	4.305
376.08	4.365
376.54	4.407
377.01	4.370
377.47	4.400
377.94	4.497
378.40	4.548
378.87	4.429
379.33	4.391
379.80	4.515
380.26	4.483
380.73	4.560
381.19	4.518
381.66	4.547
382.12	4.501
382.59	4.472
383.05	4.511
383.52	4.467
383.98	4.439
384.45	4.414
384.91	4.416
385.38	4.411
385.84	4.495
386.31	4.466
386.77	4.470
387.24	4.475
387.70	4.564
388.16	4.653
388.63	4.729
389.09	4.805
389.56	4.881
390.02	4.928
390.49	4.893
390.95	4.974
391.42	5.085
391.88	5.160
392.34	5.199
392.81	5.281
393.27	5.433
393.74	5.530
394.20	5.570
394.67	5.671
395.13	5.737
395.59	5.823
396.06	5.913
396.52	5.951
396.99	6.028
397.45	6.042
397.91	5.971
398.38	5.867
398.84	5.879
399.31	5.855
399.77	5.794
400.23	5.772
400.70	5.769
401.16	5.725
401.63	5.641
402.09	5.539
402.55	5.512
403.02	5.419
403.48	5.311
403.94	5.258
404.41	5.213
404.87	5.192
405.33	5.081
405.80	5.046
406.26	5.029
406.73	5.030
407.19	5.024
407.65	5.053
408.12	5.190
408.58	5.299
409.04	5.376
409.51	5.482
409.97	5.622
410.43	5.790
410.90	5.960
411.36	6.115
411.82	6.347
412.29	6.539
412.75	6.758
413.21	6.960
413.67	7.152
414.14	7.375
414.60	7.538
415.06	7.739
415.53	7.938
415.99	8.148
416.45	8.319
416.92	8.449
417.38	8.581
417.84	8.692
418.30	8.743
418.77	8.779
419.23	8.812
419.69	8.809
420.16	8.755
420.62	8.675
421.08	8.598
421.54	8.509
422.01	8.409
422.47	8.252
422.93	8.140
423.39	8.007
423.86	7.872
424.32	7.721
424.78	7.574
425.24	7.425
425.71	7.283
426.17	7.149
426.63	7.044
427.09	6.971
427.56	6.885
428.02	6.804
428.48	6.746
428.94	6.705
429.41	6.643
429.87	6.620
430.33	6.746
430.79	6.945
431.25	7.164
431.72	7.393
432.18	7.663
432.64	7.959
433.10	8.287
433.56	8.593
434.03	8.952
434.49	9.352
434.95	9.750
435.41	10.152
435.87	10.534
436.34	10.961
436.80	11.353
437.26	11.746
437.72	12.148
438.18	12.561
438.64	12.972
439.11	13.391
439.57	13.753
440.03	14.029
440.49	14.247
440.95	14.409
441.41	14.555
441.88	14.694
442.34	14.798
442.80	14.839
443.26	14.853
443.72	14.835
444.18	14.775
444.64	14.669
445.11	14.529
445.57	14.379
446.03	14.210
446.49	14.012
446.95	13.793
447.41	13.568
447.87	13.331
448.33	13.092
448.79	12.824
449.26	12.589
449.72	12.355
450.18	12.148
450.64	11.951
451.10	11.761
451.56	11.593
452.02	11.450
452.48	11.333
452.94	11.254
453.40	11.226
453.87	11.226
454.33	11.263
454.79	11.344
455.25	11.463
455.71	11.611
456.17	11.803
456.63	12.046
457.09	12.323
457.55	12.641
458.01	12.976
458.47	13.367
458.93	13.787
459.39	14.226
459.85	14.664
460.31	15.124
460.77	15.614
461.24	16.115
461.70	16.623
462.16	17.132
462.62	17.650
463.08	18.148
463.54	18.630
464.00	19.120
464.46	19.593
464.92	20.040
465.38	20.449
465.84	20.832
466.30	21.188
466.76	21.515
467.22	21.790
467.68	22.038
468.14	22.247
468.60	22.418
469.06	22.548
469.52	22.633
469.98	22.694
470.44	22.720
470.90	22.697
471.36	22.630
471.82	22.536
472.28	22.408
472.74	22.234
473.20	22.040
473.66	21.819
474.12	21.574
474.58	21.295
475.04	21.002
475.50	20.705
475.95	20.394
476.41	20.066
476.87	19.739
477.33	19.416
477.79	19.102
478.25	18.787
478.71	18.471
479.17	18.182
479.63	17.908
480.09	17.639
480.55	17.393
481.01	17.183
481.47	17.014
481.93	16.863
482.39	16.759
482.84	16.691
483.30	16.664
483.76	16.670
484.22	16.710
484.68	16.797
485.14	16.923
485.60	17.091
486.06	17.295
486.52	17.540
486.98	17.828
487.44	18.144
487.89	18.490
488.35	18.876
488.81	19.286
489.27	19.724
489.73	20.190
490.19	20.680
490.65	21.189
491.11	21.706
491.56	22.237
492.02	22.771
492.48	23.311
492.94	23.855
493.40	24.395
493.86	24.933
494.32	25.457
494.77	25.972
495.23	26.463
495.69	26.942
496.15	27.402
496.61	27.832
497.07	28.236
497.52	28.623
497.98	28.985
498.44	29.326
498.90	29.627
499.36	29.902
499.82	30.135
500.27	30.337
500.73	30.501
501.19	30.628
501.65	30.722
502.11	30.788
502.56	30.815
503.02	30.807
503.48	30.775
503.94	30.711
504.40	30.610
504.85	30.482
505.31	30.332
505.77	30.149
506.23	29.943
506.69	29.717
507.14	29.470
507.60	29.200
508.06	28.900
508.52	28.588
508.97	28.258
509.43	27.927
509.89	27.574
510.35	27.216
510.80	26.859
511.26	26.513
511.72	26.157
512.18	25.799
512.63	25.448
513.09	25.106
513.55	24.774
514.01	24.456
514.46	24.155
514.92	23.874
515.38	23.615
515.84	23.378
516.29	23.172
516.75	22.987
517.21	22.827
517.66	22.694
518.12	22.597
518.58	22.531
519.04	22.497
519.49	22.502
519.95	22.547
520.41	22.624
520.86	22.726
521.32	22.863
521.78	23.038
522.23	23.245
522.69	23.487
523.15	23.761
523.61	24.067
524.06	24.404
524.52	24.762
524.98	25.143
525.43	25.552
525.89	25.974
526.35	26.410
526.80	26.866
527.26	27.339
527.72	27.824
528.17	28.318
528.63	28.810
529.09	29.312
529.54	29.817
530.00	30.322
530.45	30.821
530.91	31.318
531.37	31.803
531.82	32.284
532.28	32.751
532.74	33.204
533.19	33.640
533.65	34.046
534.10	34.431
534.56	34.792
535.02	35.126
535.47	35.445
535.93	35.745
536.39	36.018
536.84	36.268
537.30	36.490
537.75	36.684
538.21	36.851
538.67	36.992
539.12	37.105
539.58	37.192
540.03	37.251
540.49	37.293
540.94	37.310
541.40	37.290
541.86	37.237
542.31	37.158
542.77	37.064
543.22	36.950
543.68	36.824
544.13	36.677
544.59	36.517
545.05	36.325
545.50	36.108
545.96	35.877
546.41	35.627
546.87	35.366
547.32	35.085
547.78	34.796
548.23	34.490
548.69	34.168
549.14	33.833
549.60	33.495
550.06	33.148
550.51	32.797
550.97	32.445
551.42	32.092
551.88	31.739
552.33	31.379
552.79	31.027
553.24	30.675
553.70	30.339
554.15	30.009
554.61	29.695
555.06	29.392
555.52	29.101
555.97	28.825
556.43	28.567
556.88	28.331
557.34	28.128
557.79	27.940
558.25	27.779
558.70	27.646
559.15	27.536
559.61	27.452
560.06	27.392
560.52	27.362
560.97	27.365
561.43	27.398
561.88	27.466
562.34	27.557
562.79	27.673
563.25	27.820
563.70	27.988
564.16	28.184
564.61	28.416
565.06	28.672
565.52	28.951
565.97	29.258
566.43	29.591
566.88	29.937
567.34	30.307
567.79	30.690
568.24	31.099
568.70	31.522
569.15	31.945
569.61	32.390
570.06	32.842
570.51	33.304
570.97	33.774
571.42	34.245
571.88	34.736
572.33	35.224
572.78	35.703
573.24	36.188
573.69	36.662
574.15	37.139
574.60	37.608
575.05	38.068
575.51	38.520
575.96	38.964
576.42	39.408
576.87	39.839
577.32	40.269
577.78	40.669
578.23	41.057
578.68	41.436
579.14	41.798
579.59	42.142
580.04	42.464
580.50	42.761
580.95	43.042
581.40	43.300
581.86	43.550
582.31	43.775
582.76	43.993
583.22	44.190
583.67	44.362
584.12	44.514
584.58	44.644
585.03	44.748
585.48	44.821
585.94	44.856
586.39	44.868
586.84	44.868
587.30	44.855
587.75	44.817
588.20	44.769
588.66	44.696
589.11	44.608
589.56	44.500
590.01	44.377
590.47	44.223
590.92	44.056
591.37	43.867
591.83	43.654
592.28	43.420
592.73	43.176
593.18	42.909
593.64	42.634
594.09	42.345
594.54	42.050
594.99	41.750
595.45	41.441
595.90	41.124
596.35	40.786
596.80	40.439
597.26	40.086
597.71	39.719
598.16	39.350
598.61	38.972
599.07	38.597
599.52	38.217
599.97	37.843
600.42	37.462
600.88	37.079
601.33	36.712
601.78	36.343
602.23	35.968
602.69	35.608
603.14	35.248
603.59	34.900
604.04	34.563
604.49	34.230
604.95	33.908
605.40	33.610
605.85	33.331
606.30	33.055
606.75	32.801
607.21	32.565
607.66	32.346
608.11	32.146
608.56	31.965
609.01	31.806
609.46	31.669
609.92	31.554
610.37	31.461
610.82	31.390
611.27	31.346
611.72	31.329
612.17	31.332
612.63	31.355
613.08	31.400
613.53	31.464
613.98	31.565
614.43	31.683
614.88	31.820
615.34	31.970
615.79	32.150
616.24	32.341
616.69	32.552
617.14	32.783
617.59	33.032
618.04	33.296
618.49	33.579
618.95	33.869
619.40	34.174
619.85	34.501
620.30	34.835
620.75	35.171
621.20	35.520
621.65	35.884
622.10	36.257
622.55	36.643
623.00	37.034
623.46	37.422
623.91	37.812
624.36	38.205
624.81	38.597
625.26	38.989
625.71	39.384
626.16	39.784
626.61	40.183
627.06	40.576
627.51	40.969
627.96	41.351
628.41	41.735
628.86	42.107
629.32	42.470
629.77	42.826
630.22	43.180
630.67	43.527
631.12	43.864
631.57	44.197
632.02	44.513
632.47	44.815
632.92	45.119
633.37	45.419
633.82	45.699
634.27	45.969
634.72	46.229
635.17	46.473
635.62	46.692
636.07	46.894
636.52	47.073
636.97	47.247
637.42	47.405
637.87	47.549
638.32	47.683
638.77	47.807
639.22	47.917
639.67	48.010
640.12	48.085
640.57	48.146
641.02	48.186
641.47	48.207
641.92	48.223
642.37	48.206
642.82	48.161
643.27	48.107
643.72	48.037
644.17	47.950
644.62	47.854
645.07	47.750
645.52	47.638
645.97	47.524
646.42	47.383
646.87	47.241
647.32	47.103
647.77	46.957
648.22	46.786
648.66	46.602
649.11	46.394
649.56	46.172
650.01	45.938
650.46	45.703
650.91	45.467
651.36	45.205
651.81	44.931
652.26	44.668
652.71	44.386
653.16	44.107
653.61	43.818
654.06	43.518
654.50	43.208
654.95	42.885
655.40	42.557
655.85	42.231
656.30	41.891
656.75	41.537
657.20	41.174
657.65	40.824
658.10	40.465
658.55	40.128
658.99	39.798
659.44	39.465
659.89	39.130
660.34	38.786
660.79	38.453
661.24	38.133
661.69	37.812
662.13	37.501
662.58	37.182
663.03	36.879
663.48	36.583
663.93	36.303
664.38	36.027
664.83	35.763
665.27	35.503
665.72	35.253
666.17	35.012
666.62	34.778
667.07	34.547
667.52	34.335
667.96	34.121
668.41	33.913
668.86	33.729
669.31	33.555
669.76	33.403
670.21	33.264
670.65	33.145
671.10	33.038
671.55	32.943
672.00	32.868
672.45	32.807
672.89	32.759
673.34	32.716
673.79	32.692
674.24	32.677
674.68	32.678
675.13	32.693
675.58	32.726
676.03	32.780
676.48	32.840
676.92	32.909
677.37	33.001
677.82	33.111
678.27	33.222
678.71	33.340
679.16	33.470
679.61	33.617
680.06	33.769
680.50	33.929
680.95	34.118
681.40	34.315
681.85	34.508
682.29	34.717
682.74	34.939
683.19	35.167
683.64	35.410
684.08	35.667
684.53	35.938
684.98	36.220
685.43	36.507
685.87	36.802
686.32	37.100
686.77	37.390
687.21	37.674
687.66	37.975
688.11	38.292
688.55	38.605
689.00	38.912
689.45	39.241
689.90	39.575
690.34	39.890
690.79	40.201
691.24	40.527
691.68	40.847
692.13	41.158
692.58	41.458
693.02	41.764
693.47	42.055
693.92	42.336
694.36	42.601
694.81	42.880
695.26	43.160
695.70	43.428
696.15	43.699
696.60	43.978
697.04	44.243
697.49	44.492
697.94	44.719
698.38	44.963
698.83	45.189
699.27	45.410
699.72	45.613
700.17	45.823
700.61	46.019
701.06	46.214
701.51	46.399
701.95	46.597
702.40	46.784
702.84	46.962
703.29	47.140
703.74	47.304
704.18	47.448
704.63	47.582
705.07	47.709
705.52	47.832
705.97	47.943
706.41	48.035
706.86	48.109
707.30	48.202
707.75	48.283
708.20	48.347
708.64	48.391
709.09	48.428
709.53	48.454
709.98	48.473
710.42	48.469
710.87	48.444
711.32	48.411
711.76	48.359
712.21	48.312
712.65	48.247
713.10	48.186
713.54	48.114
713.99	48.036
714.43	47.959
714.88	47.852
715.33	47.719
715.77	47.597
716.22	47.488
716.66	47.355
717.11	47.204
717.55	47.059
718.00	46.913
718.44	46.762
718.89	46.585
719.33	46.417
719.78	46.262
720.22	46.103
720.67	45.931
721.11	45.756
721.56	45.575
722.00	45.377
722.45	45.164
722.89	44.951
723.34	44.733
723.78	44.529
724.23	44.323
724.67	44.120
725.12	43.901
725.56	43.670
726.01	43.438
726.45	43.196
726.90	42.932
727.34	42.662
727.78	42.409
728.23	42.160
728.67	41.890
729.12	41.613
729.56	41.350
730.01	41.073
730.45	40.785
730.90	40.483
731.34	40.211
731.79	39.947
732.23	39.672
732.67	39.380
733.12	39.079
733.56	38.806
734.01	38.540
734.45	38.259
734.89	37.992
735.34	37.742
735.78	37.503
736.23	37.259
736.67	37.013
737.12	36.770
737.56	36.534
738.00	36.301
738.45	36.077
738.89	35.857
739.34	35.667
739.78	35.505
740.22	35.340
740.67	35.159
741.11	34.976
741.55	34.812
742.00	34.661
742.44	34.503
742.89	34.343
743.33	34.196
743.77	34.080
744.22	33.963
744.66	33.831
745.10	33.704
745.55	33.586
745.99	33.498
746.43	33.418
746.88	33.340
747.32	33.263
747.76	33.200
748.21	33.165
748.65	33.119
749.09	33.057
749.54	33.004
749.98	32.978
750.42	32.976
750.87	32.962
751.31	32.954
751.75	32.972
752.20	33.011
752.64	33.061
753.08	33.105
753.53	33.145
753.97	33.217
754.41	33.296
754.85	33.390
755.30	33.478
755.74	33.574
756.18	33.699
756.63	33.849
757.07	34.003
757.51	34.129
757.95	34.264
758.40	34.427
758.84	34.596
759.28	34.766
759.72	34.928
760.17	35.112
760.61	35.311
761.05	35.512
761.50	35.704
761.94	35.885
762.38	36.073
762.82	36.298
763.26	36.517
763.71	36.734
764.15	36.947
764.59	37.157
765.03	37.359
765.48	37.561
765.92	37.749
766.36	37.933
766.80	38.146
767.25	38.367
767.69	38.587
768.13	38.830
768.57	39.076
769.01	39.324
769.46	39.566
769.90	39.803
770.34	40.033
770.78	40.259
771.22	40.512
771.67	40.785
772.11	41.038
772.55	41.284
772.99	41.511
773.43	41.741
773.87	41.999
774.32	42.257
774.76	42.500
775.20	42.740
775.64	42.990
776.08	43.252
776.52	43.501
776.97	43.734
777.41	43.959
777.85	44.173
778.29	44.392
778.73	44.621
779.17	44.860
779.62	45.085
780.06	45.302
780.50	45.512
780.94	45.705
781.38	45.896
781.82	46.078
782.26	46.283
782.70	46.489
783.15	46.678
783.59	46.863
784.03	47.037
784.47	47.200
784.91	47.343
785.35	47.470
785.79	47.604
786.23	47.742
786.67	47.861
787.11	47.981
787.56	48.092
788.00	48.198
788.44	48.291
788.88	48.389
789.32	48.488
789.76	48.578
790.20	48.665
790.64	48.750
791.08	48.847
791.52	48.922
791.96	48.971
792.40	49.020
792.84	49.083
793.28	49.165
793.73	49.244
794.17	49.311
794.61	49.361
795.05	49.410
795.49	49.430
795.93	49.446
796.37	49.444
796.81	49.451
797.25	49.469
797.69	49.458
798.13	49.439
798.57	49.424
799.01	49.396
799.45	49.344
799.89	49.265
800.33	49.188
800.77	49.133
801.21	49.087
801.65	49.006
802.09	48.918
802.53	48.812
802.97	48.702
803.41	48.604
803.85	48.522
804.29	48.427
804.73	48.361
805.17	48.262
805.61	48.151
806.05	48.037
806.49	47.876
806.93	47.742
807.37	47.618
807.81	47.503
808.25	47.372
808.69	47.220
809.13	47.084
809.57	46.938
810.01	46.777
810.44	46.603
810.88	46.439
811.32	46.275
811.76	46.112
812.20	45.935
812.64	45.754
813.08	45.557
813.52	45.339
813.96	45.103
814.40	44.907
814.84	44.735
815.28	44.546
815.72	44.368
816.16	44.175
816.59	43.984
817.03	43.771
817.47	43.569
817.91	43.400
818.35	43.234
818.79	43.062
819.23	42.875
819.67	42.688
820.11	42.516
820.54	42.311
820.98	42.093
821.42	41.895
821.86	41.687
822.30	41.478
822.74	41.287
823.18	41.086
823.62	40.874
824.05	40.651
824.49	40.446
824.93	40.245
825.37	40.058
825.81	39.869
826.25	39.667
826.69	39.439
827.12	39.193
827.56	38.954
828.00	38.724
828.44	38.515
828.88	38.314
829.32	38.096
829.75	37.893
830.19	37.702
830.63	37.501
831.07	37.314
831.51	37.118
831.94	36.908
832.38	36.721
832.82	36.545
833.26	36.381
833.70	36.222
834.13	36.069
834.57	35.901
835.01	35.733
835.45	35.580
835.89	35.448
836.32	35.334
836.76	35.199
837.20	35.046
837.64	34.906
838.08	34.793
838.51	34.708
838.95	34.623
839.39	34.533
839.83	34.456
840.26	34.382
840.70	34.316
841.14	34.268
841.58	34.228
842.01	34.184
842.45	34.135
842.89	34.082
843.33	34.027
843.76	33.980
844.20	33.935
844.64	33.905
845.08	33.884
845.51	33.858
845.95	33.847
846.39	33.855
846.82	33.856
847.26	33.838
847.70	33.790
848.14	33.767
848.57	33.765
849.01	33.769
849.45	33.755
849.88	33.755
850.32	33.765
850.76	33.781
851.19	33.822
851.63	33.865
852.07	33.916
852.50	33.971
852.94	34.019
853.38	34.064
853.81	34.120
854.25	34.186
854.69	34.261
855.12	34.355
855.56	34.461
856.00	34.566
856.43	34.691
856.87	34.824
857.31	34.970
857.74	35.107
858.18	35.226
858.62	35.357
859.05	35.490
859.49	35.627
859.93	35.749
860.36	35.867
860.80	36.007
861.24	36.147
861.67	36.280
862.11	36.413
862.54	36.559
862.98	36.717
863.42	36.886
863.85	37.062
864.29	37.237
864.72	37.413
865.16	37.577
865.60	37.730
866.03	37.903
866.47	38.054
866.90	38.205
867.34	38.380
867.78	38.595
868.21	38.824
868.65	39.053
869.08	39.286
869.52	39.486
869.95	39.679
870.39	39.866
870.83	40.071
871.26	40.312
871.70	40.564
872.13	40.796
872.57	41.011
873.00	41.218
873.44	41.419
873.87	41.601
874.31	41.788
874.75	41.974
875.18	42.167
875.62	42.363
876.05	42.550
876.49	42.760
876.92	42.984
877.36	43.209
877.79	43.411
878.23	43.603
878.66	43.821
879.10	44.033
879.53	44.252
879.97	44.461
880.40	44.642
880.84	44.834
881.27	44.992
881.71	45.146
882.14	45.319
882.58	45.481
883.01	45.646
883.45	45.834
883.88	46.035
884.32	46.211
884.75	46.374
885.19	46.555
885.62	46.740
886.06	46.915
886.49	47.063
886.92	47.226
887.36	47.409
887.79	47.581
888.23	47.738
888.66	47.877
889.10	48.019
889.53	48.162
889.97	48.278
890.40	48.405
890.83	48.546
891.27	48.664
891.70	48.798
892.14	48.955
892.57	49.115
893.01	49.270
893.44	49.431
893.87	49.597
894.31	49.780
894.74	49.934
895.18	50.033
895.61	50.118
896.04	50.195
896.48	50.262
896.91	50.324
897.35	50.366
897.78	50.408
898.21	50.481
898.65	50.572
899.08	50.644
899.52	50.733
899.95	50.815
900.38	50.913
900.82	51.018
901.25	51.113
901.68	51.198
902.12	51.259
902.55	51.309
902.99	51.389
903.42	51.449
903.85	51.494
904.29	51.550
904.72	51.620
905.15	51.689
905.59	51.737
906.02	51.780
906.45	51.857
906.89	51.951
907.32	52.008
907.75	52.037
908.19	52.071
908.62	52.080
909.05	52.067
909.49	52.041
909.92	52.003
910.35	51.954
910.78	51.881
911.22	51.786
911.65	51.702
912.08	51.628
912.52	51.558
912.95	51.475
913.38	51.374
913.82	51.290
914.25	51.224
914.68	51.138
915.11	51.068
915.55	50.989
915.98	50.917
916.41	50.810
916.84	50.706
917.28	50.616
917.71	50.573
918.14	50.522
918.58	50.447
919.01	50.344
919.44	50.240
919.87	50.153
920.31	50.102
920.74	50.067
921.17	49.959
921.60	49.837
922.03	49.709
922.47	49.612
922.90	49.473
923.33	49.322
923.76	49.190
924.20	49.085
924.63	48.983
925.06	48.839
925.49	48.670
925.92	48.530
926.36	48.415
926.79	48.237
927.22	48.077
927.65	47.935
928.08	47.820
928.52	47.681
928.95	47.526
929.38	47.363
929.81	47.210
930.24	47.074
930.68	46.902
931.11	46.761
931.54	46.620
931.97	46.497
932.40	46.367
932.83	46.249
933.27	46.102
933.70	45.919
934.13	45.729
934.56	45.595
934.99	45.450
935.42	45.263
935.85	45.064
936.29	44.887
936.72	44.725
937.15	44.567
937.58	44.397
938.01	44.225
938.44	44.064
938.87	43.879
939.31	43.673
939.74	43.523
940.17	43.372
940.60	43.188
941.03	42.988
941.46	42.795
941.89	42.628
942.32	42.422
942.75	42.221
943.18	42.068
943.62	41.902
944.05	41.709
944.48	41.498
944.91	41.307
945.34	41.117
945.77	40.913
946.20	40.679
946.63	40.477
947.06	40.296
947.49	40.089
947.92	39.860
948.35	39.654
948.78	39.422
949.22	39.197
949.65	38.957
950.08	38.728
950.51	38.513
950.94	38.291
951.37	38.086
951.80	37.902
952.23	37.724
952.66	37.566
953.09	37.413
953.52	37.264
953.95	37.151
954.38	37.030
954.81	36.901
955.24	36.764
955.67	36.618
956.10	36.490
956.53	36.360
956.96	36.238
957.39	36.143
957.82	36.056
958.25	35.942
958.68	35.812
959.11	35.730
959.54	35.637
959.97	35.494
960.40	35.403
960.83	35.322
961.26	35.237
961.69	35.133
962.12	34.971
962.55	34.831
962.98	34.699
963.41	34.524
963.84	34.382
964.27	34.293
964.70	34.220
965.13	34.107
965.56	33.987
965.99	33.900
966.42	33.819
966.84	33.757
967.27	33.656
967.70	33.613
968.13	33.566
968.56	33.503
968.99	33.452
969.42	33.374
969.85	33.325
970.28	33.208
970.71	33.095
971.14	33.041
971.57	33.027
972.00	32.982
972.42	32.951
972.85	32.889
973.28	32.842
973.71	32.752
974.14	32.661
974.57	32.625
975.00	32.572
975.43	32.529
975.86	32.452
976.28	32.438
976.71	32.441
977.14	32.409
977.57	32.336
978.00	32.312
978.43	32.335
978.86	32.317
979.29	32.286
979.71	32.289
980.14	32.323
980.57	32.333
981.00	32.302
981.43	32.328
981.86	32.363
982.28	32.368
982.71	32.387
983.14	32.387
983.57	32.370
984.00	32.416
984.43	32.442
984.85	32.471
985.28	32.538
985.71	32.635
986.14	32.680
986.57	32.750
986.99	32.815
987.42	32.851
987.85	32.875
988.28	32.965
988.71	33.032
989.13	33.120
989.56	33.171
989.99	33.249
990.42	33.384
990.85	33.556
991.27	33.662
991.70	33.707
992.13	33.838
992.56	34.021
992.98	34.103
993.41	34.170
993.84	34.269
994.27	34.379
994.70	34.438
995.12	34.466
995.55	34.549
995.98	34.718
996.41	34.825
996.83	34.919
997.26	35.036
997.69	35.178
998.11	35.278
998.54	35.325
998.97	35.462
999.40	35.606
999.82	35.656
1000.25	35.740
1000.68	35.984
1001.11	36.162
1001.53	36.281
1001.96	36.299
1002.39	36.365
1002.81	36.488
1003.24	36.566
1003.67	36.578
1004.09	36.714
1004.52	36.876
1004.95	36.977
1005.38	37.019
1005.80	37.093
1006.23	37.211
1006.66	37.275
1007.08	37.353
1007.51	37.421
1007.94	37.653
1008.36	37.701
1008.79	37.777
1009.22	37.795
1009.64	37.879
1010.07	37.981
1010.50	37.963
1010.92	38.087
1011.35	38.245
1011.77	38.384
1012.20	38.459
1012.63	38.509
1013.05	38.597
1013.48	38.768
1013.91	38.752
1014.33	38.797
1014.76	38.944
1015.19	39.027
1015.61	39.029
1016.04	39.053
1016.46	39.328
1016.89	39.322
1017.32	39.353
1017.74	39.302
1018.17	39.420
1018.59	39.597
1019.02	39.594
1019.45	39.632
1019.87	39.713
1020.30	39.838
1020.72	39.979
1021.15	39.954
1021.58	40.125
1022.00	40.282
1022.43	40.332
1022.85	40.535
1023.28	40.618
1023.70	40.722
1024.13	40.852
1024.55	40.814
1024.98	40.855
1025.41	40.872
1025.83	40.848
1026.26	40.833
1026.68	41.049
1027.11	41.353
1027.53	41.243
1027.96	41.236
1028.38	41.345
1028.81	41.594
1029.23	41.588
1029.66	41.485
1030.08	41.656
1030.51	41.838
1030.94	42.078
1031.36	41.993
1031.79	41.772
1032.21	41.941
1032.64	41.899
1033.06	41.732
1033.49	41.837
1033.91	41.946
1034.34	41.990
1034.76	41.952
1035.19	41.819
1035.61	41.780
1036.03	41.553
1036.46	41.381
1036.88	41.219
1037.31	41.263
1037.73	41.179
1038.16	41.065
1038.58	40.968
1039.01	41.097
1039.43	41.134
1039.86	40.899
1040.28	40.775
1040.71	41.142
1041.13	41.325
1041.55	41.217
1041.98	41.122
1042.40	41.200
1042.83	41.318
1043.25	41.158
1043.68	41.102
1044.10	41.433
1044.52	41.544
1044.95	41.596
1045.37	41.500
1045.80	41.547
1046.22	41.743
1046.65	41.642
1047.07	41.577
1047.49	41.618
1047.92	41.724
1048.34	41.481
1048.77	41.254
1049.19	41.124
1049.61	40.947
1050.04	40.677
1050.46	40.425
1050.89	40.410
1051.31	40.648
1051.73	40.719
1052.16	40.460
1052.58	40.341
1053.00	40.301
1053.43	40.241
1053.85	39.758
1054.27	39.807
1054.70	39.902
1055.12	39.672
1055.55	39.515
1055.97	39.505
1056.39	39.779
1056.82	39.470
1057.24	39.292
1057.66	39.057
1058.09	39.379
1058.51	39.043
1058.93	38.384
1059.36	38.421
1059.78	38.533
1060.20	38.235
1060.62	37.689
1061.05	37.522
1061.47	37.533
1061.89	37.252
1062.32	36.691
1062.74	36.615
1063.16	36.758
1063.59	36.747
1064.01	36.428
1064.43	35.778
1064.85	35.848
1065.28	36.036
1065.70	35.364
1066.12	34.610
1066.55	34.842
1066.97	34.755
1067.39	34.241
1067.81	33.716
1068.24	33.386
1068.66	33.305
1069.08	32.519
1069.50	31.556
1069.93	31.492
1070.35	31.680
1070.77	30.913
1071.19	30.146
1071.62	30.101
1072.04	29.729
1072.46	29.277
1072.88	28.406
1073.31	28.832
1073.73	28.470
1074.15	26.526
1074.57	25.851
1075.00	25.793
1075.42	25.508
1075.84	24.548
1076.26	23.495
1076.68	23.787
1077.11	23.908
1077.53	23.126
1077.95	22.879
1078.37	22.485
1078.79	22.345
1079.22	21.303
1079.64	20.430
1080.06	20.028
1080.48	18.961
1080.90	18.562
1081.32	16.691
1081.75	15.716
1082.17	14.897
1082.59	13.289
1083.01	12.717
1083.43	11.366
1083.85	11.396
1084.28	9.636
1084.70	7.627
1085.12	7.216
1085.54	6.776
1085.96	5.950
1086.38	4.113
1086.80	2.855
1087.23	2.279
1087.65	1.174
1088.07	-1.079
1088.49	-2.623
1088.91	-3.134
1089.33	-2.732
1089.75	-6.585
1090.17	-7.380
1090.60	-7.385
1091.02	-8.083
1091.44	-8.315
1091.86	-10.145
1092.28	-9.341
1092.70	-11.292
1093.12	-13.606
1093.54	-16.145
1093.96	-16.517
1094.38	-16.435
1094.81	-21.147
1095.23	-23.561
1095.65	-24.982
1096.07	-23.948
1096.49	-28.658
1096.91	-31.010
1097.33	-30.584
1097.75	-31.943
1098.17	-35.896
1098.59	-38.139
1099.01	-37.545
1099.43	-36.893
1099.85	-41.524
1100.27	-47.999
1100.69	-51.071
1101.11	-52.152
1101.53	-54.872
1101.95	-58.103
1102.38	-32.287
1102.80	-178.233
1103.22	-34.738
1103.64	6.155
1104.06	-90.909
1104.48	-139.157
1104.90	-152.761
1105.32	-22.184
1105.74	-48.826
1106.16	-170.880
