188.40	-258.431
188.88	-536.554
189.35	698.607
189.83	1868.696
190.30	-1827.451
190.78	-511.058
191.26	-526.087
191.73	1816.981
192.21	-1986.957
192.68	-299.809
193.16	-1595.690
193.63	-1871.837
194.11	-1994.956
194.58	-1824.989
195.06	-1485.698
195.53	-987.459
196.01	-810.165
196.48	-707.634
196.96	-586.631
197.43	-505.337
197.91	-459.995
198.38	-408.460
198.86	-340.558
199.33	-290.533
199.81	-283.765
200.28	-268.546
200.76	-242.511
201.23	-224.846
201.71	-209.208
202.18	-197.374
202.66	-180.137
203.13	-171.396
203.61	-167.302
204.08	-155.061
204.55	-144.140
205.03	-136.604
205.50	-137.067
205.98	-138.392
206.45	-135.561
206.93	-131.878
207.40	-131.937
207.88	-130.923
208.35	-129.154
208.82	-133.139
209.30	-137.322
209.77	-133.164
210.25	-129.576
210.72	-129.666
211.20	-130.139
211.67	-126.943
212.14	-123.936
212.62	-122.652
213.09	-119.080
213.57	-114.590
214.04	-112.431
214.52	-110.870
214.99	-109.224
215.46	-109.759
215.94	-108.743
216.41	-107.792
216.89	-107.344
217.36	-106.634
217.83	-106.367
218.31	-106.014
218.78	-104.749
219.25	-102.502
219.73	-103.013
220.20	-106.191
220.68	-104.716
221.15	-106.254
221.62	-105.769
222.10	-107.243
222.57	-105.558
223.04	-105.130
223.52	-108.997
223.99	-111.485
224.47	-113.394
224.94	-116.470
225.41	-114.018
225.89	-114.407
226.36	-118.335
226.83	-121.925
227.31	-121.120
227.78	-121.145
228.25	-120.442
228.73	-119.481
229.20	-116.468
229.67	-119.908
230.15	-119.639
230.62	-119.862
231.09	-120.545
231.57	-122.977
232.04	-121.249
232.51	-123.645
232.98	-124.727
233.46	-121.087
233.93	-121.095
234.40	-118.432
234.88	-115.857
235.35	-117.110
235.82	-115.595
236.30	-111.207
236.77	-109.838
237.24	-112.237
237.71	-111.098
238.19	-110.281
238.66	-110.404
239.13	-112.731
239.61	-113.220
240.08	-112.850
240.55	-111.033
241.02	-106.740
241.50	-103.844
241.97	-103.555
242.44	-103.334
242.91	-102.329
243.39	-103.852
243.86	-103.036
244.33	-103.604
244.80	-107.039
245.28	-107.997
245.75	-106.831
246.22	-109.962
246.69	-108.120
247.17	-107.063
247.64	-109.281
248.11	-110.783
248.58	-110.160
249.05	-112.579
249.53	-109.354
250.00	-108.394
250.47	-109.728
250.94	-114.659
251.42	-115.474
251.89	-111.772
252.36	-110.246
252.83	-112.733
253.30	-110.924
253.78	-110.154
254.25	-110.384
254.72	-109.346
255.19	-109.797
255.66	-108.110
256.13	-107.656
256.61	-106.702
257.08	-106.647
257.55	-103.977
258.02	-100.991
258.49	-103.697
258.97	-103.332
259.44	-102.822
259.91	-101.873
260.38	-102.229
260.85	-99.869
261.32	-99.652
261.79	-100.298
262.27	-101.220
262.74	-99.542
263.21	-97.311
263.68	-97.991
264.15	-98.795
264.62	-100.647
265.09	-101.054
265.57	-100.327
266.04	-101.947
266.51	-104.511
266.98	-105.932
267.45	-105.535
267.92	-108.261
268.39	-108.739
268.86	-108.225
269.34	-103.422
269.81	-105.226
270.28	-104.915
270.75	-101.153
271.22	-99.816
271.69	-97.618
272.16	-97.779
272.63	-96.925
273.10	-94.833
273.57	-93.927
274.05	-94.599
274.52	-90.653
274.99	-88.101
275.46	-88.796
275.93	-87.533
276.40	-87.366
276.87	-82.874
277.34	-82.152
277.81	-83.275
278.28	-82.154
278.75	-80.400
279.22	-83.592
279.69	-83.769
280.16	-84.272
280.63	-83.504
281.11	-86.147
281.58	-91.090
282.05	-90.318
282.52	-88.904
282.99	-89.026
283.46	-92.695
283.93	-90.780
284.40	-90.737
284.87	-89.949
285.34	-91.990
285.81	-93.309
286.28	-90.743
286.75	-88.501
287.22	-91.314
287.69	-91.628
288.16	-87.037
288.63	-86.989
289.10	-87.021
289.57	-86.742
290.04	-83.011
290.51	-83.133
290.98	-82.450
291.45	-81.170
291.92	-80.145
292.39	-80.204
292.86	-83.178
293.33	-81.541
293.80	-80.535
294.27	-79.264
294.74	-81.388
295.21	-80.141
295.68	-77.457
296.15	-77.961
296.62	-82.091
297.09	-81.258
297.56	-77.344
298.03	-75.935
298.49	-76.436
298.96	-77.938
299.43	-75.915
299.90	-77.498
300.37	-77.156
300.84	-77.838
301.31	-76.115
301.78	-74.338
302.25	-75.785
302.72	-75.038
303.19	-73.447
303.66	-70.263
304.13	-71.259
304.60	-71.328
305.07	-70.441
305.53	-67.182
306.00	-67.539
306.47	-67.629
306.94	-66.405
307.41	-65.418
307.88	-67.831
308.35	-69.489
308.82	-66.717
309.29	-64.503
309.76	-63.322
310.22	-65.142
310.69	-64.853
311.16	-63.239
311.63	-63.242
312.10	-64.152
312.57	-64.068
313.04	-62.527
313.51	-63.932
313.97	-64.766
314.44	-63.776
314.91	-62.305
315.38	-62.824
315.85	-64.191
316.32	-62.785
316.79	-60.700
317.25	-61.064
317.72	-61.830
318.19	-59.771
318.66	-57.698
319.13	-57.275
319.60	-59.267
320.07	-57.713
320.53	-54.307
321.00	-53.102
321.47	-53.552
321.94	-53.461
322.41	-50.735
322.87	-49.331
323.34	-50.417
323.81	-49.487
324.28	-47.594
324.75	-47.454
325.22	-48.077
325.68	-46.901
326.15	-45.807
326.62	-45.278
327.09	-46.245
327.56	-46.080
328.02	-44.091
328.49	-45.454
328.96	-46.675
329.43	-46.438
329.89	-45.878
330.36	-46.203
330.83	-48.253
331.30	-48.608
331.77	-45.701
332.23	-45.634
332.70	-46.130
333.17	-47.841
333.64	-46.894
334.10	-45.167
334.57	-45.378
335.04	-45.512
335.51	-43.651
335.97	-42.163
336.44	-41.892
336.91	-42.148
337.38	-41.140
337.84	-40.555
338.31	-39.733
338.78	-39.809
339.24	-37.990
339.71	-35.459
340.18	-33.675
340.65	-32.794
341.11	-31.231
341.58	-29.862
342.05	-28.786
342.52	-28.798
342.98	-26.963
343.45	-25.391
343.92	-25.191
344.38	-25.499
344.85	-24.720
345.32	-23.905
345.78	-23.434
346.25	-22.915
346.72	-21.745
347.18	-20.045
347.65	-19.411
348.12	-19.090
348.58	-17.956
349.05	-16.854
349.52	-17.131
349.99	-17.643
350.45	-16.922
350.92	-15.899
351.38	-15.538
351.85	-15.819
352.32	-15.114
352.78	-13.446
353.25	-12.865
353.72	-12.616
354.18	-11.939
354.65	-10.742
355.12	-10.346
355.58	-10.199
356.05	-9.935
356.52	-9.207
356.98	-8.862
357.45	-8.534
357.91	-8.168
358.38	-7.569
358.85	-7.338
359.31	-7.302
359.78	-7.038
360.25	-6.544
360.71	-6.228
361.18	-6.131
361.64	-5.986
362.11	-5.585
362.58	-5.520
363.04	-5.572
363.51	-5.348
363.97	-4.644
364.44	-4.514
364.91	-4.448
365.37	-4.472
365.84	-4.163
366.30	-3.891
366.77	-3.901
367.23	-3.799
367.70	-3.472
368.17	-3.232
368.63	-3.000
369.10	-2.763
369.56	-2.359
370.03	-2.182
370.49	-2.202
370.96	-2.137
371.42	-1.822
371.89	-1.522
372.36	-1.395
372.82	-1.310
373.29	-1.170
373.75	-0.893
374.22	-0.717
374.68	-0.542
375.15	-0.227
375.61	0.004
376.08	0.087
376.54	0.044
377.01	0.180
377.47	0.368
377.94	0.387
378.40	0.378
378.87	0.472
379.33	0.627
379.80	0.752
380.26	0.750
380.73	0.906
381.19	1.070
381.66	1.140
382.12	1.170
382.59	1.292
383.05	1.489
383.52	1.468
383.98	1.402
384.45	1.470
384.91	1.538
385.38	1.585
385.84	1.562
386.31	1.626
386.77	1.742
387.24	1.798
387.70	1.809
388.16	1.927
388.63	2.126
389.09	2.213
389.56	2.246
390.02	2.341
390.49	2.442
390.95	2.489
391.42	2.505
391.88	2.590
392.34	2.720
392.81	2.807
393.27	2.869
393.74	2.961
394.20	3.111
394.67	3.219
395.13	3.284
395.59	3.439
396.06	3.632
396.52	3.710
396.99	3.773
397.45	3.866
397.91	3.909
398.38	3.852
398.84	3.848
399.31	3.865
399.77	3.919
400.23	3.977
400.70	4.036
401.16	4.037
401.63	4.074
402.09	4.059
402.55	3.997
403.02	3.909
403.48	3.919
403.94	3.889
404.41	3.853
404.87	3.819
405.33	3.752
405.80	3.731
406.26	3.664
406.73	3.636
407.19	3.666
407.65	3.717
408.12	3.785
408.58	3.831
409.04	3.936
409.51	4.057
409.97	4.137
410.43	4.218
410.90	4.375
411.36	4.537
411.82	4.699
412.29	4.874
412.75	5.126
413.21	5.367
413.67	5.576
414.14	5.777
414.60	5.989
415.06	6.286
415.53	6.529
415.99	6.785
416.45	7.041
416.92	7.276
417.38	7.475
417.84	7.682
418.30	7.843
418.77	7.996
419.23	8.096
419.69	8.167
420.16	8.244
420.62	8.288
421.08	8.283
421.54	8.247
422.01	8.226
422.47	8.173
422.93	8.058
423.39	7.932
423.86	7.833
424.32	7.715
424.78	7.544
425.24	7.375
425.71	7.209
426.17	7.060
426.63	6.894
427.09	6.729
427.56	6.559
428.02	6.416
428.48	6.263
428.94	6.086
429.41	5.918
429.87	5.787
430.33	5.795
430.79	5.849
431.25	5.949
431.72	6.094
432.18	6.251
432.64	6.448
433.10	6.689
433.56	6.951
434.03	7.275
434.49	7.599
434.95	7.931
435.41	8.315
435.87	8.694
436.34	9.110
436.80	9.547
437.26	10.006
437.72	10.466
438.18	10.930
438.64	11.430
439.11	11.929
439.57	12.416
440.03	12.799
440.49	13.140
440.95	13.460
441.41	13.721
441.88	13.971
442.34	14.223
442.80	14.431
443.26	14.591
443.72	14.704
444.18	14.783
444.64	14.842
445.11	14.852
445.57	14.818
446.03	14.744
446.49	14.642
446.95	14.505
447.41	14.337
447.87	14.144
448.33	13.957
448.79	13.746
449.26	13.491
449.72	13.242
450.18	13.005
450.64	12.775
451.10	12.536
451.56	12.294
452.02	12.061
452.48	11.849
452.94	11.637
453.40	11.451
453.87	11.311
454.33	11.203
454.79	11.120
455.25	11.064
455.71	11.049
456.17	11.080
456.63	11.166
457.09	11.291
457.55	11.465
458.01	11.660
458.47	11.899
458.93	12.193
459.39	12.526
459.85	12.887
460.31	13.267
460.77	13.680
461.24	14.131
461.70	14.620
462.16	15.102
462.62	15.624
463.08	16.155
463.54	16.693
464.00	17.230
464.46	17.750
464.92	18.282
465.38	18.810
465.84	19.307
466.30	19.785
466.76	20.249
467.22	20.678
467.68	21.078
468.14	21.447
468.60	21.790
469.06	22.104
469.52	22.361
469.98	22.584
470.44	22.782
470.90	22.936
471.36	23.039
471.82	23.105
472.28	23.135
472.74	23.122
473.20	23.068
473.66	22.980
474.12	22.860
474.58	22.696
475.04	22.500
475.50	22.272
475.95	22.019
476.41	21.743
476.87	21.449
477.33	21.137
477.79	20.819
478.25	20.488
478.71	20.140
479.17	19.792
479.63	19.455
480.09	19.115
480.55	18.778
481.01	18.454
481.47	18.154
481.93	17.876
482.39	17.627
482.84	17.396
483.30	17.197
483.76	17.040
484.22	16.902
484.68	16.796
485.14	16.738
485.60	16.722
486.06	16.742
486.52	16.801
486.98	16.909
487.44	17.055
487.89	17.235
488.35	17.459
488.81	17.729
489.27	18.028
489.73	18.370
490.19	18.745
490.65	19.151
491.11	19.592
491.56	20.053
492.02	20.528
492.48	21.030
492.94	21.547
493.40	22.072
493.86	22.612
494.32	23.161
494.77	23.713
495.23	24.259
495.69	24.806
496.15	25.345
496.61	25.882
497.07	26.397
497.52	26.902
497.98	27.388
498.44	27.857
498.90	28.307
499.36	28.721
499.82	29.110
500.27	29.472
500.73	29.800
501.19	30.099
501.65	30.363
502.11	30.600
502.56	30.806
503.02	30.972
503.48	31.107
503.94	31.214
504.40	31.286
504.85	31.319
505.31	31.316
505.77	31.285
506.23	31.217
506.69	31.126
507.14	30.996
507.60	30.839
508.06	30.646
508.52	30.425
508.97	30.176
509.43	29.912
509.89	29.622
510.35	29.318
510.80	28.988
511.26	28.655
511.72	28.308
512.18	27.947
512.63	27.577
513.09	27.203
513.55	26.819
514.01	26.440
514.46	26.065
514.92	25.695
515.38	25.333
515.84	24.980
516.29	24.636
516.75	24.317
517.21	24.019
517.66	23.735
518.12	23.474
518.58	23.247
519.04	23.048
519.49	22.877
519.95	22.728
520.41	22.620
520.86	22.544
521.32	22.499
521.78	22.488
522.23	22.513
522.69	22.580
523.15	22.683
523.61	22.819
524.06	22.990
524.52	23.202
524.98	23.447
525.43	23.720
525.89	24.023
526.35	24.348
526.80	24.704
527.26	25.088
527.72	25.497
528.17	25.923
528.63	26.366
529.09	26.825
529.54	27.308
530.00	27.802
530.45	28.303
530.91	28.810
531.37	29.318
531.82	29.833
532.28	30.345
532.74	30.851
533.19	31.350
533.65	31.838
534.10	32.314
534.56	32.770
535.02	33.212
535.47	33.641
535.93	34.060
536.39	34.461
536.84	34.847
537.30	35.210
537.75	35.552
538.21	35.858
538.67	36.144
539.12	36.408
539.58	36.643
540.03	36.856
540.49	37.053
540.94	37.228
541.40	37.368
541.86	37.478
542.31	37.559
542.77	37.622
543.22	37.666
543.68	37.677
544.13	37.666
544.59	37.638
545.05	37.584
545.50	37.498
545.96	37.378
546.41	37.233
546.87	37.075
547.32	36.889
547.78	36.687
548.23	36.463
548.69	36.215
549.14	35.949
549.60	35.656
550.06	35.347
550.51	35.023
550.97	34.692
551.42	34.348
551.88	33.993
552.33	33.623
552.79	33.242
553.24	32.861
553.70	32.479
554.15	32.097
554.61	31.722
555.06	31.347
555.52	30.978
555.97	30.618
556.43	30.263
556.88	29.918
557.34	29.591
557.79	29.285
558.25	28.993
558.70	28.719
559.15	28.468
559.61	28.237
560.06	28.030
560.52	27.841
560.97	27.682
561.43	27.554
561.88	27.452
562.34	27.378
562.79	27.329
563.25	27.314
563.70	27.316
564.16	27.349
564.61	27.414
565.06	27.512
565.52	27.637
565.97	27.789
566.43	27.975
566.88	28.187
567.34	28.424
567.79	28.681
568.24	28.967
568.70	29.277
569.15	29.600
569.61	29.939
570.06	30.305
570.51	30.692
570.97	31.095
571.42	31.510
571.88	31.946
572.33	32.392
572.78	32.845
573.24	33.309
573.69	33.776
574.15	34.252
574.60	34.728
575.05	35.210
575.51	35.696
575.96	36.184
576.42	36.678
576.87	37.165
577.32	37.652
577.78	38.127
578.23	38.601
578.68	39.072
579.14	39.535
579.59	39.976
580.04	40.400
580.50	40.810
580.95	41.207
581.40	41.584
581.86	41.952
582.31	42.304
582.76	42.650
583.22	42.976
583.67	43.283
584.12	43.572
584.58	43.835
585.03	44.070
585.48	44.276
585.94	44.450
586.39	44.594
586.84	44.733
587.30	44.863
587.75	44.956
588.20	45.035
588.66	45.091
589.11	45.127
589.56	45.142
590.01	45.132
590.47	45.104
590.92	45.059
591.37	44.989
591.83	44.889
592.28	44.763
592.73	44.625
593.18	44.463
593.64	44.288
594.09	44.088
594.54	43.888
594.99	43.676
595.45	43.447
595.90	43.206
596.35	42.936
596.80	42.643
597.26	42.345
597.71	42.021
598.16	41.691
598.61	41.355
599.07	41.010
599.52	40.650
599.97	40.285
600.42	39.907
600.88	39.527
601.33	39.144
601.78	38.762
602.23	38.368
602.69	37.969
603.14	37.570
603.59	37.174
604.04	36.772
604.49	36.364
604.95	35.960
605.40	35.578
605.85	35.210
606.30	34.842
606.75	34.489
607.21	34.155
607.66	33.828
608.11	33.509
608.56	33.200
609.01	32.918
609.46	32.649
609.92	32.399
610.37	32.165
610.82	31.956
611.27	31.767
611.72	31.599
612.17	31.456
612.63	31.330
613.08	31.228
613.53	31.147
613.98	31.103
614.43	31.084
614.88	31.075
615.34	31.084
615.79	31.114
616.24	31.166
616.69	31.241
617.14	31.337
617.59	31.454
618.04	31.599
618.49	31.760
618.95	31.939
619.40	32.138
619.85	32.360
620.30	32.598
620.75	32.845
621.20	33.111
621.65	33.392
622.10	33.689
622.55	33.998
623.00	34.323
623.46	34.658
623.91	34.995
624.36	35.350
624.81	35.707
625.26	36.079
625.71	36.453
626.16	36.839
626.61	37.231
627.06	37.626
627.51	38.033
627.96	38.439
628.41	38.841
628.86	39.241
629.32	39.640
629.77	40.034
630.22	40.428
630.67	40.823
631.12	41.213
631.57	41.610
632.02	41.997
632.47	42.371
632.92	42.741
633.37	43.118
633.82	43.480
634.27	43.831
634.72	44.173
635.17	44.502
635.62	44.816
636.07	45.117
636.52	45.401
636.97	45.674
637.42	45.933
637.87	46.181
638.32	46.414
638.77	46.638
639.22	46.853
639.67	47.049
640.12	47.233
640.57	47.403
641.02	47.544
641.47	47.676
641.92	47.799
642.37	47.896
642.82	47.961
643.27	48.011
643.72	48.052
644.17	48.079
644.62	48.094
645.07	48.089
645.52	48.079
645.97	48.062
646.42	48.014
646.87	47.962
647.32	47.915
647.77	47.867
648.22	47.795
648.66	47.697
649.11	47.578
649.56	47.442
650.01	47.296
650.46	47.137
650.91	46.976
651.36	46.792
651.81	46.595
652.26	46.399
652.71	46.185
653.16	45.960
653.61	45.718
654.06	45.465
654.50	45.209
654.95	44.934
655.40	44.647
655.85	44.360
656.30	44.058
656.75	43.734
657.20	43.394
657.65	43.051
658.10	42.704
658.55	42.371
658.99	42.041
659.44	41.701
659.89	41.366
660.34	41.015
660.79	40.663
661.24	40.318
661.69	39.976
662.13	39.638
662.58	39.289
663.03	38.951
663.48	38.616
663.93	38.284
664.38	37.950
664.83	37.628
665.27	37.306
665.72	36.983
666.17	36.668
666.62	36.360
667.07	36.058
667.52	35.775
667.96	35.480
668.41	35.183
668.86	34.909
669.31	34.642
669.76	34.397
670.21	34.161
670.65	33.938
671.10	33.723
671.55	33.522
672.00	33.344
672.45	33.177
672.89	33.019
673.34	32.865
673.79	32.728
674.24	32.600
674.68	32.488
675.13	32.398
675.58	32.328
676.03	32.275
676.48	32.228
676.92	32.188
677.37	32.175
677.82	32.184
678.27	32.192
678.71	32.213
679.16	32.250
679.61	32.305
680.06	32.372
680.50	32.448
680.95	32.549
681.40	32.659
681.85	32.771
682.29	32.899
682.74	33.051
683.19	33.212
683.64	33.389
684.08	33.579
684.53	33.776
684.98	33.988
685.43	34.215
685.87	34.451
686.32	34.702
686.77	34.948
687.21	35.190
687.66	35.459
688.11	35.737
688.55	36.009
689.00	36.289
689.45	36.588
689.90	36.901
690.34	37.206
690.79	37.511
691.24	37.834
691.68	38.155
692.13	38.468
692.58	38.779
693.02	39.104
693.47	39.425
693.92	39.739
694.36	40.039
694.81	40.350
695.26	40.655
695.70	40.950
696.15	41.255
696.60	41.580
697.04	41.891
697.49	42.183
697.94	42.465
698.38	42.756
698.83	43.039
699.27	43.312
699.72	43.569
700.17	43.833
700.61	44.090
701.06	44.343
701.51	44.599
701.95	44.858
702.40	45.108
702.84	45.342
703.29	45.571
703.74	45.798
704.18	46.008
704.63	46.215
705.07	46.421
705.52	46.617
705.97	46.792
706.41	46.947
706.86	47.103
707.30	47.270
707.75	47.431
708.20	47.572
708.64	47.694
709.09	47.808
709.53	47.908
709.98	48.008
710.42	48.084
710.87	48.133
711.32	48.178
711.76	48.198
712.21	48.222
712.65	48.251
713.10	48.270
713.54	48.273
713.99	48.278
714.43	48.273
714.88	48.235
715.33	48.179
715.77	48.141
716.22	48.102
716.66	48.041
717.11	47.955
717.55	47.875
718.00	47.797
718.44	47.702
718.89	47.593
719.33	47.479
719.78	47.376
720.22	47.269
720.67	47.148
721.11	47.028
721.56	46.901
722.00	46.747
722.45	46.575
722.89	46.407
723.34	46.226
723.78	46.060
724.23	45.901
724.67	45.732
725.12	45.537
725.56	45.327
726.01	45.118
726.45	44.904
726.90	44.668
727.34	44.420
727.78	44.199
728.23	43.968
728.67	43.716
729.12	43.453
729.56	43.194
730.01	42.927
730.45	42.643
730.90	42.345
731.34	42.075
731.79	41.811
732.23	41.531
732.67	41.241
733.12	40.931
733.56	40.649
734.01	40.373
734.45	40.084
734.89	39.807
735.34	39.546
735.78	39.288
736.23	39.021
736.67	38.747
737.12	38.465
737.56	38.196
738.00	37.928
738.45	37.672
738.89	37.415
739.34	37.182
739.78	36.980
740.22	36.766
740.67	36.530
741.11	36.294
741.55	36.076
742.00	35.860
742.44	35.637
742.89	35.412
743.33	35.204
743.77	35.015
744.22	34.828
744.66	34.624
745.10	34.424
745.55	34.229
745.99	34.071
746.43	33.924
746.88	33.776
747.32	33.623
747.76	33.485
748.21	33.377
748.65	33.254
749.09	33.114
749.54	32.992
749.98	32.900
750.42	32.825
750.87	32.736
751.31	32.655
751.75	32.612
752.20	32.582
752.64	32.558
753.08	32.527
753.53	32.491
753.97	32.487
754.41	32.489
754.85	32.512
755.30	32.535
755.74	32.563
756.18	32.616
756.63	32.705
757.07	32.795
757.51	32.860
757.95	32.940
758.40	33.044
758.84	33.153
759.28	33.266
759.72	33.374
760.17	33.509
760.61	33.658
761.05	33.802
761.50	33.937
761.94	34.070
762.38	34.217
762.82	34.401
763.26	34.575
763.71	34.753
764.15	34.924
764.59	35.096
765.03	35.267
765.48	35.437
765.92	35.592
766.36	35.753
766.80	35.938
767.25	36.136
767.69	36.331
768.13	36.551
768.57	36.780
769.01	37.015
769.46	37.235
769.90	37.458
770.34	37.682
770.78	37.907
771.22	38.157
771.67	38.435
772.11	38.694
772.55	38.946
772.99	39.182
773.43	39.425
773.87	39.686
774.32	39.949
774.76	40.205
775.20	40.459
775.64	40.715
776.08	40.992
776.52	41.251
776.97	41.510
777.41	41.754
777.85	41.986
778.29	42.226
778.73	42.491
779.17	42.760
779.62	43.010
780.06	43.260
780.50	43.502
780.94	43.733
781.38	43.950
781.82	44.172
782.26	44.415
782.70	44.655
783.15	44.887
783.59	45.123
784.03	45.352
784.47	45.579
784.91	45.785
785.35	45.973
785.79	46.165
786.23	46.355
786.67	46.528
787.11	46.694
787.56	46.845
788.00	46.993
788.44	47.140
788.88	47.292
789.32	47.444
789.76	47.595
790.20	47.732
790.64	47.879
791.08	48.033
791.52	48.160
791.96	48.268
792.40	48.363
792.84	48.476
793.28	48.600
793.73	48.722
794.17	48.833
794.61	48.936
795.05	49.053
795.49	49.134
795.93	49.205
796.37	49.267
796.81	49.336
797.25	49.400
797.69	49.439
798.13	49.466
798.57	49.490
799.01	49.501
799.45	49.490
799.89	49.458
800.33	49.428
800.77	49.419
801.21	49.419
801.65	49.400
802.09	49.351
802.53	49.288
802.97	49.213
803.41	49.163
803.85	49.116
804.29	49.042
804.73	48.997
805.17	48.936
805.61	48.869
806.05	48.793
806.49	48.691
806.93	48.606
807.37	48.538
807.81	48.476
808.25	48.391
808.69	48.292
809.13	48.198
809.57	48.090
810.01	47.969
810.44	47.837
810.88	47.712
811.32	47.589
811.76	47.455
812.20	47.308
812.64	47.154
813.08	46.993
813.52	46.808
813.96	46.608
814.40	46.449
814.84	46.305
815.28	46.141
815.72	45.986
816.16	45.817
816.59	45.640
817.03	45.446
817.47	45.254
817.91	45.093
818.35	44.935
818.79	44.762
819.23	44.588
819.67	44.409
820.11	44.227
820.54	44.020
820.98	43.806
821.42	43.605
821.86	43.391
822.30	43.171
822.74	42.976
823.18	42.782
823.62	42.556
824.05	42.324
824.49	42.119
824.93	41.911
825.37	41.707
825.81	41.498
826.25	41.267
826.69	41.016
827.12	40.753
827.56	40.494
828.00	40.246
828.44	40.015
828.88	39.788
829.32	39.547
829.75	39.310
830.19	39.095
830.63	38.874
831.07	38.658
831.51	38.431
831.94	38.188
832.38	37.957
832.82	37.753
833.26	37.552
833.70	37.349
834.13	37.149
834.57	36.940
835.01	36.718
835.45	36.535
835.89	36.380
836.32	36.232
836.76	36.062
837.20	35.883
837.64	35.703
838.08	35.540
838.51	35.410
838.95	35.284
839.39	35.159
839.83	35.035
840.26	34.914
840.70	34.813
841.14	34.718
841.58	34.624
842.01	34.530
842.45	34.438
842.89	34.342
843.33	34.240
843.76	34.146
844.20	34.074
844.64	34.001
845.08	33.916
845.51	33.826
845.95	33.763
846.39	33.715
846.82	33.652
847.26	33.582
847.70	33.491
848.14	33.421
848.57	33.362
849.01	33.311
849.45	33.259
849.88	33.217
850.32	33.191
850.76	33.166
851.19	33.154
851.63	33.142
852.07	33.145
852.50	33.151
852.94	33.143
853.38	33.135
853.81	33.139
854.25	33.160
854.69	33.186
855.12	33.234
855.56	33.280
856.00	33.346
856.43	33.422
856.87	33.511
857.31	33.606
857.74	33.697
858.18	33.774
858.62	33.870
859.05	33.950
859.49	34.027
859.93	34.110
860.36	34.202
860.80	34.310
861.24	34.399
861.67	34.483
862.11	34.591
862.54	34.701
862.98	34.814
863.42	34.945
863.85	35.087
864.29	35.221
864.72	35.371
865.16	35.500
865.60	35.642
866.03	35.801
866.47	35.934
866.90	36.061
867.34	36.227
867.78	36.408
868.21	36.617
868.65	36.826
869.08	37.037
869.52	37.233
869.95	37.405
870.39	37.581
870.83	37.788
871.26	38.014
871.70	38.249
872.13	38.472
872.57	38.685
873.00	38.895
873.44	39.084
873.87	39.253
874.31	39.448
874.75	39.643
875.18	39.816
875.62	40.001
876.05	40.201
876.49	40.425
876.92	40.653
877.36	40.869
877.79	41.085
878.23	41.289
878.66	41.495
879.10	41.711
879.53	41.941
879.97	42.169
880.40	42.370
880.84	42.572
881.27	42.755
881.71	42.940
882.14	43.124
882.58	43.317
883.01	43.535
883.45	43.749
883.88	43.954
884.32	44.141
884.75	44.341
885.19	44.547
885.62	44.752
886.06	44.937
886.49	45.134
886.92	45.327
887.36	45.527
887.79	45.711
888.23	45.890
888.66	46.077
889.10	46.239
889.53	46.395
889.97	46.546
890.40	46.705
890.83	46.862
891.27	47.000
891.70	47.168
892.14	47.327
892.57	47.506
893.01	47.690
893.44	47.896
893.87	48.095
894.31	48.295
894.74	48.448
895.18	48.577
895.61	48.682
896.04	48.775
896.48	48.856
896.91	48.951
897.35	49.028
897.78	49.097
898.21	49.173
898.65	49.293
899.08	49.414
899.52	49.533
899.95	49.637
900.38	49.768
900.82	49.897
901.25	50.048
901.68	50.145
902.12	50.234
902.55	50.328
902.99	50.463
903.42	50.549
903.85	50.643
904.29	50.748
904.72	50.860
905.15	50.953
905.59	51.046
906.02	51.143
906.45	51.271
906.89	51.385
907.32	51.486
907.75	51.569
908.19	51.629
908.62	51.708
909.05	51.744
909.49	51.764
909.92	51.767
910.35	51.733
910.78	51.700
911.22	51.648
911.65	51.575
912.08	51.506
912.52	51.456
912.95	51.414
913.38	51.368
913.82	51.308
914.25	51.285
914.68	51.254
915.11	51.241
915.55	51.191
915.98	51.130
916.41	51.056
916.84	50.992
917.28	50.939
917.71	50.866
918.14	50.828
918.58	50.789
919.01	50.731
919.44	50.654
919.87	50.600
920.31	50.586
920.74	50.575
921.17	50.479
921.60	50.403
922.03	50.331
922.47	50.238
922.90	50.120
923.33	49.983
923.76	49.884
924.20	49.773
924.63	49.662
925.06	49.546
925.49	49.424
925.92	49.287
926.36	49.147
926.79	49.003
927.22	48.875
927.65	48.736
928.08	48.581
928.52	48.428
928.95	48.286
929.38	48.124
929.81	47.957
930.24	47.814
930.68	47.664
931.11	47.477
931.54	47.314
931.97	47.164
932.40	47.048
932.83	46.926
933.27	46.766
933.70	46.588
934.13	46.436
934.56	46.329
934.99	46.174
935.42	46.009
935.85	45.842
936.29	45.688
936.72	45.522
937.15	45.369
937.58	45.245
938.01	45.120
938.44	44.933
938.87	44.739
939.31	44.577
939.74	44.411
940.17	44.259
940.60	44.053
941.03	43.898
941.46	43.738
941.89	43.542
942.32	43.331
942.75	43.139
943.18	42.966
943.62	42.740
944.05	42.504
944.48	42.284
944.91	42.080
945.34	41.836
945.77	41.606
946.20	41.376
946.63	41.185
947.06	40.931
947.49	40.696
947.92	40.510
948.35	40.289
948.78	40.065
949.22	39.797
949.65	39.571
950.08	39.326
950.51	39.063
950.94	38.780
951.37	38.529
951.80	38.366
952.23	38.174
952.66	37.976
953.09	37.831
953.52	37.713
953.95	37.566
954.38	37.413
954.81	37.243
955.24	37.116
955.67	36.929
956.10	36.750
956.53	36.593
956.96	36.449
957.39	36.309
957.82	36.133
958.25	36.023
958.68	35.914
959.11	35.800
959.54	35.612
959.97	35.481
960.40	35.396
960.83	35.285
961.26	35.109
961.69	34.950
962.12	34.796
962.55	34.607
962.98	34.390
963.41	34.215
963.84	34.126
964.27	33.945
964.70	33.787
965.13	33.667
965.56	33.578
965.99	33.428
966.42	33.254
966.84	33.130
967.27	33.026
967.70	32.929
968.13	32.817
968.56	32.745
968.99	32.663
969.42	32.552
969.85	32.365
970.28	32.222
970.71	32.139
971.14	32.049
971.57	31.931
972.00	31.836
972.42	31.746
972.85	31.633
973.28	31.549
973.71	31.425
974.14	31.322
974.57	31.230
975.00	31.143
975.43	31.063
975.86	31.007
976.28	30.912
976.71	30.801
977.14	30.672
977.57	30.599
978.00	30.538
978.43	30.469
978.86	30.379
979.29	30.334
979.71	30.322
980.14	30.250
980.57	30.140
981.00	30.097
981.43	30.116
981.86	30.066
982.28	29.955
982.71	29.897
983.14	29.908
983.57	29.854
984.00	29.786
984.43	29.787
984.85	29.802
985.28	29.838
985.71	29.853
986.14	29.838
986.57	29.890
986.99	29.907
987.42	29.815
987.85	29.833
988.28	29.900
988.71	29.876
989.13	29.861
989.56	29.972
989.99	30.127
990.42	30.154
990.85	30.154
991.27	30.261
991.70	30.371
992.13	30.413
992.56	30.412
992.98	30.446
993.41	30.522
993.84	30.571
994.27	30.548
994.70	30.546
995.12	30.656
995.55	30.705
995.98	30.711
996.41	30.784
996.83	30.883
997.26	30.975
997.69	31.012
998.11	30.988
998.54	31.069
998.97	31.104
999.40	31.122
999.82	31.200
1000.25	31.334
1000.68	31.471
1001.11	31.420
1001.53	31.454
1001.96	31.509
1002.39	31.571
1002.81	31.587
1003.24	31.525
1003.67	31.617
1004.09	31.713
1004.52	31.742
1004.95	31.715
1005.38	31.830
1005.80	32.032
1006.23	32.070
1006.66	32.099
1007.08	32.262
1007.51	32.407
1007.94	32.480
1008.36	32.501
1008.79	32.564
1009.22	32.625
1009.64	32.586
1010.07	32.672
1010.50	32.811
1010.92	33.039
1011.35	33.145
1011.77	33.105
1012.20	33.188
1012.63	33.344
1013.05	33.286
1013.48	33.249
1013.91	33.410
1014.33	33.533
1014.76	33.474
1015.19	33.418
1015.61	33.432
1016.04	33.633
1016.46	33.577
1016.89	33.439
1017.32	33.460
1017.74	33.617
1018.17	33.695
1018.59	33.678
1019.02	33.755
1019.45	33.782
1019.87	33.721
1020.30	33.608
1020.72	33.724
1021.15	33.971
1021.58	33.980
1022.00	34.000
1022.43	34.026
1022.85	34.173
1023.28	34.223
1023.70	34.157
1024.13	34.104
1024.55	34.192
1024.98	34.186
1025.41	34.077
1025.83	34.032
1026.26	34.275
1026.68	34.273
1027.11	34.233
1027.53	34.219
1027.96	34.144
1028.38	34.292
1028.81	34.237
1029.23	34.239
1029.66	34.344
1030.08	34.318
1030.51	34.172
1030.94	34.242
1031.36	34.326
1031.79	34.399
1032.21	34.244
1032.64	34.152
1033.06	34.124
1033.49	34.200
1033.91	33.996
1034.34	33.907
1034.76	33.931
1035.19	33.896
1035.61	33.714
1036.03	33.416
1036.46	33.321
1036.88	33.471
1037.31	33.247
1037.73	33.114
1038.16	33.165
1038.58	33.133
1039.01	32.995
1039.43	32.933
1039.86	32.988
1040.28	32.976
1040.71	32.778
1041.13	32.664
1041.55	32.476
1041.98	32.758
1042.40	32.651
1042.83	32.370
1043.25	32.395
1043.68	32.723
1044.10	32.445
1044.52	32.252
1044.95	32.236
1045.37	32.432
1045.80	32.163
1046.22	31.804
1046.65	31.762
1047.07	31.703
1047.49	31.638
1047.92	31.219
1048.34	30.908
1048.77	30.852
1049.19	30.552
1049.61	29.804
1050.04	29.471
1050.46	29.523
1050.89	29.224
1051.31	28.758
1051.73	28.591
1052.16	28.663
1052.58	28.017
1053.00	27.655
1053.43	27.183
1053.85	27.149
1054.27	27.140
1054.70	26.667
1055.12	26.585
1055.55	26.511
1055.97	26.283
1056.39	25.936
1056.82	25.835
1057.24	25.986
1057.66	25.698
1058.09	25.318
1058.51	25.209
1058.93	25.058
1059.36	24.932
1059.78	24.255
1060.20	23.601
1060.62	23.492
1061.05	23.169
1061.47	22.769
1061.89	22.137
1062.32	22.239
1062.74	21.950
1063.16	20.865
1063.59	20.546
1064.01	20.187
1064.43	19.983
1064.85	19.171
1065.28	18.279
1065.70	17.980
1066.12	17.094
1066.55	16.038
1066.97	15.313
1067.39	15.000
1067.81	14.594
1068.24	13.481
1068.66	12.834
1069.08	12.471
1069.50	11.944
1069.93	11.017
1070.35	10.166
1070.77	9.247
1071.19	8.794
1071.62	8.120
1072.04	7.161
1072.46	6.554
1072.88	6.129
1073.31	4.608
1073.73	3.084
1074.15	1.859
1074.57	0.866
1075.00	0.172
1075.42	-1.169
1075.84	-1.953
1076.26	-2.922
1076.68	-3.695
1077.11	-5.205
1077.53	-6.545
1077.95	-6.678
1078.37	-8.157
1078.79	-9.468
1079.22	-10.375
1079.64	-10.180
1080.06	-11.882
1080.48	-14.761
1080.90	-16.623
1081.32	-17.829
1081.75	-19.825
1082.17	-21.100
1082.59	-22.360
1083.01	-22.797
1083.43	-24.829
1083.85	-27.157
1084.28	-29.420
1084.70	-31.075
1085.12	-32.850
1085.54	-36.454
1085.96	-37.987
1086.38	-38.537
1086.80	-40.603
1087.23	-42.279
1087.65	-45.147
1088.07	-47.344
1088.49	-49.850
1088.91	-52.882
1089.33	-55.085
1089.75	-56.325
1090.17	-58.131
1090.60	-61.322
1091.02	-65.567
1091.44	-66.780
1091.86	-69.295
1092.28	-73.004
1092.70	-77.274
1093.12	-79.179
1093.54	-82.696
1093.96	-86.725
1094.38	-89.685
1094.81	-94.399
1095.23	-98.135
1095.65	-103.136
1096.07	-105.458
1096.49	-110.996
1096.91	-114.928
1097.33	-120.392
1097.75	-126.985
1098.17	-128.849
1098.59	-132.071
1099.01	-134.937
1099.43	-138.560
1099.85	-145.714
1100.27	-149.215
1100.69	-155.782
1101.11	-158.605
1101.53	-159.482
1101.95	-163.077
1102.38	-115.056
1102.80	-224.840
1103.22	-113.227
1103.64	-176.717
1104.06	-372.193
1104.48	-127.030
1104.90	-264.172
1105.32	-222.644
1105.74	-135.211
1106.16	-258.560
