188.40	-76.461
188.88	-179.373
189.35	479.666
189.83	1197.391
190.30	-1245.098
190.78	-351.442
191.26	-384.058
191.73	1277.358
192.21	-1207.246
192.68	-207.824
193.16	-1037.287
193.63	-1237.027
194.11	-1327.375
194.58	-1212.153
195.06	-975.863
195.53	-639.637
196.01	-523.962
196.48	-453.362
196.96	-371.045
197.43	-315.527
197.91	-287.237
198.38	-250.947
198.86	-205.327
199.33	-173.415
199.81	-168.140
200.28	-157.725
200.76	-137.342
201.23	-131.906
201.71	-120.290
202.18	-111.921
202.66	-101.049
203.13	-94.898
203.61	-93.021
204.08	-88.312
204.55	-80.687
205.03	-77.675
205.50	-77.225
205.98	-77.462
206.45	-74.436
206.93	-72.157
207.40	-72.547
207.88	-70.507
208.35	-67.624
208.82	-71.811
209.30	-74.137
209.77	-74.112
210.25	-69.228
210.72	-70.247
211.20	-71.147
211.67	-68.146
212.14	-65.604
212.62	-66.466
213.09	-65.744
213.57	-64.665
214.04	-61.619
214.52	-62.087
214.99	-59.585
215.46	-60.964
215.94	-59.703
216.41	-57.557
216.89	-57.512
217.36	-58.141
217.83	-57.521
218.31	-56.437
218.78	-54.338
219.25	-53.045
219.73	-52.761
220.20	-56.317
220.68	-53.737
221.15	-54.542
221.62	-55.757
222.10	-55.916
222.57	-54.423
223.04	-53.052
223.52	-52.509
223.99	-54.499
224.47	-54.427
224.94	-57.991
225.41	-56.049
225.89	-55.910
226.36	-60.689
226.83	-62.400
227.31	-63.081
227.78	-62.760
228.25	-61.972
228.73	-64.129
229.20	-62.099
229.67	-62.306
230.15	-61.790
230.62	-62.929
231.09	-63.615
231.57	-63.365
232.04	-62.856
232.51	-64.978
232.98	-66.527
233.46	-64.126
233.93	-64.160
234.40	-63.213
234.88	-60.475
235.35	-61.342
235.82	-60.059
236.30	-56.887
236.77	-56.848
237.24	-56.985
237.71	-56.908
238.19	-57.469
238.66	-56.435
239.13	-57.262
239.61	-57.737
240.08	-58.264
240.55	-56.891
241.02	-54.411
241.50	-52.087
241.97	-52.205
242.44	-52.371
242.91	-51.153
243.39	-52.404
243.86	-51.830
244.33	-51.416
244.80	-52.430
245.28	-52.313
245.75	-52.447
246.22	-54.249
246.69	-51.591
247.17	-49.401
247.64	-51.053
248.11	-52.983
248.58	-51.707
249.05	-52.117
249.53	-50.419
250.00	-51.589
250.47	-51.333
250.94	-52.766
251.42	-55.502
251.89	-54.118
252.36	-51.364
252.83	-52.441
253.30	-51.955
253.78	-52.463
254.25	-51.963
254.72	-52.574
255.19	-54.441
255.66	-53.730
256.13	-53.895
256.61	-54.738
257.08	-56.737
257.55	-57.843
258.02	-54.430
258.49	-55.410
258.97	-56.761
259.44	-58.478
259.91	-56.389
260.38	-57.085
260.85	-55.077
261.32	-55.635
261.79	-54.404
262.27	-54.710
262.74	-53.617
263.21	-53.275
263.68	-53.994
264.15	-55.288
264.62	-56.218
265.09	-57.218
265.57	-57.381
266.04	-57.935
266.51	-58.293
266.98	-57.531
267.45	-55.909
267.92	-56.340
268.39	-56.287
268.86	-56.142
269.34	-51.075
269.81	-51.303
270.28	-53.186
270.75	-51.993
271.22	-51.239
271.69	-49.691
272.16	-49.832
272.63	-50.294
273.10	-49.082
273.57	-47.950
274.05	-47.121
274.52	-45.261
274.99	-43.012
275.46	-42.634
275.93	-42.175
276.40	-43.073
276.87	-40.631
277.34	-39.202
277.81	-40.399
278.28	-40.764
278.75	-41.601
279.22	-43.120
279.69	-43.530
280.16	-43.238
280.63	-43.177
281.11	-43.289
281.58	-45.821
282.05	-44.929
282.52	-45.153
282.99	-43.154
283.46	-44.193
283.93	-43.700
284.40	-44.932
284.87	-42.831
285.34	-44.018
285.81	-44.726
286.28	-43.778
286.75	-42.551
287.22	-43.618
287.69	-43.826
288.16	-42.369
288.63	-40.998
289.10	-40.962
289.57	-40.655
290.04	-39.060
290.51	-37.478
290.98	-36.942
291.45	-38.631
291.92	-39.651
292.39	-38.593
292.86	-41.622
293.33	-40.764
293.80	-41.986
294.27	-39.052
294.74	-41.624
295.21	-40.719
295.68	-40.475
296.15	-41.056
296.62	-42.389
297.09	-42.532
297.56	-43.206
298.03	-41.231
298.49	-40.264
298.96	-42.070
299.43	-41.323
299.90	-41.099
300.37	-40.733
300.84	-41.059
301.31	-39.322
301.78	-37.643
302.25	-37.042
302.72	-35.207
303.19	-35.734
303.66	-32.447
304.13	-32.396
304.60	-31.864
305.07	-32.433
305.53	-30.077
306.00	-28.872
306.47	-29.782
306.94	-29.266
307.41	-28.327
307.88	-29.046
308.35	-30.065
308.82	-29.174
309.29	-28.244
309.76	-27.749
310.22	-28.756
310.69	-29.938
311.16	-28.743
311.63	-27.323
312.10	-28.294
312.57	-29.351
313.04	-28.113
313.51	-28.627
313.97	-30.492
314.44	-30.178
314.91	-29.757
315.38	-29.124
315.85	-28.601
316.32	-28.519
316.79	-27.702
317.25	-25.939
317.72	-27.330
318.19	-26.899
318.66	-25.690
319.13	-24.249
319.60	-24.965
320.07	-25.184
320.53	-22.591
321.00	-21.536
321.47	-21.461
321.94	-21.626
322.41	-21.741
322.87	-19.658
323.34	-20.730
323.81	-20.019
324.28	-20.194
324.75	-19.131
325.22	-19.003
325.68	-20.081
326.15	-19.971
326.62	-18.588
327.09	-18.833
327.56	-18.348
328.02	-17.791
328.49	-17.967
328.96	-18.529
329.43	-18.718
329.89	-19.290
330.36	-18.656
330.83	-20.373
331.30	-21.484
331.77	-20.937
332.23	-18.971
332.70	-19.344
333.17	-20.125
333.64	-20.820
334.10	-18.144
334.57	-17.369
335.04	-18.211
335.51	-17.829
335.97	-16.662
336.44	-16.231
336.91	-16.641
337.38	-16.722
337.84	-15.651
338.31	-14.473
338.78	-14.325
339.24	-13.670
339.71	-11.261
340.18	-10.163
340.65	-9.666
341.11	-9.493
341.58	-8.669
342.05	-8.516
342.52	-8.685
342.98	-7.726
343.45	-6.281
343.92	-6.458
344.38	-6.804
344.85	-6.764
345.32	-5.935
345.78	-5.613
346.25	-5.769
346.72	-5.628
347.18	-4.664
347.65	-4.358
348.12	-4.476
348.58	-4.490
349.05	-4.038
349.52	-3.885
349.99	-4.367
350.45	-3.867
350.92	-3.543
351.38	-2.576
351.85	-2.635
352.32	-2.724
352.78	-2.244
353.25	-1.587
353.72	-1.489
354.18	-1.547
354.65	-0.905
355.12	-0.381
355.58	-0.360
356.05	-0.575
356.52	-0.243
356.98	0.072
357.45	0.371
357.91	0.207
358.38	0.253
358.85	0.767
359.31	0.608
359.78	0.449
360.25	0.493
360.71	0.840
361.18	0.840
361.64	0.654
362.11	0.951
362.58	1.150
363.04	1.072
363.51	1.010
363.97	1.158
364.44	1.399
364.91	1.360
365.37	1.247
365.84	1.319
366.30	1.651
366.77	1.561
367.23	1.423
367.70	1.411
368.17	1.731
368.63	1.831
369.10	1.781
369.56	1.746
370.03	2.011
370.49	2.082
370.96	1.888
371.42	2.028
371.89	2.161
372.36	2.278
372.82	2.164
373.29	2.073
373.75	2.314
374.22	2.432
374.68	2.433
375.15	2.470
375.61	2.650
376.08	2.742
376.54	2.803
377.01	2.702
377.47	2.964
377.94	3.005
378.40	2.891
378.87	2.949
379.33	3.165
379.80	3.165
380.26	3.104
380.73	3.146
381.19	3.255
381.66	3.366
382.12	3.287
382.59	3.285
383.05	3.403
383.52	3.492
383.98	3.410
384.45	3.351
384.91	3.411
385.38	3.524
385.84	3.470
386.31	3.364
386.77	3.434
387.24	3.513
387.70	3.601
388.16	3.661
388.63	3.756
389.09	3.811
389.56	3.841
390.02	3.914
390.49	3.949
390.95	4.083
391.42	4.113
391.88	4.178
392.34	4.261
392.81	4.400
393.27	4.445
393.74	4.495
394.20	4.583
394.67	4.796
395.13	4.867
395.59	4.943
396.06	5.032
396.52	5.154
396.99	5.237
397.45	5.170
397.91	5.137
398.38	5.126
398.84	5.150
399.31	5.127
399.77	5.095
400.23	5.167
400.70	5.116
401.16	5.010
401.63	4.974
402.09	5.009
402.55	4.966
403.02	4.849
403.48	4.769
403.94	4.796
404.41	4.734
404.87	4.635
405.33	4.542
405.80	4.605
406.26	4.611
406.73	4.547
407.19	4.578
407.65	4.663
408.12	4.772
408.58	4.850
409.04	4.911
409.51	5.048
409.97	5.171
410.43	5.290
410.90	5.429
411.36	5.602
411.82	5.793
412.29	5.991
412.75	6.181
413.21	6.416
413.67	6.635
414.14	6.812
414.60	6.995
415.06	7.258
415.53	7.490
415.99	7.667
416.45	7.839
416.92	8.022
417.38	8.178
417.84	8.290
418.30	8.354
418.77	8.448
419.23	8.529
419.69	8.541
420.16	8.534
420.62	8.543
421.08	8.528
421.54	8.426
422.01	8.307
422.47	8.213
422.93	8.150
423.39	7.992
423.86	7.830
424.32	7.726
424.78	7.586
425.24	7.400
425.71	7.246
426.17	7.123
426.63	7.008
427.09	6.874
427.56	6.748
428.02	6.657
428.48	6.597
428.94	6.479
429.41	6.355
429.87	6.282
430.33	6.380
430.79	6.494
431.25	6.667
431.72	6.861
432.18	7.120
432.64	7.366
433.10	7.659
433.56	7.965
434.03	8.315
434.49	8.676
434.95	9.056
435.41	9.440
435.87	9.851
436.34	10.269
436.80	10.686
437.26	11.092
437.72	11.535
438.18	11.961
438.64	12.391
439.11	12.836
439.57	13.270
440.03	13.587
440.49	13.870
440.95	14.089
441.41	14.313
441.88	14.486
442.34	14.630
442.80	14.731
443.26	14.819
443.72	14.863
444.18	14.850
444.64	14.777
445.11	14.717
445.57	14.614
446.03	14.474
446.49	14.304
446.95	14.137
447.41	13.925
447.87	13.694
448.33	13.459
448.79	13.221
449.26	12.966
449.72	12.717
450.18	12.468
450.64	12.253
451.10	12.044
451.56	11.830
452.02	11.637
452.48	11.482
452.94	11.359
453.40	11.254
453.87	11.176
454.33	11.170
454.79	11.192
455.25	11.231
455.71	11.293
456.17	11.432
456.63	11.612
457.09	11.825
457.55	12.079
458.01	12.376
458.47	12.715
458.93	13.089
459.39	13.479
459.85	13.897
460.31	14.339
460.77	14.793
461.24	15.278
461.70	15.768
462.16	16.287
462.62	16.805
463.08	17.308
463.54	17.831
464.00	18.344
464.46	18.839
464.92	19.309
465.38	19.770
465.84	20.213
466.30	20.625
466.76	20.998
467.22	21.341
467.68	21.669
468.14	21.952
468.60	22.194
469.06	22.396
469.52	22.567
469.98	22.703
470.44	22.792
470.90	22.834
471.36	22.858
471.82	22.824
472.28	22.750
472.74	22.640
473.20	22.499
473.66	22.331
474.12	22.130
474.58	21.895
475.04	21.647
475.50	21.372
475.95	21.072
476.41	20.763
476.87	20.447
477.33	20.113
477.79	19.774
478.25	19.444
478.71	19.119
479.17	18.801
479.63	18.480
480.09	18.172
480.55	17.892
481.01	17.629
481.47	17.391
481.93	17.180
482.39	17.011
482.84	16.876
483.30	16.774
483.76	16.701
484.22	16.677
484.68	16.687
485.14	16.733
485.60	16.824
486.06	16.959
486.52	17.136
486.98	17.349
487.44	17.606
487.89	17.893
488.35	18.216
488.81	18.565
489.27	18.954
489.73	19.377
490.19	19.828
490.65	20.306
491.11	20.800
491.56	21.313
492.02	21.839
492.48	22.365
492.94	22.901
493.40	23.445
493.86	23.991
494.32	24.535
494.77	25.070
495.23	25.590
495.69	26.107
496.15	26.593
496.61	27.078
497.07	27.530
497.52	27.973
497.98	28.390
498.44	28.784
498.90	29.152
499.36	29.492
499.82	29.795
500.27	30.057
500.73	30.290
501.19	30.494
501.65	30.661
502.11	30.798
502.56	30.904
503.02	30.972
503.48	31.006
503.94	31.008
504.40	30.977
504.85	30.916
505.31	30.820
505.77	30.701
506.23	30.540
506.69	30.367
507.14	30.156
507.60	29.924
508.06	29.663
508.52	29.380
508.97	29.079
509.43	28.762
509.89	28.419
510.35	28.079
510.80	27.725
511.26	27.369
511.72	27.007
512.18	26.637
512.63	26.270
513.09	25.906
513.55	25.540
514.01	25.192
514.46	24.857
514.92	24.533
515.38	24.226
515.84	23.940
516.29	23.673
516.75	23.429
517.21	23.208
517.66	23.016
518.12	22.852
518.58	22.718
519.04	22.612
519.49	22.552
519.95	22.517
520.41	22.517
520.86	22.550
521.32	22.616
521.78	22.722
522.23	22.855
522.69	23.023
523.15	23.233
523.61	23.473
524.06	23.739
524.52	24.045
524.98	24.373
525.43	24.732
525.89	25.109
526.35	25.503
526.80	25.923
527.26	26.365
527.72	26.825
528.17	27.293
528.63	27.781
529.09	28.275
529.54	28.777
530.00	29.282
530.45	29.787
530.91	30.298
531.37	30.797
531.82	31.299
532.28	31.793
532.74	32.272
533.19	32.737
533.65	33.183
534.10	33.605
534.56	34.011
535.02	34.391
535.47	34.761
535.93	35.116
536.39	35.452
536.84	35.756
537.30	36.039
537.75	36.296
538.21	36.516
538.67	36.713
539.12	36.886
539.58	37.032
540.03	37.156
540.49	37.254
540.94	37.330
541.40	37.369
541.86	37.382
542.31	37.371
542.77	37.336
543.22	37.288
543.68	37.220
544.13	37.130
544.59	37.019
545.05	36.872
545.50	36.703
545.96	36.510
546.41	36.302
546.87	36.073
547.32	35.828
547.78	35.573
548.23	35.295
548.69	34.997
549.14	34.691
549.60	34.370
550.06	34.036
550.51	33.692
550.97	33.348
551.42	32.995
551.88	32.632
552.33	32.261
552.79	31.890
553.24	31.521
553.70	31.155
554.15	30.798
554.61	30.457
555.06	30.123
555.52	29.798
555.97	29.482
556.43	29.184
556.88	28.902
557.34	28.638
557.79	28.399
558.25	28.184
558.70	27.991
559.15	27.818
559.61	27.670
560.06	27.548
560.52	27.453
560.97	27.387
561.43	27.355
561.88	27.358
562.34	27.391
562.79	27.440
563.25	27.523
563.70	27.626
564.16	27.765
564.61	27.932
565.06	28.120
565.52	28.339
565.97	28.585
566.43	28.861
566.88	29.158
567.34	29.477
567.79	29.818
568.24	30.179
568.70	30.558
569.15	30.949
569.61	31.360
570.06	31.777
570.51	32.214
570.97	32.662
571.42	33.118
571.88	33.590
572.33	34.066
572.78	34.539
573.24	35.026
573.69	35.501
574.15	35.982
574.60	36.456
575.05	36.934
575.51	37.407
575.96	37.868
576.42	38.337
576.87	38.796
577.32	39.245
577.78	39.675
578.23	40.102
578.68	40.520
579.14	40.929
579.59	41.321
580.04	41.686
580.50	42.034
580.95	42.362
581.40	42.664
581.86	42.960
582.31	43.240
582.76	43.504
583.22	43.753
583.67	43.978
584.12	44.190
584.58	44.371
585.03	44.526
585.48	44.654
585.94	44.751
586.39	44.822
586.84	44.881
587.30	44.929
587.75	44.947
588.20	44.950
588.66	44.921
589.11	44.875
589.56	44.818
590.01	44.745
590.47	44.641
590.92	44.521
591.37	44.379
591.83	44.215
592.28	44.027
592.73	43.819
593.18	43.596
593.64	43.360
594.09	43.102
594.54	42.844
594.99	42.577
595.45	42.294
595.90	41.997
596.35	41.683
596.80	41.355
597.26	41.017
597.71	40.662
598.16	40.306
598.61	39.946
599.07	39.577
599.52	39.194
599.97	38.819
600.42	38.436
600.88	38.047
601.33	37.660
601.78	37.280
602.23	36.899
602.69	36.520
603.14	36.144
603.59	35.774
604.04	35.405
604.49	35.037
604.95	34.674
605.40	34.339
605.85	34.015
606.30	33.701
606.75	33.403
607.21	33.124
607.66	32.857
608.11	32.607
608.56	32.371
609.01	32.158
609.46	31.963
609.92	31.789
610.37	31.642
610.82	31.516
611.27	31.414
611.72	31.336
612.17	31.279
612.63	31.238
613.08	31.222
613.53	31.228
613.98	31.270
614.43	31.338
614.88	31.420
615.34	31.519
615.79	31.634
616.24	31.772
616.69	31.931
617.14	32.114
617.59	32.314
618.04	32.528
618.49	32.765
618.95	33.014
619.40	33.282
619.85	33.568
620.30	33.866
620.75	34.173
621.20	34.493
621.65	34.822
622.10	35.165
622.55	35.524
623.00	35.892
623.46	36.263
623.91	36.632
624.36	37.011
624.81	37.393
625.26	37.781
625.71	38.169
626.16	38.572
626.61	38.973
627.06	39.371
627.51	39.772
627.96	40.168
628.41	40.566
628.86	40.950
629.32	41.331
629.77	41.707
630.22	42.081
630.67	42.446
631.12	42.807
631.57	43.169
632.02	43.518
632.47	43.851
632.92	44.180
633.37	44.517
633.82	44.835
634.27	45.136
634.72	45.430
635.17	45.710
635.62	45.968
636.07	46.209
636.52	46.426
636.97	46.645
637.42	46.843
637.87	47.029
638.32	47.197
638.77	47.362
639.22	47.518
639.67	47.649
640.12	47.772
640.57	47.876
641.02	47.957
641.47	48.022
641.92	48.080
642.37	48.113
642.82	48.113
643.27	48.100
643.72	48.078
644.17	48.038
644.62	47.984
645.07	47.914
645.52	47.841
645.97	47.767
646.42	47.665
646.87	47.560
647.32	47.458
647.77	47.355
648.22	47.229
648.66	47.072
649.11	46.901
649.56	46.708
650.01	46.508
650.46	46.304
650.91	46.098
651.36	45.870
651.81	45.632
652.26	45.394
652.71	45.136
653.16	44.869
653.61	44.599
654.06	44.324
654.50	44.036
654.95	43.731
655.40	43.423
655.85	43.110
656.30	42.786
656.75	42.440
657.20	42.087
657.65	41.736
658.10	41.378
658.55	41.035
658.99	40.703
659.44	40.369
659.89	40.030
660.34	39.676
660.79	39.329
661.24	38.991
661.69	38.660
662.13	38.338
662.58	38.015
663.03	37.699
663.48	37.380
663.93	37.069
664.38	36.766
664.83	36.476
665.27	36.189
665.72	35.901
666.17	35.627
666.62	35.361
667.07	35.100
667.52	34.859
667.96	34.613
668.41	34.373
668.86	34.148
669.31	33.934
669.76	33.743
670.21	33.567
670.65	33.407
671.10	33.248
671.55	33.108
672.00	32.988
672.45	32.878
672.89	32.783
673.34	32.705
673.79	32.639
674.24	32.575
674.68	32.525
675.13	32.504
675.58	32.498
676.03	32.503
676.48	32.514
676.92	32.539
677.37	32.591
677.82	32.656
678.27	32.726
678.71	32.807
679.16	32.909
679.61	33.020
680.06	33.140
680.50	33.269
680.95	33.428
681.40	33.591
681.85	33.754
682.29	33.932
682.74	34.127
683.19	34.332
683.64	34.548
684.08	34.786
684.53	35.027
684.98	35.284
685.43	35.550
685.87	35.824
686.32	36.106
686.77	36.377
687.21	36.642
687.66	36.930
688.11	37.235
688.55	37.526
689.00	37.820
689.45	38.137
689.90	38.467
690.34	38.780
690.79	39.092
691.24	39.418
691.68	39.744
692.13	40.055
692.58	40.357
693.02	40.672
693.47	40.975
693.92	41.274
694.36	41.554
694.81	41.852
695.26	42.149
695.70	42.431
696.15	42.721
696.60	43.020
697.04	43.307
697.49	43.575
697.94	43.825
698.38	44.087
698.83	44.335
699.27	44.577
699.72	44.796
700.17	45.026
700.61	45.252
701.06	45.476
701.51	45.694
701.95	45.918
702.40	46.132
702.84	46.338
703.29	46.537
703.74	46.730
704.18	46.897
704.63	47.062
705.07	47.221
705.52	47.372
705.97	47.509
706.41	47.633
706.86	47.739
707.30	47.864
707.75	47.984
708.20	48.086
708.64	48.159
709.09	48.224
709.53	48.273
709.98	48.322
710.42	48.338
710.87	48.335
711.32	48.331
711.76	48.308
712.21	48.287
712.65	48.256
713.10	48.226
713.54	48.190
713.99	48.145
714.43	48.098
714.88	48.019
715.33	47.924
715.77	47.833
716.22	47.748
716.66	47.641
717.11	47.517
717.55	47.399
718.00	47.275
718.44	47.154
718.89	47.012
719.33	46.866
719.78	46.733
720.22	46.599
720.67	46.445
721.11	46.294
721.56	46.135
722.00	45.953
722.45	45.760
722.89	45.564
723.34	45.363
723.78	45.172
724.23	44.986
724.67	44.794
725.12	44.579
725.56	44.357
726.01	44.136
726.45	43.903
726.90	43.642
727.34	43.379
727.78	43.136
728.23	42.893
728.67	42.629
729.12	42.355
729.56	42.097
730.01	41.830
730.45	41.540
730.90	41.236
731.34	40.967
731.79	40.700
732.23	40.417
732.67	40.118
733.12	39.808
733.56	39.527
734.01	39.255
734.45	38.971
734.89	38.699
735.34	38.443
735.78	38.195
736.23	37.943
736.67	37.689
737.12	37.430
737.56	37.175
738.00	36.923
738.45	36.684
738.89	36.448
739.34	36.235
739.78	36.050
740.22	35.862
740.67	35.658
741.11	35.444
741.55	35.254
742.00	35.079
742.44	34.898
742.89	34.708
743.33	34.529
743.77	34.383
744.22	34.241
744.66	34.081
745.10	33.918
745.55	33.769
745.99	33.659
746.43	33.552
746.88	33.443
747.32	33.339
747.76	33.250
748.21	33.188
748.65	33.113
749.09	33.021
749.54	32.944
749.98	32.889
750.42	32.860
750.87	32.818
751.31	32.778
751.75	32.771
752.20	32.779
752.64	32.799
753.08	32.814
753.53	32.821
753.97	32.859
754.41	32.906
754.85	32.976
755.30	33.035
755.74	33.099
756.18	33.198
756.63	33.321
757.07	33.450
757.51	33.544
757.95	33.656
758.40	33.798
758.84	33.946
759.28	34.091
759.72	34.228
760.17	34.396
760.61	34.581
761.05	34.762
761.50	34.934
761.94	35.104
762.38	35.279
762.82	35.485
763.26	35.688
763.71	35.893
764.15	36.090
764.59	36.283
765.03	36.477
765.48	36.669
765.92	36.852
766.36	37.028
766.80	37.229
767.25	37.445
767.69	37.658
768.13	37.886
768.57	38.122
769.01	38.370
769.46	38.602
769.90	38.825
770.34	39.048
770.78	39.280
771.22	39.540
771.67	39.811
772.11	40.069
772.55	40.321
772.99	40.562
773.43	40.799
773.87	41.056
774.32	41.329
774.76	41.589
775.20	41.832
775.64	42.077
776.08	42.350
776.52	42.602
776.97	42.854
777.41	43.081
777.85	43.301
778.29	43.535
778.73	43.782
779.17	44.035
779.62	44.273
780.06	44.502
780.50	44.717
780.94	44.924
781.38	45.121
781.82	45.320
782.26	45.529
782.70	45.733
783.15	45.941
783.59	46.131
784.03	46.316
784.47	46.503
784.91	46.671
785.35	46.819
785.79	46.978
786.23	47.129
786.67	47.278
787.11	47.427
787.56	47.556
788.00	47.680
788.44	47.797
788.88	47.924
789.32	48.042
789.76	48.152
790.20	48.259
790.64	48.378
791.08	48.498
791.52	48.603
791.96	48.684
792.40	48.757
792.84	48.851
793.28	48.943
793.73	49.036
794.17	49.129
794.61	49.205
795.05	49.273
795.49	49.314
795.93	49.359
796.37	49.376
796.81	49.401
797.25	49.432
797.69	49.443
798.13	49.445
798.57	49.443
799.01	49.429
799.45	49.391
799.89	49.328
800.33	49.267
800.77	49.230
801.21	49.212
801.65	49.157
802.09	49.072
802.53	48.982
802.97	48.893
803.41	48.808
803.85	48.736
804.29	48.651
804.73	48.598
805.17	48.508
805.61	48.417
806.05	48.305
806.49	48.168
806.93	48.057
807.37	47.946
807.81	47.859
808.25	47.748
808.69	47.639
809.13	47.521
809.57	47.387
810.01	47.239
810.44	47.080
810.88	46.932
811.32	46.784
811.76	46.635
812.20	46.484
812.64	46.314
813.08	46.127
813.52	45.923
813.96	45.700
814.40	45.527
814.84	45.357
815.28	45.182
815.72	45.016
816.16	44.826
816.59	44.636
817.03	44.432
817.47	44.241
817.91	44.064
818.35	43.891
818.79	43.717
819.23	43.535
819.67	43.346
820.11	43.155
820.54	42.952
820.98	42.736
821.42	42.523
821.86	42.308
822.30	42.105
822.74	41.920
823.18	41.726
823.62	41.496
824.05	41.279
824.49	41.082
824.93	40.880
825.37	40.685
825.81	40.490
826.25	40.278
826.69	40.039
827.12	39.775
827.56	39.528
828.00	39.290
828.44	39.072
828.88	38.855
829.32	38.626
829.75	38.418
830.19	38.222
830.63	38.005
831.07	37.805
831.51	37.587
831.94	37.364
832.38	37.150
832.82	36.959
833.26	36.774
833.70	36.595
834.13	36.412
834.57	36.226
835.01	36.042
835.45	35.880
835.89	35.737
836.32	35.609
836.76	35.473
837.20	35.325
837.64	35.172
838.08	35.038
838.51	34.939
838.95	34.832
839.39	34.727
839.83	34.632
840.26	34.549
840.70	34.482
841.14	34.419
841.58	34.360
842.01	34.296
842.45	34.242
842.89	34.171
843.33	34.091
843.76	34.026
844.20	33.975
844.64	33.926
845.08	33.879
845.51	33.834
845.95	33.803
846.39	33.774
846.82	33.739
847.26	33.694
847.70	33.652
848.14	33.609
848.57	33.577
849.01	33.549
849.45	33.524
849.88	33.497
850.32	33.476
850.76	33.475
851.19	33.497
851.63	33.520
852.07	33.555
852.50	33.599
852.94	33.633
853.38	33.654
853.81	33.684
854.25	33.737
854.69	33.807
855.12	33.890
855.56	33.968
856.00	34.056
856.43	34.179
856.87	34.288
857.31	34.405
857.74	34.528
858.18	34.648
858.62	34.767
859.05	34.877
859.49	34.988
859.93	35.095
860.36	35.209
860.80	35.316
861.24	35.419
861.67	35.540
862.11	35.663
862.54	35.793
862.98	35.929
863.42	36.086
863.85	36.245
864.29	36.388
864.72	36.547
865.16	36.705
865.60	36.852
866.03	36.996
866.47	37.139
866.90	37.285
867.34	37.461
867.78	37.647
868.21	37.864
868.65	38.096
869.08	38.337
869.52	38.540
869.95	38.730
870.39	38.928
870.83	39.139
871.26	39.368
871.70	39.609
872.13	39.828
872.57	40.040
873.00	40.233
873.44	40.418
873.87	40.609
874.31	40.802
874.75	40.992
875.18	41.183
875.62	41.384
876.05	41.592
876.49	41.803
876.92	42.033
877.36	42.260
877.79	42.476
878.23	42.665
878.66	42.863
879.10	43.080
879.53	43.322
879.97	43.533
880.40	43.732
880.84	43.926
881.27	44.120
881.71	44.288
882.14	44.455
882.58	44.631
883.01	44.830
883.45	45.034
883.88	45.223
884.32	45.414
884.75	45.606
885.19	45.789
885.62	45.976
886.06	46.148
886.49	46.328
886.92	46.506
887.36	46.690
887.79	46.875
888.23	47.055
888.66	47.205
889.10	47.344
889.53	47.474
889.97	47.608
890.40	47.752
890.83	47.871
891.27	48.004
891.70	48.181
892.14	48.339
892.57	48.493
893.01	48.669
893.44	48.839
893.87	48.994
894.31	49.171
894.74	49.321
895.18	49.432
895.61	49.527
896.04	49.595
896.48	49.654
896.91	49.724
897.35	49.759
897.78	49.805
898.21	49.880
898.65	49.979
899.08	50.080
899.52	50.168
899.95	50.270
900.38	50.379
900.82	50.486
901.25	50.598
901.68	50.680
902.12	50.742
902.55	50.837
902.99	50.948
903.42	51.022
903.85	51.108
904.29	51.210
904.72	51.283
905.15	51.351
905.59	51.429
906.02	51.523
906.45	51.631
906.89	51.710
907.32	51.809
907.75	51.886
908.19	51.929
908.62	51.963
909.05	51.987
909.49	51.998
909.92	51.974
910.35	51.906
910.78	51.853
911.22	51.802
911.65	51.719
912.08	51.623
912.52	51.559
912.95	51.491
913.38	51.400
913.82	51.327
914.25	51.290
914.68	51.245
915.11	51.176
915.55	51.090
915.98	51.026
916.41	50.952
916.84	50.862
917.28	50.774
917.71	50.692
918.14	50.658
918.58	50.611
919.01	50.500
919.44	50.414
919.87	50.363
920.31	50.323
920.74	50.266
921.17	50.160
921.60	50.059
922.03	49.935
922.47	49.834
922.90	49.691
923.33	49.554
923.76	49.427
924.20	49.314
924.63	49.220
925.06	49.103
925.49	48.936
925.92	48.788
926.36	48.654
926.79	48.527
927.22	48.386
927.65	48.227
928.08	48.101
928.52	47.978
928.95	47.816
929.38	47.624
929.81	47.454
930.24	47.343
930.68	47.203
931.11	47.043
931.54	46.871
931.97	46.757
932.40	46.621
932.83	46.489
933.27	46.335
933.70	46.158
934.13	46.009
934.56	45.870
934.99	45.678
935.42	45.499
935.85	45.314
936.29	45.114
936.72	44.922
937.15	44.772
937.58	44.624
938.01	44.455
938.44	44.304
938.87	44.128
939.31	43.955
939.74	43.778
940.17	43.624
940.60	43.461
941.03	43.291
941.46	43.120
941.89	42.914
942.32	42.695
942.75	42.527
943.18	42.335
943.62	42.134
944.05	41.933
944.48	41.754
944.91	41.563
945.34	41.334
945.77	41.125
946.20	40.937
946.63	40.746
947.06	40.522
947.49	40.298
947.92	40.119
948.35	39.893
948.78	39.628
949.22	39.386
949.65	39.176
950.08	38.950
950.51	38.694
950.94	38.464
951.37	38.276
951.80	38.091
952.23	37.909
952.66	37.725
953.09	37.628
953.52	37.507
953.95	37.338
954.38	37.208
954.81	37.084
955.24	36.940
955.67	36.760
956.10	36.602
956.53	36.489
956.96	36.364
957.39	36.243
957.82	36.123
958.25	36.013
958.68	35.892
959.11	35.749
959.54	35.631
959.97	35.551
960.40	35.468
960.83	35.347
961.26	35.201
961.69	35.077
962.12	34.921
962.55	34.695
962.98	34.543
963.41	34.420
963.84	34.318
964.27	34.152
964.70	34.022
965.13	33.941
965.56	33.841
965.99	33.737
966.42	33.587
966.84	33.511
967.27	33.455
967.70	33.366
968.13	33.303
968.56	33.203
968.99	33.142
969.42	33.051
969.85	32.920
970.28	32.825
970.71	32.779
971.14	32.690
971.57	32.653
972.00	32.594
972.42	32.553
972.85	32.485
973.28	32.420
973.71	32.331
974.14	32.284
974.57	32.229
975.00	32.117
975.43	32.052
975.86	32.034
976.28	31.960
976.71	31.917
977.14	31.818
977.57	31.828
978.00	31.774
978.43	31.709
978.86	31.677
979.29	31.702
979.71	31.688
980.14	31.663
980.57	31.634
981.00	31.633
981.43	31.654
981.86	31.599
982.28	31.562
982.71	31.618
983.14	31.632
983.57	31.551
984.00	31.574
984.43	31.612
984.85	31.653
985.28	31.733
985.71	31.728
986.14	31.785
986.57	31.836
986.99	31.821
987.42	31.823
987.85	31.856
988.28	31.946
988.71	31.935
989.13	31.946
989.56	32.013
989.99	32.127
990.42	32.202
990.85	32.278
991.27	32.355
991.70	32.403
992.13	32.456
992.56	32.544
992.98	32.580
993.41	32.747
993.84	32.776
994.27	32.710
994.70	32.784
995.12	32.951
995.55	32.973
995.98	32.986
996.41	33.091
996.83	33.279
997.26	33.333
997.69	33.437
998.11	33.530
998.54	33.666
998.97	33.768
999.40	33.812
999.82	33.968
1000.25	34.205
1000.68	34.397
1001.11	34.435
1001.53	34.500
1001.96	34.697
1002.39	34.770
1002.81	34.796
1003.24	34.867
1003.67	35.030
1004.09	35.049
1004.52	35.179
1004.95	35.296
1005.38	35.422
1005.80	35.505
1006.23	35.518
1006.66	35.556
1007.08	35.777
1007.51	35.875
1007.94	35.922
1008.36	35.876
1008.79	35.972
1009.22	35.975
1009.64	35.936
1010.07	35.995
1010.50	36.137
1010.92	36.184
1011.35	36.233
1011.77	36.324
1012.20	36.507
1012.63	36.542
1013.05	36.610
1013.48	36.577
1013.91	36.706
1014.33	36.813
1014.76	36.863
1015.19	36.927
1015.61	37.057
1016.04	37.117
1016.46	37.190
1016.89	37.262
1017.32	37.480
1017.74	37.606
1018.17	37.695
1018.59	37.701
1019.02	37.819
1019.45	37.974
1019.87	37.958
1020.30	37.893
1020.72	37.992
1021.15	38.109
1021.58	38.261
1022.00	38.254
1022.43	38.431
1022.85	38.634
1023.28	38.687
1023.70	38.663
1024.13	38.690
1024.55	38.845
1024.98	38.810
1025.41	38.698
1025.83	38.622
1026.26	38.741
1026.68	38.689
1027.11	38.698
1027.53	38.699
1027.96	38.872
1028.38	38.863
1028.81	38.922
1029.23	39.124
1029.66	39.309
1030.08	39.326
1030.51	39.250
1030.94	39.289
1031.36	39.387
1031.79	39.398
1032.21	39.268
1032.64	39.358
1033.06	39.498
1033.49	39.504
1033.91	39.475
1034.34	39.414
1034.76	39.588
1035.19	39.423
1035.61	39.302
1036.03	39.301
1036.46	39.502
1036.88	39.384
1037.31	39.165
1037.73	38.935
1038.16	38.857
1038.58	38.736
1039.01	38.725
1039.43	38.680
1039.86	38.938
1040.28	38.927
1040.71	38.876
1041.13	38.865
1041.55	38.861
1041.98	38.906
1042.40	38.624
1042.83	38.440
1043.25	38.565
1043.68	38.610
1044.10	38.680
1044.52	38.355
1044.95	38.477
1045.37	38.476
1045.80	38.275
1046.22	38.345
1046.65	38.572
1047.07	38.740
1047.49	38.613
1047.92	38.110
1048.34	38.109
1048.77	37.989
1049.19	37.739
1049.61	37.460
1050.04	37.327
1050.46	37.252
1050.89	36.899
1051.31	36.732
1051.73	36.714
1052.16	36.675
1052.58	36.178
1053.00	35.757
1053.43	35.815
1053.85	35.747
1054.27	35.517
1054.70	35.221
1055.12	35.114
1055.55	35.080
1055.97	34.591
1056.39	34.390
1056.82	34.587
1057.24	34.733
1057.66	34.551
1058.09	34.201
1058.51	33.938
1058.93	33.934
1059.36	33.795
1059.78	33.176
1060.20	32.808
1060.62	32.870
1061.05	32.747
1061.47	32.477
1061.89	32.208
1062.32	32.290
1062.74	31.604
1063.16	31.075
1063.59	30.716
1064.01	30.752
1064.43	30.315
1064.85	29.829
1065.28	29.312
1065.70	28.931
1066.12	28.096
1066.55	27.256
1066.97	26.587
1067.39	26.598
1067.81	26.323
1068.24	25.382
1068.66	25.007
1069.08	24.676
1069.50	24.486
1069.93	23.622
1070.35	23.463
1070.77	23.727
1071.19	23.387
1071.62	22.946
1072.04	22.505
1072.46	22.595
1072.88	22.261
1073.31	21.475
1073.73	20.518
1074.15	20.119
1074.57	19.516
1075.00	18.865
1075.42	18.232
1075.84	17.914
1076.26	16.889
1076.68	16.058
1077.11	15.358
1077.53	15.109
1077.95	15.434
1078.37	13.599
1078.79	12.770
1079.22	11.644
1079.64	10.226
1080.06	8.782
1080.48	7.099
1080.90	5.814
1081.32	5.691
1081.75	3.740
1082.17	1.936
1082.59	1.082
1083.01	1.150
1083.43	-0.276
1083.85	-2.379
1084.28	-4.196
1084.70	-4.428
1085.12	-5.455
1085.54	-7.290
1085.96	-9.500
1086.38	-9.535
1086.80	-11.354
1087.23	-12.629
1087.65	-14.326
1088.07	-15.842
1088.49	-17.624
1088.91	-19.382
1089.33	-21.059
1089.75	-21.827
1090.17	-23.541
1090.60	-25.861
1091.02	-26.768
1091.44	-26.135
1091.86	-29.046
1092.28	-31.797
1092.70	-34.150
1093.12	-34.818
1093.54	-37.639
1093.96	-40.492
1094.38	-43.030
1094.81	-44.478
1095.23	-47.697
1095.65	-52.357
1096.07	-53.325
1096.49	-55.211
1096.91	-58.406
1097.33	-62.064
1097.75	-67.625
1098.17	-69.341
1098.59	-71.543
1099.01	-75.953
1099.43	-79.626
1099.85	-84.420
1100.27	-90.277
1100.69	-94.294
1101.11	-95.538
1101.53	-96.011
1101.95	-96.877
1102.38	-69.485
1102.80	-113.188
1103.22	-80.959
1103.64	-128.189
1104.06	-211.052
1104.48	-114.080
1104.90	-157.423
1105.32	-142.414
1105.74	-85.258
1106.16	-74.240
