188.40	-160.601
188.88	10.705
189.35	198.886
189.83	1400.870
190.30	-1354.902
190.78	-32.212
191.26	-158.937
191.73	1588.679
192.21	-1778.261
192.68	13.550
193.16	-717.794
193.63	-813.758
194.11	-884.084
194.58	-833.910
195.06	-671.509
195.53	-419.693
196.01	-345.794
196.48	-315.880
196.96	-263.720
197.43	-207.723
197.91	-190.911
198.38	-178.319
198.86	-146.924
199.33	-111.785
199.81	-105.813
200.28	-105.362
200.76	-94.491
201.23	-79.969
201.71	-71.176
202.18	-71.222
202.66	-65.995
203.13	-61.068
203.61	-54.853
204.08	-53.690
204.55	-51.622
205.03	-44.655
205.50	-41.410
205.98	-45.655
206.45	-44.940
206.93	-38.609
207.40	-38.710
207.88	-39.356
208.35	-39.508
208.82	-37.967
209.30	-38.788
209.77	-43.698
210.25	-44.673
210.72	-43.277
211.20	-43.946
211.67	-42.304
212.14	-43.700
212.62	-40.124
213.09	-35.361
213.57	-36.841
214.04	-36.877
214.52	-34.387
214.99	-32.045
215.46	-36.013
215.94	-37.009
216.41	-32.935
216.89	-31.181
217.36	-31.904
217.83	-36.137
218.31	-35.593
218.78	-31.321
219.25	-31.341
219.73	-33.419
220.20	-31.787
220.68	-27.315
221.15	-28.675
221.62	-32.090
222.10	-30.654
222.57	-27.929
223.04	-28.242
223.52	-33.619
223.99	-33.331
224.47	-30.835
224.94	-33.449
225.41	-35.055
225.89	-34.516
226.36	-34.523
226.83	-36.979
227.31	-40.995
227.78	-38.364
228.25	-34.198
228.73	-36.500
229.20	-38.372
229.67	-37.572
230.15	-35.015
230.62	-35.505
231.09	-40.613
231.57	-41.674
232.04	-38.185
232.51	-39.849
232.98	-43.264
233.46	-40.812
233.93	-36.907
234.40	-37.163
234.88	-39.739
235.35	-40.596
235.82	-36.356
236.30	-33.449
236.77	-35.027
237.24	-36.626
237.71	-33.715
238.19	-33.241
238.66	-34.930
239.13	-36.636
239.61	-35.216
240.08	-34.028
240.55	-36.479
241.02	-35.066
241.50	-30.632
241.97	-29.057
242.44	-30.732
242.91	-31.762
243.39	-30.495
243.86	-30.420
244.33	-33.245
244.80	-35.194
245.28	-33.025
245.75	-32.130
246.22	-36.684
246.69	-37.183
247.17	-34.063
247.64	-32.724
248.11	-33.893
248.58	-37.091
249.05	-35.532
249.53	-31.817
250.00	-34.157
250.47	-35.091
250.94	-33.952
251.42	-32.113
251.89	-31.428
252.36	-31.983
252.83	-30.091
253.30	-25.759
253.78	-26.685
254.25	-26.127
254.72	-23.458
255.19	-19.848
255.66	-19.073
256.13	-22.651
256.61	-20.617
257.08	-17.850
257.55	-19.067
258.02	-21.234
258.49	-18.862
258.97	-16.611
259.44	-17.896
259.91	-20.446
260.38	-20.563
260.85	-17.543
261.32	-19.036
261.79	-23.219
262.27	-24.040
262.74	-20.930
263.21	-22.257
263.68	-26.389
264.15	-28.083
264.62	-26.484
265.09	-29.124
265.57	-32.869
266.04	-32.060
266.51	-31.067
266.98	-32.457
267.45	-35.240
267.92	-37.196
268.39	-34.441
268.86	-34.643
269.34	-34.580
269.81	-34.927
270.28	-32.449
270.75	-31.033
271.22	-33.965
271.69	-31.731
272.16	-28.355
272.63	-28.308
273.10	-29.570
273.57	-29.385
274.05	-25.493
274.52	-24.014
274.99	-24.979
275.46	-24.935
275.93	-22.498
276.40	-21.418
276.87	-22.025
277.34	-22.865
277.81	-18.901
278.28	-18.936
278.75	-20.943
279.22	-22.887
279.69	-20.577
280.16	-20.149
280.63	-21.651
281.11	-23.805
281.58	-22.689
282.05	-21.684
282.52	-23.416
282.99	-24.080
283.46	-22.359
283.93	-20.901
284.40	-22.391
284.87	-22.859
285.34	-21.152
285.81	-20.815
286.28	-22.371
286.75	-22.293
287.22	-21.201
287.69	-20.916
288.16	-21.064
288.63	-22.650
289.10	-21.331
289.57	-18.640
290.04	-19.065
290.51	-20.529
290.98	-18.523
291.45	-17.537
291.92	-19.466
292.39	-20.984
292.86	-21.374
293.33	-19.935
293.80	-21.324
294.27	-22.423
294.74	-23.358
295.21	-20.465
295.68	-19.577
296.15	-22.268
296.62	-23.805
297.09	-21.468
297.56	-21.407
298.03	-21.218
298.49	-20.838
298.96	-19.529
299.43	-20.070
299.90	-21.687
300.37	-21.414
300.84	-19.288
301.31	-18.958
301.78	-18.606
302.25	-17.904
302.72	-15.303
303.19	-14.343
303.66	-15.079
304.13	-15.261
304.60	-13.032
305.07	-14.044
305.53	-14.590
306.00	-13.897
306.47	-10.663
306.94	-9.487
307.41	-10.828
307.88	-11.837
308.35	-9.231
308.82	-8.306
309.29	-9.811
309.76	-9.809
310.22	-8.148
310.69	-7.512
311.16	-9.239
311.63	-9.253
312.10	-8.308
312.57	-7.950
313.04	-9.360
313.51	-9.517
313.97	-7.632
314.44	-6.482
314.91	-7.832
315.38	-8.603
315.85	-5.818
316.32	-4.919
316.79	-6.563
317.25	-7.345
317.72	-7.160
318.19	-6.804
318.66	-7.966
319.13	-8.030
319.60	-6.959
320.07	-5.115
320.53	-5.985
321.00	-6.707
321.47	-5.824
321.94	-4.426
322.41	-5.833
322.87	-5.853
323.34	-5.411
323.81	-4.541
324.28	-5.098
324.75	-6.025
325.22	-4.496
325.68	-4.259
326.15	-5.561
326.62	-5.551
327.09	-5.182
327.56	-3.242
328.02	-2.975
328.49	-3.841
328.96	-3.512
329.43	-2.967
329.89	-4.761
330.36	-5.663
330.83	-5.588
331.30	-4.886
331.77	-5.734
332.23	-6.476
332.70	-6.659
333.17	-6.215
333.64	-6.822
334.10	-7.122
334.57	-5.907
335.04	-5.125
335.51	-5.614
335.97	-6.134
336.44	-5.896
336.91	-4.730
337.38	-5.464
337.84	-6.722
338.31	-6.422
338.78	-5.436
339.24	-5.026
339.71	-5.185
340.18	-4.329
340.65	-3.166
341.11	-2.881
341.58	-2.847
342.05	-2.354
342.52	-0.966
342.98	-0.508
343.45	-1.188
343.92	-1.495
344.38	-1.137
344.85	-1.370
345.32	-1.372
345.78	-1.347
346.25	-0.293
346.72	0.306
347.18	-0.047
347.65	0.193
348.12	0.838
348.58	0.957
349.05	0.800
349.52	0.911
349.99	1.517
350.45	1.974
350.92	1.814
351.38	1.830
351.85	2.183
352.32	2.428
352.78	2.502
353.25	2.963
353.72	3.427
354.18	3.387
354.65	3.513
355.12	3.372
355.58	3.867
356.05	3.695
356.52	3.368
356.98	3.186
357.45	3.715
357.91	3.840
358.38	3.455
358.85	3.253
359.31	3.709
359.78	3.797
360.25	3.479
360.71	3.297
361.18	3.410
361.64	3.650
362.11	3.538
362.58	3.204
363.04	3.137
363.51	3.494
363.97	3.619
364.44	3.376
364.91	3.645
365.37	3.718
365.84	3.734
366.30	3.732
366.77	3.908
367.23	4.067
367.70	4.172
368.17	4.152
368.63	4.287
369.10	4.285
369.56	4.046
370.03	3.974
370.49	3.856
370.96	4.014
371.42	3.959
371.89	3.791
372.36	3.992
372.82	4.143
373.29	4.098
373.75	4.025
374.22	4.102
374.68	4.297
375.15	4.379
375.61	4.272
376.08	4.270
376.54	4.487
377.01	4.487
377.47	4.370
377.94	4.403
378.40	4.515
378.87	4.583
379.33	4.613
379.80	4.690
380.26	4.909
380.73	4.939
381.19	4.873
381.66	4.824
382.12	4.920
382.59	4.982
383.05	4.839
383.52	4.809
383.98	4.891
384.45	4.875
384.91	4.759
385.38	4.735
385.84	4.808
386.31	4.762
386.77	4.608
387.24	4.586
387.70	4.685
388.16	4.724
388.63	4.680
389.09	4.678
389.56	4.829
390.02	4.904
390.49	4.842
390.95	4.874
391.42	5.020
391.88	5.088
392.34	5.098
392.81	5.132
393.27	5.267
393.74	5.345
394.20	5.317
394.67	5.403
395.13	5.522
395.59	5.679
396.06	5.677
396.52	5.686
396.99	5.762
397.45	5.791
397.91	5.739
398.38	5.624
398.84	5.659
399.31	5.599
399.77	5.511
400.23	5.478
400.70	5.498
401.16	5.472
401.63	5.380
402.09	5.291
402.55	5.316
403.02	5.291
403.48	5.216
403.94	5.130
404.41	5.060
404.87	5.067
405.33	4.957
405.80	4.937
406.26	4.958
406.73	5.025
407.19	5.059
407.65	5.112
408.12	5.247
408.58	5.364
409.04	5.506
409.51	5.602
409.97	5.757
410.43	5.924
410.90	6.093
411.36	6.248
411.82	6.442
412.29	6.644
412.75	6.837
413.21	7.014
413.67	7.249
414.14	7.538
414.60	7.709
415.06	7.885
415.53	8.055
415.99	8.268
416.45	8.423
416.92	8.533
417.38	8.612
417.84	8.740
418.30	8.820
418.77	8.789
419.23	8.816
419.69	8.801
420.16	8.790
420.62	8.723
421.08	8.641
421.54	8.561
422.01	8.449
422.47	8.296
422.93	8.182
423.39	8.039
423.86	7.879
424.32	7.708
424.78	7.552
425.24	7.448
425.71	7.332
426.17	7.192
426.63	7.062
427.09	6.988
427.56	6.905
428.02	6.824
428.48	6.781
428.94	6.747
429.41	6.700
429.87	6.653
430.33	6.750
430.79	6.941
431.25	7.176
431.72	7.402
432.18	7.641
432.64	7.944
433.10	8.284
433.56	8.578
434.03	8.932
434.49	9.320
434.95	9.713
435.41	10.086
435.87	10.452
436.34	10.880
436.80	11.308
437.26	11.705
437.72	12.082
438.18	12.481
438.64	12.902
439.11	13.302
439.57	13.662
440.03	13.930
440.49	14.153
440.95	14.319
441.41	14.437
441.88	14.572
442.34	14.669
442.80	14.704
443.26	14.717
443.72	14.714
444.18	14.669
444.64	14.562
445.11	14.437
445.57	14.297
446.03	14.150
446.49	13.953
446.95	13.717
447.41	13.490
447.87	13.271
448.33	13.025
448.79	12.769
449.26	12.525
449.72	12.318
450.18	12.107
450.64	11.889
451.10	11.719
451.56	11.569
452.02	11.432
452.48	11.318
452.94	11.231
453.40	11.198
453.87	11.195
454.33	11.225
454.79	11.291
455.25	11.427
455.71	11.566
456.17	11.749
456.63	11.999
457.09	12.293
457.55	12.610
458.01	12.938
458.47	13.320
458.93	13.742
459.39	14.178
459.85	14.619
460.31	15.077
460.77	15.565
461.24	16.066
461.70	16.574
462.16	17.068
462.62	17.596
463.08	18.095
463.54	18.577
464.00	19.063
464.46	19.543
464.92	19.978
465.38	20.386
465.84	20.775
466.30	21.135
466.76	21.473
467.22	21.751
467.68	22.000
468.14	22.220
468.60	22.400
469.06	22.535
469.52	22.616
469.98	22.689
470.44	22.717
470.90	22.693
471.36	22.622
471.82	22.535
472.28	22.416
472.74	22.252
473.20	22.055
473.66	21.840
474.12	21.601
474.58	21.329
475.04	21.043
475.50	20.742
475.95	20.432
476.41	20.102
476.87	19.768
477.33	19.442
477.79	19.129
478.25	18.815
478.71	18.495
479.17	18.206
479.63	17.926
480.09	17.658
480.55	17.414
481.01	17.209
481.47	17.039
481.93	16.888
482.39	16.771
482.84	16.702
483.30	16.671
483.76	16.671
484.22	16.704
484.68	16.778
485.14	16.900
485.60	17.066
486.06	17.268
486.52	17.519
486.98	17.809
487.44	18.124
487.89	18.462
488.35	18.846
488.81	19.260
489.27	19.699
489.73	20.164
490.19	20.651
490.65	21.155
491.11	21.680
491.56	22.209
492.02	22.744
492.48	23.291
492.94	23.835
493.40	24.372
493.86	24.907
494.32	25.437
494.77	25.955
495.23	26.446
495.69	26.924
496.15	27.377
496.61	27.816
497.07	28.223
497.52	28.612
497.98	28.976
498.44	29.316
498.90	29.621
499.36	29.889
499.82	30.130
500.27	30.334
500.73	30.493
501.19	30.622
501.65	30.727
502.11	30.798
502.56	30.831
503.02	30.824
503.48	30.798
503.94	30.740
504.40	30.647
504.85	30.523
505.31	30.372
505.77	30.203
506.23	29.993
506.69	29.762
507.14	29.512
507.60	29.242
508.06	28.945
508.52	28.634
508.97	28.311
509.43	27.976
509.89	27.621
510.35	27.266
510.80	26.907
511.26	26.553
511.72	26.193
512.18	25.831
512.63	25.484
513.09	25.143
513.55	24.808
514.01	24.483
514.46	24.176
514.92	23.893
515.38	23.624
515.84	23.384
516.29	23.177
516.75	22.994
517.21	22.834
517.66	22.697
518.12	22.592
518.58	22.526
519.04	22.493
519.49	22.500
519.95	22.539
520.41	22.614
520.86	22.717
521.32	22.850
521.78	23.025
522.23	23.231
522.69	23.468
523.15	23.739
523.61	24.044
524.06	24.381
524.52	24.739
524.98	25.120
525.43	25.521
525.89	25.936
526.35	26.371
526.80	26.820
527.26	27.288
527.72	27.774
528.17	28.267
528.63	28.764
529.09	29.259
529.54	29.764
530.00	30.270
530.45	30.768
530.91	31.263
531.37	31.747
531.82	32.228
532.28	32.696
532.74	33.146
533.19	33.583
533.65	33.997
534.10	34.385
534.56	34.744
535.02	35.086
535.47	35.413
535.93	35.715
536.39	35.996
536.84	36.247
537.30	36.472
537.75	36.668
538.21	36.832
538.67	36.976
539.12	37.094
539.58	37.184
540.03	37.244
540.49	37.289
540.94	37.309
541.40	37.290
541.86	37.238
542.31	37.168
542.77	37.080
543.22	36.968
543.68	36.839
544.13	36.694
544.59	36.533
545.05	36.345
545.50	36.136
545.96	35.898
546.41	35.650
546.87	35.392
547.32	35.112
547.78	34.818
548.23	34.514
548.69	34.193
549.14	33.857
549.60	33.520
550.06	33.173
550.51	32.821
550.97	32.470
551.42	32.116
551.88	31.762
552.33	31.397
552.79	31.039
553.24	30.686
553.70	30.348
554.15	30.017
554.61	29.698
555.06	29.390
555.52	29.101
555.97	28.830
556.43	28.572
556.88	28.338
557.34	28.130
557.79	27.945
558.25	27.779
558.70	27.644
559.15	27.534
559.61	27.451
560.06	27.387
560.52	27.355
560.97	27.357
561.43	27.390
561.88	27.455
562.34	27.546
562.79	27.663
563.25	27.810
563.70	27.976
564.16	28.175
564.61	28.403
565.06	28.658
565.52	28.933
565.97	29.234
566.43	29.562
566.88	29.909
567.34	30.278
567.79	30.660
568.24	31.061
568.70	31.481
569.15	31.903
569.61	32.344
570.06	32.794
570.51	33.261
570.97	33.728
571.42	34.193
571.88	34.678
572.33	35.165
572.78	35.644
573.24	36.127
573.69	36.603
574.15	37.078
574.60	37.542
575.05	38.007
575.51	38.461
575.96	38.910
576.42	39.360
576.87	39.791
577.32	40.218
577.78	40.625
578.23	41.019
578.68	41.403
579.14	41.772
579.59	42.120
580.04	42.439
580.50	42.741
580.95	43.034
581.40	43.295
581.86	43.543
582.31	43.774
582.76	43.993
583.22	44.190
583.67	44.363
584.12	44.522
584.58	44.646
585.03	44.752
585.48	44.822
585.94	44.852
586.39	44.862
586.84	44.864
587.30	44.853
587.75	44.811
588.20	44.754
588.66	44.679
589.11	44.586
589.56	44.480
590.01	44.354
590.47	44.203
590.92	44.043
591.37	43.857
591.83	43.645
592.28	43.417
592.73	43.177
593.18	42.917
593.64	42.643
594.09	42.357
594.54	42.066
594.99	41.771
595.45	41.468
595.90	41.154
596.35	40.821
596.80	40.474
597.26	40.125
597.71	39.764
598.16	39.395
598.61	39.022
599.07	38.641
599.52	38.261
599.97	37.882
600.42	37.499
600.88	37.115
601.33	36.742
601.78	36.371
602.23	35.997
602.69	35.633
603.14	35.275
603.59	34.930
604.04	34.585
604.49	34.248
604.95	33.924
605.40	33.626
605.85	33.345
606.30	33.069
606.75	32.814
607.21	32.579
607.66	32.361
608.11	32.161
608.56	31.984
609.01	31.826
609.46	31.685
609.92	31.568
610.37	31.475
610.82	31.405
611.27	31.360
611.72	31.336
612.17	31.335
612.63	31.358
613.08	31.395
613.53	31.459
613.98	31.555
614.43	31.676
614.88	31.809
615.34	31.960
615.79	32.131
616.24	32.320
616.69	32.527
617.14	32.754
617.59	32.999
618.04	33.262
618.49	33.540
618.95	33.831
619.40	34.135
619.85	34.462
620.30	34.798
620.75	35.131
621.20	35.482
621.65	35.848
622.10	36.220
622.55	36.602
623.00	36.989
623.46	37.380
623.91	37.767
624.36	38.160
624.81	38.545
625.26	38.942
625.71	39.335
626.16	39.736
626.61	40.133
627.06	40.528
627.51	40.920
627.96	41.301
628.41	41.684
628.86	42.059
629.32	42.422
629.77	42.779
630.22	43.133
630.67	43.477
631.12	43.808
631.57	44.139
632.02	44.458
632.47	44.768
632.92	45.072
633.37	45.371
633.82	45.648
634.27	45.920
634.72	46.178
635.17	46.419
635.62	46.636
636.07	46.840
636.52	47.024
636.97	47.197
637.42	47.356
637.87	47.503
638.32	47.634
638.77	47.757
639.22	47.864
639.67	47.956
640.12	48.035
640.57	48.100
641.02	48.139
641.47	48.165
641.92	48.176
642.37	48.162
642.82	48.115
643.27	48.063
643.72	47.998
644.17	47.917
644.62	47.828
645.07	47.729
645.52	47.622
645.97	47.505
646.42	47.366
646.87	47.222
647.32	47.082
647.77	46.936
648.22	46.769
648.66	46.588
649.11	46.384
649.56	46.161
650.01	45.928
650.46	45.696
650.91	45.465
651.36	45.205
651.81	44.933
652.26	44.680
652.71	44.404
653.16	44.118
653.61	43.829
654.06	43.531
654.50	43.221
654.95	42.901
655.40	42.575
655.85	42.247
656.30	41.917
656.75	41.567
657.20	41.209
657.65	40.851
658.10	40.491
658.55	40.157
658.99	39.824
659.44	39.495
659.89	39.161
660.34	38.816
660.79	38.483
661.24	38.164
661.69	37.841
662.13	37.533
662.58	37.222
663.03	36.918
663.48	36.625
663.93	36.342
664.38	36.064
664.83	35.799
665.27	35.538
665.72	35.281
666.17	35.038
666.62	34.804
667.07	34.577
667.52	34.366
667.96	34.147
668.41	33.938
668.86	33.748
669.31	33.574
669.76	33.420
670.21	33.277
670.65	33.153
671.10	33.039
671.55	32.940
672.00	32.860
672.45	32.790
672.89	32.738
673.34	32.696
673.79	32.667
674.24	32.653
674.68	32.656
675.13	32.674
675.58	32.708
676.03	32.757
676.48	32.816
676.92	32.886
677.37	32.978
677.82	33.091
678.27	33.205
678.71	33.324
679.16	33.458
679.61	33.606
680.06	33.761
680.50	33.928
680.95	34.111
681.40	34.308
681.85	34.507
682.29	34.713
682.74	34.937
683.19	35.165
683.64	35.405
684.08	35.655
684.53	35.915
684.98	36.189
685.43	36.473
685.87	36.761
686.32	37.053
686.77	37.341
687.21	37.621
687.66	37.924
688.11	38.234
688.55	38.537
689.00	38.842
689.45	39.167
689.90	39.492
690.34	39.804
690.79	40.114
691.24	40.434
691.68	40.753
692.13	41.056
692.58	41.354
693.02	41.660
693.47	41.961
693.92	42.245
694.36	42.517
694.81	42.797
695.26	43.079
695.70	43.349
696.15	43.618
696.60	43.898
697.04	44.164
697.49	44.409
697.94	44.640
698.38	44.881
698.83	45.110
699.27	45.336
699.72	45.543
700.17	45.756
700.61	45.958
701.06	46.156
701.51	46.353
701.95	46.552
702.40	46.748
702.84	46.927
703.29	47.104
703.74	47.271
704.18	47.419
704.63	47.555
705.07	47.683
705.52	47.807
705.97	47.917
706.41	48.006
706.86	48.091
707.30	48.190
707.75	48.282
708.20	48.350
708.64	48.397
709.09	48.436
709.53	48.466
709.98	48.489
710.42	48.475
710.87	48.449
711.32	48.421
711.76	48.361
712.21	48.311
712.65	48.255
713.10	48.193
713.54	48.120
713.99	48.046
714.43	47.967
714.88	47.867
715.33	47.735
715.77	47.615
716.22	47.504
716.66	47.365
717.11	47.210
717.55	47.061
718.00	46.912
718.44	46.757
718.89	46.577
719.33	46.404
719.78	46.256
720.22	46.093
720.67	45.916
721.11	45.744
721.56	45.563
722.00	45.356
722.45	45.140
722.89	44.925
723.34	44.711
723.78	44.513
724.23	44.307
724.67	44.106
725.12	43.891
725.56	43.662
726.01	43.434
726.45	43.192
726.90	42.933
727.34	42.669
727.78	42.422
728.23	42.167
728.67	41.899
729.12	41.622
729.56	41.363
730.01	41.088
730.45	40.796
730.90	40.496
731.34	40.236
731.79	39.971
732.23	39.700
732.67	39.408
733.12	39.102
733.56	38.829
734.01	38.565
734.45	38.286
734.89	38.020
735.34	37.769
735.78	37.529
736.23	37.283
736.67	37.035
737.12	36.786
737.56	36.556
738.00	36.329
738.45	36.106
738.89	35.885
739.34	35.697
739.78	35.536
740.22	35.370
740.67	35.186
741.11	35.004
741.55	34.838
742.00	34.682
742.44	34.524
742.89	34.356
743.33	34.207
743.77	34.087
744.22	33.969
744.66	33.836
745.10	33.705
745.55	33.586
745.99	33.495
746.43	33.412
746.88	33.335
747.32	33.255
747.76	33.193
748.21	33.159
748.65	33.113
749.09	33.055
749.54	33.001
749.98	32.977
750.42	32.975
750.87	32.959
751.31	32.945
751.75	32.963
752.20	33.004
752.64	33.053
753.08	33.098
753.53	33.137
753.97	33.208
754.41	33.290
754.85	33.386
755.30	33.474
755.74	33.576
756.18	33.700
756.63	33.847
757.07	33.998
757.51	34.121
757.95	34.258
758.40	34.418
758.84	34.584
759.28	34.751
759.72	34.915
760.17	35.095
760.61	35.295
761.05	35.497
761.50	35.686
761.94	35.864
762.38	36.047
762.82	36.270
763.26	36.488
763.71	36.702
764.15	36.916
764.59	37.123
765.03	37.327
765.48	37.527
765.92	37.716
766.36	37.897
766.80	38.110
767.25	38.326
767.69	38.543
768.13	38.783
768.57	39.030
769.01	39.269
769.46	39.506
769.90	39.754
770.34	39.986
770.78	40.213
771.22	40.466
771.67	40.739
772.11	40.992
772.55	41.240
772.99	41.465
773.43	41.686
773.87	41.946
774.32	42.203
774.76	42.441
775.20	42.679
775.64	42.927
776.08	43.188
776.52	43.436
776.97	43.677
777.41	43.899
777.85	44.111
778.29	44.337
778.73	44.577
779.17	44.815
779.62	45.043
780.06	45.266
780.50	45.478
780.94	45.676
781.38	45.866
781.82	46.045
782.26	46.255
782.70	46.465
783.15	46.659
783.59	46.844
784.03	47.023
784.47	47.198
784.91	47.344
785.35	47.471
785.79	47.609
786.23	47.747
786.67	47.876
787.11	47.992
787.56	48.101
788.00	48.203
788.44	48.292
788.88	48.386
789.32	48.480
789.76	48.573
790.20	48.658
790.64	48.741
791.08	48.836
791.52	48.907
791.96	48.959
792.40	49.003
792.84	49.064
793.28	49.146
793.73	49.227
794.17	49.297
794.61	49.349
795.05	49.399
795.49	49.418
795.93	49.435
796.37	49.434
796.81	49.437
797.25	49.460
797.69	49.453
798.13	49.426
798.57	49.407
799.01	49.374
799.45	49.316
799.89	49.236
800.33	49.164
800.77	49.112
801.21	49.064
801.65	48.983
802.09	48.886
802.53	48.785
802.97	48.667
803.41	48.569
803.85	48.482
804.29	48.386
804.73	48.317
805.17	48.218
805.61	48.117
806.05	48.007
806.49	47.851
806.93	47.717
807.37	47.601
807.81	47.489
808.25	47.359
808.69	47.213
809.13	47.087
809.57	46.949
810.01	46.788
810.44	46.615
810.88	46.454
811.32	46.300
811.76	46.136
812.20	45.967
812.64	45.787
813.08	45.594
813.52	45.380
813.96	45.144
814.40	44.947
814.84	44.769
815.28	44.581
815.72	44.399
816.16	44.200
816.59	44.007
817.03	43.800
817.47	43.608
817.91	43.442
818.35	43.268
818.79	43.090
819.23	42.901
819.67	42.712
820.11	42.537
820.54	42.334
820.98	42.106
821.42	41.900
821.86	41.684
822.30	41.478
822.74	41.286
823.18	41.091
823.62	40.885
824.05	40.667
824.49	40.465
824.93	40.268
825.37	40.094
825.81	39.916
826.25	39.710
826.69	39.469
827.12	39.229
827.56	39.002
828.00	38.767
828.44	38.562
828.88	38.358
829.32	38.142
829.75	37.938
830.19	37.743
830.63	37.540
831.07	37.347
831.51	37.141
831.94	36.926
832.38	36.730
832.82	36.549
833.26	36.385
833.70	36.220
834.13	36.060
834.57	35.893
835.01	35.718
835.45	35.572
835.89	35.452
836.32	35.340
836.76	35.200
837.20	35.054
837.64	34.923
838.08	34.815
838.51	34.731
838.95	34.642
839.39	34.568
839.83	34.503
840.26	34.438
840.70	34.376
841.14	34.323
841.58	34.275
842.01	34.232
842.45	34.180
842.89	34.131
843.33	34.077
843.76	34.030
844.20	33.983
844.64	33.940
845.08	33.909
845.51	33.869
845.95	33.852
846.39	33.850
846.82	33.841
847.26	33.818
847.70	33.766
848.14	33.739
848.57	33.732
849.01	33.728
849.45	33.716
849.88	33.714
850.32	33.740
850.76	33.768
851.19	33.808
851.63	33.862
852.07	33.916
852.50	33.983
852.94	34.018
853.38	34.067
853.81	34.128
854.25	34.202
854.69	34.283
855.12	34.375
855.56	34.480
856.00	34.588
856.43	34.710
856.87	34.845
857.31	34.994
857.74	35.135
858.18	35.252
858.62	35.372
859.05	35.510
859.49	35.631
859.93	35.751
860.36	35.867
860.80	35.993
861.24	36.127
861.67	36.249
862.11	36.388
862.54	36.531
862.98	36.696
863.42	36.861
863.85	37.026
864.29	37.197
864.72	37.386
865.16	37.542
865.60	37.692
866.03	37.861
866.47	38.011
866.90	38.151
867.34	38.323
867.78	38.535
868.21	38.759
868.65	38.984
869.08	39.207
869.52	39.410
869.95	39.608
870.39	39.794
870.83	39.987
871.26	40.226
871.70	40.488
872.13	40.713
872.57	40.931
873.00	41.139
873.44	41.334
873.87	41.502
874.31	41.675
874.75	41.866
875.18	42.063
875.62	42.255
876.05	42.442
876.49	42.655
876.92	42.896
877.36	43.124
877.79	43.337
878.23	43.537
878.66	43.760
879.10	43.985
879.53	44.200
879.97	44.415
880.40	44.612
880.84	44.793
881.27	44.961
881.71	45.125
882.14	45.317
882.58	45.509
883.01	45.685
883.45	45.905
883.88	46.114
884.32	46.285
884.75	46.456
885.19	46.653
885.62	46.840
886.06	47.007
886.49	47.156
886.92	47.311
887.36	47.493
887.79	47.652
888.23	47.776
888.66	47.924
889.10	48.070
889.53	48.199
889.97	48.304
890.40	48.416
890.83	48.535
891.27	48.638
891.70	48.753
892.14	48.893
892.57	49.035
893.01	49.206
893.44	49.362
893.87	49.517
894.31	49.695
894.74	49.849
895.18	49.938
895.61	50.021
896.04	50.101
896.48	50.174
896.91	50.231
897.35	50.264
897.78	50.328
898.21	50.412
898.65	50.493
899.08	50.588
899.52	50.682
899.95	50.780
900.38	50.882
900.82	50.981
901.25	51.097
901.68	51.193
902.12	51.242
902.55	51.308
902.99	51.408
903.42	51.475
903.85	51.528
904.29	51.600
904.72	51.661
905.15	51.734
905.59	51.777
906.02	51.834
906.45	51.927
906.89	51.998
907.32	52.044
907.75	52.085
908.19	52.104
908.62	52.136
909.05	52.143
909.49	52.111
909.92	52.071
910.35	52.020
910.78	51.937
911.22	51.830
911.65	51.729
912.08	51.621
912.52	51.535
912.95	51.434
913.38	51.321
913.82	51.242
914.25	51.180
914.68	51.099
915.11	51.031
915.55	50.955
915.98	50.880
916.41	50.771
916.84	50.664
917.28	50.587
917.71	50.508
918.14	50.429
918.58	50.356
919.01	50.264
919.44	50.187
919.87	50.104
920.31	50.048
920.74	50.030
921.17	49.952
921.60	49.844
922.03	49.727
922.47	49.640
922.90	49.518
923.33	49.357
923.76	49.221
924.20	49.100
924.63	49.015
925.06	48.876
925.49	48.714
925.92	48.574
926.36	48.443
926.79	48.284
927.22	48.118
927.65	47.981
928.08	47.859
928.52	47.692
928.95	47.515
929.38	47.354
929.81	47.192
930.24	47.037
930.68	46.847
931.11	46.698
931.54	46.553
931.97	46.433
932.40	46.292
932.83	46.167
933.27	46.024
933.70	45.817
934.13	45.611
934.56	45.471
934.99	45.327
935.42	45.155
935.85	44.952
936.29	44.785
936.72	44.646
937.15	44.466
937.58	44.293
938.01	44.157
938.44	44.006
938.87	43.812
939.31	43.638
939.74	43.501
940.17	43.359
940.60	43.184
941.03	42.979
941.46	42.820
941.89	42.666
942.32	42.491
942.75	42.310
943.18	42.151
943.62	42.013
944.05	41.809
944.48	41.537
944.91	41.341
945.34	41.147
945.77	40.937
946.20	40.726
946.63	40.506
947.06	40.315
947.49	40.123
947.92	39.919
948.35	39.672
948.78	39.430
949.22	39.217
949.65	38.969
950.08	38.729
950.51	38.519
950.94	38.295
951.37	38.040
951.80	37.864
952.23	37.704
952.66	37.536
953.09	37.382
953.52	37.279
953.95	37.178
954.38	37.063
954.81	36.892
955.24	36.733
955.67	36.613
956.10	36.475
956.53	36.302
956.96	36.142
957.39	36.069
957.82	35.986
958.25	35.849
958.68	35.732
959.11	35.633
959.54	35.518
959.97	35.394
960.40	35.315
960.83	35.209
961.26	35.117
961.69	34.987
962.12	34.842
962.55	34.685
962.98	34.563
963.41	34.429
963.84	34.307
964.27	34.226
964.70	34.153
965.13	34.062
965.56	33.969
965.99	33.899
966.42	33.825
966.84	33.753
967.27	33.654
967.70	33.609
968.13	33.584
968.56	33.523
968.99	33.440
969.42	33.368
969.85	33.346
970.28	33.235
970.71	33.088
971.14	33.024
971.57	33.038
972.00	33.013
972.42	32.933
972.85	32.874
973.28	32.858
973.71	32.787
974.14	32.678
974.57	32.651
975.00	32.645
975.43	32.605
975.86	32.528
976.28	32.509
976.71	32.495
977.14	32.460
977.57	32.395
978.00	32.381
978.43	32.390
978.86	32.372
979.29	32.384
979.71	32.401
980.14	32.452
980.57	32.481
981.00	32.415
981.43	32.406
981.86	32.464
982.28	32.495
982.71	32.500
983.14	32.484
983.57	32.494
984.00	32.546
984.43	32.576
984.85	32.601
985.28	32.679
985.71	32.757
986.14	32.793
986.57	32.838
986.99	32.900
987.42	32.960
987.85	32.932
988.28	32.911
988.71	32.988
989.13	33.108
989.56	33.125
989.99	33.167
990.42	33.326
990.85	33.477
991.27	33.580
991.70	33.639
992.13	33.764
992.56	33.923
992.98	33.963
993.41	33.955
993.84	34.059
994.27	34.149
994.70	34.209
995.12	34.248
995.55	34.325
995.98	34.508
996.41	34.626
996.83	34.715
997.26	34.923
997.69	35.126
998.11	35.164
998.54	35.237
998.97	35.355
999.40	35.556
999.82	35.657
1000.25	35.687
1000.68	35.876
1001.11	36.055
1001.53	36.145
1001.96	36.216
1002.39	36.341
1002.81	36.565
1003.24	36.703
1003.67	36.757
1004.09	36.880
1004.52	37.070
1004.95	37.172
1005.38	37.189
1005.80	37.275
1006.23	37.455
1006.66	37.577
1007.08	37.627
1007.51	37.715
1007.94	37.939
1008.36	37.949
1008.79	37.950
1009.22	37.915
1009.64	38.057
1010.07	38.268
1010.50	38.262
1010.92	38.341
1011.35	38.542
1011.77	38.636
1012.20	38.656
1012.63	38.722
1013.05	38.875
1013.48	38.911
1013.91	38.818
1014.33	38.830
1014.76	38.973
1015.19	39.088
1015.61	39.014
1016.04	39.055
1016.46	39.296
1016.89	39.379
1017.32	39.378
1017.74	39.314
1018.17	39.515
1018.59	39.644
1019.02	39.616
1019.45	39.669
1019.87	39.735
1020.30	39.902
1020.72	39.934
1021.15	39.984
1021.58	40.158
1022.00	40.323
1022.43	40.486
1022.85	40.585
1023.28	40.855
1023.70	41.032
1024.13	41.051
1024.55	41.124
1024.98	41.231
1025.41	41.337
1025.83	41.394
1026.26	41.459
1026.68	41.583
1027.11	41.808
1027.53	41.763
1027.96	41.593
1028.38	41.670
1028.81	41.945
1029.23	41.990
1029.66	41.818
1030.08	41.853
1030.51	42.076
1030.94	42.188
1031.36	42.145
1031.79	42.201
1032.21	42.433
1032.64	42.553
1033.06	42.318
1033.49	42.349
1033.91	42.482
1034.34	42.572
1034.76	42.381
1035.19	42.307
1035.61	42.549
1036.03	42.590
1036.46	42.348
1036.88	42.311
1037.31	42.293
1037.73	42.290
1038.16	42.022
1038.58	41.959
1039.01	42.140
1039.43	42.193
1039.86	42.013
1040.28	41.859
1040.71	42.037
1041.13	42.051
1041.55	41.780
1041.98	41.646
1042.40	41.850
1042.83	41.991
1043.25	41.649
1043.68	41.455
1044.10	41.560
1044.52	41.835
1044.95	41.638
1045.37	41.459
1045.80	41.646
1046.22	42.077
1046.65	42.055
1047.07	41.860
1047.49	42.082
1047.92	42.036
1048.34	41.821
1048.77	41.697
1049.19	41.698
1049.61	41.515
1050.04	41.279
1050.46	40.996
1050.89	41.107
1051.31	41.037
1051.73	40.773
1052.16	40.373
1052.58	40.441
1053.00	40.278
1053.43	39.811
1053.85	39.220
1054.27	39.229
1054.70	39.364
1055.12	39.074
1055.55	38.158
1055.97	38.104
1056.39	38.110
1056.82	38.063
1057.24	37.480
1057.66	37.252
1058.09	37.290
1058.51	37.286
1058.93	36.317
1059.36	36.280
1059.78	36.046
1060.20	35.928
1060.62	35.508
1061.05	35.352
1061.47	35.692
1061.89	35.644
1062.32	34.964
1062.74	34.953
1063.16	35.051
1063.59	34.592
1064.01	33.853
1064.43	33.523
1064.85	33.851
1065.28	34.039
1065.70	33.189
1066.12	32.488
1066.55	32.378
1066.97	32.729
1067.39	32.250
1067.81	31.751
1068.24	31.746
1068.66	32.215
1069.08	31.145
1069.50	30.170
1069.93	30.156
1070.35	30.156
1070.77	29.642
1071.19	28.596
1071.62	28.647
1072.04	28.645
1072.46	28.070
1072.88	27.124
1073.31	27.388
1073.73	26.920
1074.15	25.347
1074.57	24.131
1075.00	24.368
1075.42	24.120
1075.84	22.229
1076.26	20.382
1076.68	20.528
1077.11	20.522
1077.53	19.315
1077.95	18.201
1078.37	17.932
1078.79	17.720
1079.22	16.345
1079.64	14.904
1080.06	14.726
1080.48	15.078
1080.90	14.148
1081.32	12.765
1081.75	12.473
1082.17	12.132
1082.59	10.660
1083.01	8.953
1083.43	8.563
1083.85	8.306
1084.28	7.409
1084.70	5.527
1085.12	5.304
1085.54	5.001
1085.96	3.285
1086.38	1.252
1086.80	0.918
1087.23	2.039
1087.65	1.203
1088.07	-0.783
1088.49	-3.079
1088.91	-1.853
1089.33	-3.597
1089.75	-6.310
1090.17	-7.763
1090.60	-7.854
1091.02	-9.434
1091.44	-11.075
1091.86	-11.717
1092.28	-12.272
1092.70	-13.499
1093.12	-17.445
1093.54	-20.722
1093.96	-20.289
1094.38	-20.511
1094.81	-25.291
1095.23	-29.229
1095.65	-30.925
1096.07	-32.012
1096.49	-37.189
1096.91	-41.522
1097.33	-40.724
1097.75	-43.179
1098.17	-48.194
1098.59	-52.300
1099.01	-50.883
1099.43	-50.494
1099.85	-55.049
1100.27	-60.677
1100.69	-62.878
1101.11	-61.902
1101.53	-65.328
1101.95	-67.458
1102.38	-44.042
1102.80	-202.305
1103.22	-25.872
1103.64	17.752
1104.06	-137.968
1104.48	-139.568
1104.90	-139.018
1105.32	-12.989
1105.74	-48.451
1106.16	-162.560
