188.40	-343.239
188.88	-508.355
189.35	722.563
189.83	1804.348
190.30	-2031.373
190.78	-430.288
191.26	-486.473
191.73	1764.151
192.21	-2624.638
192.68	-368.511
193.16	-1677.778
193.63	-1970.914
194.11	-2089.373
194.58	-1900.182
195.06	-1586.974
195.53	-1048.502
196.01	-864.600
196.48	-767.626
196.96	-643.230
197.43	-545.160
197.91	-491.056
198.38	-437.901
198.86	-366.305
199.33	-313.438
199.81	-300.430
200.28	-287.748
200.76	-259.298
201.23	-235.981
201.71	-214.665
202.18	-202.760
202.66	-187.488
203.13	-176.065
203.61	-167.770
204.08	-157.339
204.55	-147.924
205.03	-135.954
205.50	-134.930
205.98	-135.552
206.45	-134.088
206.93	-129.944
207.40	-130.068
207.88	-128.354
208.35	-125.770
208.82	-130.372
209.30	-132.477
209.77	-133.148
210.25	-131.905
210.72	-132.221
211.20	-134.961
211.67	-132.155
212.14	-130.865
212.62	-129.463
213.09	-125.628
213.57	-122.554
214.04	-122.317
214.52	-120.356
214.99	-118.604
215.46	-120.072
215.94	-121.698
216.41	-119.185
216.89	-117.122
217.36	-114.600
217.83	-114.981
218.31	-116.254
218.78	-111.760
219.25	-110.961
219.73	-110.958
220.20	-113.233
220.68	-108.017
221.15	-108.549
221.62	-109.891
222.10	-111.015
222.57	-107.967
223.04	-108.579
223.52	-112.550
223.99	-115.224
224.47	-114.633
224.94	-118.150
225.41	-117.678
225.89	-116.601
226.36	-117.205
226.83	-121.188
227.31	-125.872
227.78	-126.862
228.25	-122.332
228.73	-122.351
229.20	-121.462
229.67	-125.422
230.15	-122.633
230.62	-124.662
231.09	-126.986
231.57	-128.973
232.04	-124.938
232.51	-124.921
232.98	-127.527
233.46	-124.195
233.93	-122.312
234.40	-121.508
234.88	-119.487
235.35	-121.322
235.82	-118.169
236.30	-115.037
236.77	-115.352
237.24	-117.722
237.71	-115.962
238.19	-116.537
238.66	-116.277
239.13	-118.512
239.61	-115.303
240.08	-114.202
240.55	-112.308
241.02	-109.244
241.50	-105.503
241.97	-106.065
242.44	-107.254
242.91	-106.187
243.39	-106.012
243.86	-105.107
244.33	-106.009
244.80	-108.766
245.28	-108.776
245.75	-107.530
246.22	-110.579
246.69	-109.932
247.17	-106.010
247.64	-106.391
248.11	-107.926
248.58	-109.510
249.05	-109.034
249.53	-106.767
250.00	-108.268
250.47	-112.873
250.94	-115.568
251.42	-117.049
251.89	-113.134
252.36	-113.232
252.83	-113.660
253.30	-109.561
253.78	-106.805
254.25	-107.492
254.72	-107.135
255.19	-105.522
255.66	-105.866
256.13	-106.929
256.61	-104.871
257.08	-104.079
257.55	-103.513
258.02	-102.534
258.49	-103.591
258.97	-104.449
259.44	-106.378
259.91	-106.178
260.38	-104.616
260.85	-101.537
261.32	-100.934
261.79	-101.732
262.27	-102.348
262.74	-99.978
263.21	-100.371
263.68	-103.880
264.15	-106.660
264.62	-107.005
265.09	-107.835
265.57	-109.285
266.04	-109.613
266.51	-111.163
266.98	-113.244
267.45	-113.923
267.92	-116.518
268.39	-113.101
268.86	-111.914
269.34	-106.317
269.81	-106.850
270.28	-108.591
270.75	-103.819
271.22	-104.697
271.69	-104.364
272.16	-102.239
272.63	-102.734
273.10	-103.028
273.57	-102.329
274.05	-99.611
274.52	-95.332
274.99	-92.737
275.46	-93.353
275.93	-92.820
276.40	-93.224
276.87	-90.777
277.34	-91.521
277.81	-91.281
278.28	-92.213
278.75	-93.491
279.22	-96.873
279.69	-97.411
280.16	-94.740
280.63	-95.022
281.11	-96.352
281.58	-99.063
282.05	-98.401
282.52	-96.471
282.99	-96.780
283.46	-97.563
283.93	-95.758
284.40	-97.360
284.87	-99.111
285.34	-98.439
285.81	-97.699
286.28	-95.599
286.75	-92.902
287.22	-93.257
287.69	-91.969
288.16	-88.974
288.63	-86.491
289.10	-86.307
289.57	-83.404
290.04	-80.403
290.51	-81.502
290.98	-81.026
291.45	-80.337
291.92	-81.853
292.39	-83.269
292.86	-84.780
293.33	-84.275
293.80	-84.105
294.27	-84.219
294.74	-84.658
295.21	-82.930
295.68	-80.474
296.15	-82.085
296.62	-85.034
297.09	-82.718
297.56	-80.942
298.03	-80.682
298.49	-80.698
298.96	-80.862
299.43	-80.232
299.90	-83.469
300.37	-83.286
300.84	-82.356
301.31	-80.363
301.78	-77.720
302.25	-77.447
302.72	-75.509
303.19	-73.842
303.66	-71.720
304.13	-71.810
304.60	-71.369
305.07	-69.650
305.53	-68.012
306.00	-67.380
306.47	-66.947
306.94	-66.425
307.41	-66.651
307.88	-67.623
308.35	-68.942
308.82	-67.202
309.29	-66.594
309.76	-65.556
310.22	-66.023
310.69	-66.371
311.16	-65.233
311.63	-64.909
312.10	-64.461
312.57	-63.722
313.04	-62.792
313.51	-62.908
313.97	-62.126
314.44	-61.072
314.91	-62.480
315.38	-63.594
315.85	-61.592
316.32	-60.482
316.79	-59.125
317.25	-59.433
317.72	-60.519
318.19	-59.509
318.66	-58.137
319.13	-57.983
319.60	-58.384
320.07	-58.322
320.53	-55.162
321.00	-55.043
321.47	-55.097
321.94	-55.238
322.41	-55.085
322.87	-54.272
323.34	-55.681
323.81	-54.288
324.28	-52.955
324.75	-51.386
325.22	-51.039
325.68	-52.262
326.15	-51.383
326.62	-51.003
327.09	-49.406
327.56	-48.193
328.02	-46.193
328.49	-47.141
328.96	-47.215
329.43	-47.645
329.89	-47.902
330.36	-48.228
330.83	-48.970
331.30	-49.403
331.77	-47.789
332.23	-47.056
332.70	-46.654
333.17	-46.254
333.64	-46.303
334.10	-44.790
334.57	-44.531
335.04	-44.066
335.51	-42.842
335.97	-42.206
336.44	-41.624
336.91	-42.460
337.38	-42.147
337.84	-42.146
338.31	-40.960
338.78	-40.528
339.24	-38.555
339.71	-35.685
340.18	-33.899
340.65	-32.112
341.11	-30.543
341.58	-29.850
342.05	-28.926
342.52	-28.510
342.98	-27.325
343.45	-26.278
343.92	-26.060
344.38	-25.881
344.85	-25.699
345.32	-24.665
345.78	-24.261
346.25	-23.475
346.72	-22.371
347.18	-20.898
347.65	-20.087
348.12	-19.863
348.58	-19.201
349.05	-18.381
349.52	-18.160
349.99	-18.272
350.45	-18.185
350.92	-17.338
351.38	-16.813
351.85	-16.380
352.32	-15.549
352.78	-14.666
353.25	-13.673
353.72	-13.478
354.18	-13.125
354.65	-12.190
355.12	-11.731
355.58	-11.038
356.05	-10.698
356.52	-9.969
356.98	-9.444
357.45	-8.878
357.91	-8.559
358.38	-8.177
358.85	-7.922
359.31	-7.540
359.78	-7.367
360.25	-7.055
360.71	-6.737
361.18	-6.270
361.64	-6.221
362.11	-5.932
362.58	-5.827
363.04	-5.871
363.51	-5.425
363.97	-5.020
364.44	-4.766
364.91	-4.462
365.37	-4.360
365.84	-4.078
366.30	-4.087
366.77	-4.055
367.23	-3.939
367.70	-3.641
368.17	-3.384
368.63	-3.030
369.10	-3.024
369.56	-2.814
370.03	-2.554
370.49	-2.523
370.96	-2.480
371.42	-2.316
371.89	-2.203
372.36	-1.929
372.82	-1.942
373.29	-1.840
373.75	-1.624
374.22	-1.424
374.68	-1.275
375.15	-1.174
375.61	-1.066
376.08	-0.845
376.54	-0.741
377.01	-0.657
377.47	-0.533
377.94	-0.360
378.40	-0.337
378.87	-0.172
379.33	0.067
379.80	0.192
380.26	0.288
380.73	0.421
381.19	0.683
381.66	0.827
382.12	0.868
382.59	1.068
383.05	1.147
383.52	1.197
383.98	1.203
384.45	1.251
384.91	1.349
385.38	1.483
385.84	1.538
386.31	1.544
386.77	1.651
387.24	1.759
387.70	1.867
388.16	1.955
388.63	2.075
389.09	2.114
389.56	2.199
390.02	2.297
390.49	2.341
390.95	2.347
391.42	2.399
391.88	2.508
392.34	2.603
392.81	2.693
393.27	2.791
393.74	2.850
394.20	2.980
394.67	3.119
395.13	3.191
395.59	3.308
396.06	3.432
396.52	3.536
396.99	3.655
397.45	3.644
397.91	3.706
398.38	3.693
398.84	3.759
399.31	3.793
399.77	3.803
400.23	3.846
400.70	3.888
401.16	3.867
401.63	3.861
402.09	3.868
402.55	3.878
403.02	3.801
403.48	3.802
403.94	3.780
404.41	3.719
404.87	3.676
405.33	3.606
405.80	3.600
406.26	3.562
406.73	3.524
407.19	3.545
407.65	3.586
408.12	3.660
408.58	3.703
409.04	3.776
409.51	3.865
409.97	3.972
410.43	4.091
410.90	4.247
411.36	4.410
411.82	4.558
412.29	4.766
412.75	4.998
413.21	5.225
413.67	5.462
414.14	5.718
414.60	5.946
415.06	6.214
415.53	6.457
415.99	6.719
416.45	6.959
416.92	7.165
417.38	7.349
417.84	7.535
418.30	7.678
418.77	7.811
419.23	7.952
419.69	8.044
420.16	8.116
420.62	8.160
421.08	8.163
421.54	8.167
422.01	8.089
422.47	8.005
422.93	7.921
423.39	7.777
423.86	7.647
424.32	7.513
424.78	7.374
425.24	7.236
425.71	7.068
426.17	6.908
426.63	6.770
427.09	6.627
427.56	6.468
428.02	6.330
428.48	6.212
428.94	6.051
429.41	5.886
429.87	5.764
430.33	5.767
430.79	5.833
431.25	5.931
431.72	6.077
432.18	6.261
432.64	6.473
433.10	6.743
433.56	7.008
434.03	7.316
434.49	7.664
434.95	8.012
435.41	8.393
435.87	8.786
436.34	9.193
436.80	9.617
437.26	10.068
437.72	10.532
438.18	10.991
438.64	11.466
439.11	11.961
439.57	12.440
440.03	12.830
440.49	13.165
440.95	13.478
441.41	13.755
441.88	14.020
442.34	14.251
442.80	14.441
443.26	14.599
443.72	14.710
444.18	14.765
444.64	14.790
445.11	14.771
445.57	14.722
446.03	14.658
446.49	14.549
446.95	14.405
447.41	14.233
447.87	14.035
448.33	13.843
448.79	13.604
449.26	13.354
449.72	13.113
450.18	12.876
450.64	12.631
451.10	12.398
451.56	12.157
452.02	11.922
452.48	11.699
452.94	11.503
453.40	11.344
453.87	11.222
454.33	11.125
454.79	11.061
455.25	11.035
455.71	11.029
456.17	11.064
456.63	11.164
457.09	11.300
457.55	11.474
458.01	11.679
458.47	11.949
458.93	12.250
459.39	12.577
459.85	12.938
460.31	13.331
460.77	13.752
461.24	14.213
461.70	14.701
462.16	15.199
462.62	15.717
463.08	16.237
463.54	16.760
464.00	17.292
464.46	17.823
464.92	18.339
465.38	18.849
465.84	19.351
466.30	19.826
466.76	20.272
467.22	20.694
467.68	21.096
468.14	21.450
468.60	21.780
469.06	22.078
469.52	22.323
469.98	22.543
470.44	22.728
470.90	22.861
471.36	22.954
471.82	23.006
472.28	23.024
472.74	23.003
473.20	22.939
473.66	22.845
474.12	22.707
474.58	22.529
475.04	22.329
475.50	22.100
475.95	21.843
476.41	21.566
476.87	21.271
477.33	20.955
477.79	20.634
478.25	20.299
478.71	19.961
479.17	19.623
479.63	19.280
480.09	18.938
480.55	18.605
481.01	18.291
481.47	17.995
481.93	17.722
482.39	17.474
482.84	17.258
483.30	17.075
483.76	16.926
484.22	16.805
484.68	16.721
485.14	16.676
485.60	16.674
486.06	16.713
486.52	16.786
486.98	16.902
487.44	17.060
487.89	17.258
488.35	17.495
488.81	17.775
489.27	18.092
489.73	18.447
490.19	18.836
490.65	19.252
491.11	19.704
491.56	20.175
492.02	20.664
492.48	21.170
492.94	21.689
493.40	22.220
493.86	22.764
494.32	23.312
494.77	23.857
495.23	24.403
495.69	24.942
496.15	25.478
496.61	26.004
497.07	26.515
497.52	27.010
497.98	27.482
498.44	27.941
498.90	28.375
499.36	28.777
499.82	29.160
500.27	29.508
500.73	29.825
501.19	30.111
501.65	30.368
502.11	30.590
502.56	30.783
503.02	30.937
503.48	31.059
503.94	31.150
504.40	31.211
504.85	31.226
505.31	31.212
505.77	31.168
506.23	31.089
506.69	30.980
507.14	30.840
507.60	30.679
508.06	30.475
508.52	30.246
508.97	29.994
509.43	29.720
509.89	29.422
510.35	29.108
510.80	28.778
511.26	28.443
511.72	28.093
512.18	27.727
512.63	27.357
513.09	26.984
513.55	26.604
514.01	26.223
514.46	25.856
514.92	25.491
515.38	25.136
515.84	24.795
516.29	24.469
516.75	24.160
517.21	23.867
517.66	23.594
518.12	23.348
518.58	23.134
519.04	22.942
519.49	22.787
519.95	22.660
520.41	22.561
520.86	22.492
521.32	22.464
521.78	22.473
522.23	22.512
522.69	22.591
523.15	22.709
523.61	22.864
524.06	23.047
524.52	23.270
524.98	23.522
525.43	23.808
525.89	24.123
526.35	24.458
526.80	24.821
527.26	25.217
527.72	25.630
528.17	26.062
528.63	26.515
529.09	26.978
529.54	27.460
530.00	27.954
530.45	28.452
530.91	28.954
531.37	29.461
531.82	29.974
532.28	30.485
532.74	30.988
533.19	31.485
533.65	31.968
534.10	32.439
534.56	32.895
535.02	33.330
535.47	33.748
535.93	34.158
536.39	34.554
536.84	34.926
537.30	35.278
537.75	35.604
538.21	35.902
538.67	36.181
539.12	36.435
539.58	36.666
540.03	36.873
540.49	37.060
540.94	37.226
541.40	37.351
541.86	37.446
542.31	37.516
542.77	37.563
543.22	37.592
543.68	37.590
544.13	37.564
544.59	37.523
545.05	37.456
545.50	37.363
545.96	37.234
546.41	37.080
546.87	36.913
547.32	36.721
547.78	36.511
548.23	36.272
548.69	36.015
549.14	35.740
549.60	35.443
550.06	35.130
550.51	34.799
550.97	34.465
551.42	34.116
551.88	33.759
552.33	33.385
552.79	33.010
553.24	32.631
553.70	32.255
554.15	31.877
554.61	31.506
555.06	31.132
555.52	30.768
555.97	30.415
556.43	30.067
556.88	29.731
557.34	29.414
557.79	29.119
558.25	28.839
558.70	28.579
559.15	28.336
559.61	28.115
560.06	27.915
560.52	27.743
560.97	27.598
561.43	27.483
561.88	27.397
562.34	27.335
562.79	27.298
563.25	27.291
563.70	27.306
564.16	27.354
564.61	27.434
565.06	27.544
565.52	27.681
565.97	27.847
566.43	28.045
566.88	28.266
567.34	28.512
567.79	28.779
568.24	29.072
568.70	29.390
569.15	29.725
569.61	30.081
570.06	30.453
570.51	30.851
570.97	31.262
571.42	31.685
571.88	32.127
572.33	32.578
572.78	33.036
573.24	33.504
573.69	33.968
574.15	34.447
574.60	34.922
575.05	35.403
575.51	35.885
575.96	36.369
576.42	36.860
576.87	37.348
577.32	37.834
577.78	38.305
578.23	38.779
578.68	39.237
579.14	39.688
579.59	40.124
580.04	40.537
580.50	40.934
580.95	41.329
581.40	41.704
581.86	42.069
582.31	42.416
582.76	42.751
583.22	43.077
583.67	43.374
584.12	43.657
584.58	43.912
585.03	44.139
585.48	44.337
585.94	44.502
586.39	44.637
586.84	44.763
587.30	44.877
587.75	44.959
588.20	45.031
588.66	45.076
589.11	45.104
589.56	45.111
590.01	45.102
590.47	45.060
590.92	45.001
591.37	44.921
591.83	44.812
592.28	44.679
592.73	44.530
593.18	44.358
593.64	44.174
594.09	43.967
594.54	43.756
594.99	43.533
595.45	43.292
595.90	43.034
596.35	42.756
596.80	42.462
597.26	42.156
597.71	41.831
598.16	41.495
598.61	41.153
599.07	40.800
599.52	40.431
599.97	40.060
600.42	39.678
600.88	39.288
601.33	38.903
601.78	38.517
602.23	38.115
602.69	37.720
603.14	37.316
603.59	36.920
604.04	36.526
604.49	36.128
604.95	35.740
605.40	35.374
605.85	35.015
606.30	34.652
606.75	34.303
607.21	33.974
607.66	33.654
608.11	33.344
608.56	33.049
609.01	32.773
609.46	32.512
609.92	32.272
610.37	32.051
610.82	31.847
611.27	31.669
611.72	31.516
612.17	31.384
612.63	31.271
613.08	31.176
613.53	31.104
613.98	31.073
614.43	31.060
614.88	31.064
615.34	31.088
615.79	31.138
616.24	31.202
616.69	31.287
617.14	31.399
617.59	31.529
618.04	31.683
618.49	31.860
618.95	32.051
619.40	32.263
619.85	32.498
620.30	32.747
620.75	33.000
621.20	33.277
621.65	33.570
622.10	33.876
622.55	34.202
623.00	34.536
623.46	34.871
623.91	35.216
624.36	35.574
624.81	35.929
625.26	36.298
625.71	36.676
626.16	37.064
626.61	37.452
627.06	37.846
627.51	38.245
627.96	38.643
628.41	39.046
628.86	39.442
629.32	39.839
629.77	40.235
630.22	40.631
630.67	41.021
631.12	41.402
631.57	41.788
632.02	42.165
632.47	42.532
632.92	42.902
633.37	43.266
633.82	43.614
634.27	43.957
634.72	44.294
635.17	44.614
635.62	44.922
636.07	45.220
636.52	45.498
636.97	45.769
637.42	46.024
637.87	46.263
638.32	46.489
638.77	46.708
639.22	46.912
639.67	47.099
640.12	47.272
640.57	47.434
641.02	47.576
641.47	47.699
641.92	47.812
642.37	47.898
642.82	47.961
643.27	48.007
643.72	48.043
644.17	48.060
644.62	48.073
645.07	48.065
645.52	48.049
645.97	48.022
646.42	47.967
646.87	47.908
647.32	47.858
647.77	47.799
648.22	47.711
648.66	47.607
649.11	47.478
649.56	47.332
650.01	47.178
650.46	47.016
650.91	46.853
651.36	46.663
651.81	46.458
652.26	46.256
652.71	46.037
653.16	45.803
653.61	45.560
654.06	45.298
654.50	45.031
654.95	44.742
655.40	44.453
655.85	44.161
656.30	43.851
656.75	43.518
657.20	43.175
657.65	42.831
658.10	42.480
658.55	42.150
658.99	41.820
659.44	41.485
659.89	41.139
660.34	40.778
660.79	40.425
661.24	40.083
661.69	39.739
662.13	39.397
662.58	39.052
663.03	38.716
663.48	38.388
663.93	38.057
664.38	37.734
664.83	37.414
665.27	37.091
665.72	36.776
666.17	36.470
666.62	36.169
667.07	35.874
667.52	35.595
667.96	35.303
668.41	35.017
668.86	34.744
669.31	34.483
669.76	34.249
670.21	34.021
670.65	33.804
671.10	33.597
671.55	33.405
672.00	33.234
672.45	33.075
672.89	32.923
673.34	32.784
673.79	32.662
674.24	32.545
674.68	32.446
675.13	32.365
675.58	32.297
676.03	32.249
676.48	32.211
676.92	32.185
677.37	32.182
677.82	32.196
678.27	32.218
678.71	32.254
679.16	32.297
679.61	32.357
680.06	32.431
680.50	32.512
680.95	32.625
681.40	32.745
681.85	32.860
682.29	32.999
682.74	33.155
683.19	33.318
683.64	33.498
684.08	33.700
684.53	33.907
684.98	34.132
685.43	34.366
685.87	34.609
686.32	34.859
686.77	35.111
687.21	35.363
687.66	35.636
688.11	35.920
688.55	36.204
689.00	36.489
689.45	36.791
689.90	37.107
690.34	37.410
690.79	37.715
691.24	38.037
691.68	38.358
692.13	38.667
692.58	38.980
693.02	39.300
693.47	39.611
693.92	39.919
694.36	40.211
694.81	40.517
695.26	40.824
695.70	41.121
696.15	41.419
696.60	41.731
697.04	42.031
697.49	42.317
697.94	42.588
698.38	42.880
698.83	43.164
699.27	43.440
699.72	43.693
700.17	43.955
700.61	44.205
701.06	44.453
701.51	44.707
701.95	44.958
702.40	45.204
702.84	45.441
703.29	45.676
703.74	45.901
704.18	46.115
704.63	46.317
705.07	46.514
705.52	46.706
705.97	46.887
706.41	47.044
706.86	47.193
707.30	47.359
707.75	47.515
708.20	47.653
708.64	47.763
709.09	47.868
709.53	47.967
709.98	48.069
710.42	48.136
710.87	48.178
711.32	48.215
711.76	48.236
712.21	48.255
712.65	48.263
713.10	48.276
713.54	48.265
713.99	48.253
714.43	48.240
714.88	48.203
715.33	48.137
715.77	48.081
716.22	48.031
716.66	47.960
717.11	47.865
717.55	47.771
718.00	47.680
718.44	47.583
718.89	47.464
719.33	47.346
719.78	47.240
720.22	47.128
720.67	47.005
721.11	46.880
721.56	46.745
722.00	46.589
722.45	46.415
722.89	46.248
723.34	46.073
723.78	45.905
724.23	45.736
724.67	45.566
725.12	45.379
725.56	45.177
726.01	44.971
726.45	44.759
726.90	44.527
727.34	44.284
727.78	44.057
728.23	43.819
728.67	43.557
729.12	43.294
729.56	43.036
730.01	42.764
730.45	42.472
730.90	42.176
731.34	41.914
731.79	41.649
732.23	41.371
732.67	41.073
733.12	40.761
733.56	40.475
734.01	40.198
734.45	39.903
734.89	39.619
735.34	39.351
735.78	39.083
736.23	38.805
736.67	38.530
737.12	38.257
737.56	37.991
738.00	37.726
738.45	37.465
738.89	37.212
739.34	36.986
739.78	36.786
740.22	36.579
740.67	36.348
741.11	36.117
741.55	35.900
742.00	35.699
742.44	35.487
742.89	35.270
743.33	35.062
743.77	34.886
744.22	34.711
744.66	34.516
745.10	34.325
745.55	34.148
745.99	33.995
746.43	33.847
746.88	33.700
747.32	33.550
747.76	33.422
748.21	33.318
748.65	33.199
749.09	33.070
749.54	32.945
749.98	32.847
750.42	32.772
750.87	32.687
751.31	32.601
751.75	32.557
752.20	32.532
752.64	32.511
753.08	32.487
753.53	32.453
753.97	32.453
754.41	32.467
754.85	32.496
755.30	32.524
755.74	32.556
756.18	32.624
756.63	32.722
757.07	32.817
757.51	32.884
757.95	32.970
758.40	33.072
758.84	33.190
759.28	33.309
759.72	33.427
760.17	33.559
760.61	33.718
761.05	33.870
761.50	34.010
761.94	34.151
762.38	34.298
762.82	34.486
763.26	34.668
763.71	34.846
764.15	35.024
764.59	35.196
765.03	35.370
765.48	35.537
765.92	35.696
766.36	35.852
766.80	36.039
767.25	36.245
767.69	36.449
768.13	36.673
768.57	36.902
769.01	37.135
769.46	37.368
769.90	37.596
770.34	37.819
770.78	38.046
771.22	38.295
771.67	38.567
772.11	38.820
772.55	39.072
772.99	39.311
773.43	39.546
773.87	39.813
774.32	40.086
774.76	40.345
775.20	40.596
775.64	40.866
776.08	41.150
776.52	41.406
776.97	41.664
777.41	41.901
777.85	42.138
778.29	42.383
778.73	42.636
779.17	42.899
779.62	43.157
780.06	43.412
780.50	43.653
780.94	43.886
781.38	44.112
781.82	44.332
782.26	44.575
782.70	44.818
783.15	45.045
783.59	45.270
784.03	45.489
784.47	45.703
784.91	45.891
785.35	46.069
785.79	46.250
786.23	46.427
786.67	46.593
787.11	46.755
787.56	46.903
788.00	47.050
788.44	47.186
788.88	47.337
789.32	47.479
789.76	47.618
790.20	47.747
790.64	47.888
791.08	48.033
791.52	48.153
791.96	48.256
792.40	48.355
792.84	48.463
793.28	48.589
793.73	48.721
794.17	48.839
794.61	48.941
795.05	49.045
795.49	49.119
795.93	49.185
796.37	49.238
796.81	49.295
797.25	49.361
797.69	49.400
798.13	49.414
798.57	49.426
799.01	49.437
799.45	49.419
799.89	49.377
800.33	49.339
800.77	49.319
801.21	49.307
801.65	49.273
802.09	49.218
802.53	49.156
802.97	49.088
803.41	49.039
803.85	48.988
804.29	48.918
804.73	48.886
805.17	48.841
805.61	48.776
806.05	48.702
806.49	48.593
806.93	48.507
807.37	48.426
807.81	48.363
808.25	48.276
808.69	48.183
809.13	48.089
809.57	47.982
810.01	47.864
810.44	47.727
810.88	47.599
811.32	47.471
811.76	47.332
812.20	47.180
812.64	47.020
813.08	46.852
813.52	46.667
813.96	46.460
814.40	46.279
814.84	46.113
815.28	45.949
815.72	45.786
816.16	45.607
816.59	45.431
817.03	45.232
817.47	45.047
817.91	44.883
818.35	44.723
818.79	44.563
819.23	44.388
819.67	44.207
820.11	44.030
820.54	43.825
820.98	43.610
821.42	43.404
821.86	43.180
822.30	42.956
822.74	42.764
823.18	42.564
823.62	42.349
824.05	42.132
824.49	41.921
824.93	41.721
825.37	41.522
825.81	41.320
826.25	41.107
826.69	40.859
827.12	40.593
827.56	40.333
828.00	40.090
828.44	39.863
828.88	39.640
829.32	39.398
829.75	39.181
830.19	38.963
830.63	38.732
831.07	38.516
831.51	38.295
831.94	38.059
832.38	37.832
832.82	37.625
833.26	37.430
833.70	37.239
834.13	37.043
834.57	36.837
835.01	36.639
835.45	36.446
835.89	36.286
836.32	36.139
836.76	35.972
837.20	35.786
837.64	35.609
838.08	35.453
838.51	35.328
838.95	35.197
839.39	35.076
839.83	34.963
840.26	34.851
840.70	34.750
841.14	34.649
841.58	34.559
842.01	34.467
842.45	34.381
842.89	34.275
843.33	34.163
843.76	34.080
844.20	33.991
844.64	33.915
845.08	33.832
845.51	33.748
845.95	33.682
846.39	33.637
846.82	33.575
847.26	33.506
847.70	33.424
848.14	33.349
848.57	33.298
849.01	33.257
849.45	33.215
849.88	33.175
850.32	33.153
850.76	33.132
851.19	33.124
851.63	33.116
852.07	33.127
852.50	33.150
852.94	33.140
853.38	33.136
853.81	33.154
854.25	33.177
854.69	33.222
855.12	33.278
855.56	33.328
856.00	33.395
856.43	33.483
856.87	33.576
857.31	33.681
857.74	33.770
858.18	33.849
858.62	33.928
859.05	34.018
859.49	34.106
859.93	34.189
860.36	34.280
860.80	34.379
861.24	34.476
861.67	34.566
862.11	34.674
862.54	34.788
862.98	34.914
863.42	35.053
863.85	35.191
864.29	35.321
864.72	35.466
865.16	35.605
865.60	35.736
866.03	35.883
866.47	36.011
866.90	36.147
867.34	36.308
867.78	36.496
868.21	36.702
868.65	36.915
869.08	37.142
869.52	37.338
869.95	37.520
870.39	37.705
870.83	37.910
871.26	38.141
871.70	38.389
872.13	38.606
872.57	38.824
873.00	39.021
873.44	39.223
873.87	39.399
874.31	39.585
874.75	39.773
875.18	39.952
875.62	40.155
876.05	40.354
876.49	40.566
876.92	40.803
877.36	41.028
877.79	41.235
878.23	41.426
878.66	41.641
879.10	41.865
879.53	42.099
879.97	42.319
880.40	42.520
880.84	42.724
881.27	42.925
881.71	43.105
882.14	43.296
882.58	43.497
883.01	43.707
883.45	43.926
883.88	44.141
884.32	44.341
884.75	44.533
885.19	44.745
885.62	44.938
886.06	45.117
886.49	45.298
886.92	45.494
887.36	45.708
887.79	45.896
888.23	46.080
888.66	46.248
889.10	46.398
889.53	46.547
889.97	46.687
890.40	46.832
890.83	46.976
891.27	47.126
891.70	47.279
892.14	47.445
892.57	47.613
893.01	47.801
893.44	47.987
893.87	48.177
894.31	48.368
894.74	48.544
895.18	48.674
895.61	48.789
896.04	48.889
896.48	48.953
896.91	49.033
897.35	49.092
897.78	49.160
898.21	49.272
898.65	49.391
899.08	49.511
899.52	49.622
899.95	49.746
900.38	49.865
900.82	49.994
901.25	50.121
901.68	50.238
902.12	50.338
902.55	50.427
902.99	50.533
903.42	50.607
903.85	50.695
904.29	50.792
904.72	50.884
905.15	50.961
905.59	51.060
906.02	51.174
906.45	51.294
906.89	51.398
907.32	51.488
907.75	51.569
908.19	51.609
908.62	51.657
909.05	51.680
909.49	51.681
909.92	51.677
910.35	51.654
910.78	51.605
911.22	51.533
911.65	51.488
912.08	51.407
912.52	51.368
912.95	51.305
913.38	51.247
913.82	51.192
914.25	51.155
914.68	51.115
915.11	51.061
915.55	51.005
915.98	50.966
916.41	50.906
916.84	50.831
917.28	50.781
917.71	50.721
918.14	50.694
918.58	50.659
919.01	50.578
919.44	50.496
919.87	50.440
920.31	50.424
920.74	50.401
921.17	50.339
921.60	50.248
922.03	50.161
922.47	50.068
922.90	49.951
923.33	49.830
923.76	49.717
924.20	49.591
924.63	49.485
925.06	49.353
925.49	49.191
925.92	49.046
926.36	48.922
926.79	48.779
927.22	48.647
927.65	48.517
928.08	48.381
928.52	48.262
928.95	48.108
929.38	47.927
929.81	47.753
930.24	47.616
930.68	47.461
931.11	47.313
931.54	47.161
931.97	47.043
932.40	46.924
932.83	46.798
933.27	46.668
933.70	46.482
934.13	46.319
934.56	46.199
934.99	46.047
935.42	45.874
935.85	45.717
936.29	45.523
936.72	45.358
937.15	45.216
937.58	45.066
938.01	44.922
938.44	44.746
938.87	44.582
939.31	44.415
939.74	44.235
940.17	44.070
940.60	43.890
941.03	43.700
941.46	43.503
941.89	43.314
942.32	43.113
942.75	42.946
943.18	42.771
943.62	42.582
944.05	42.357
944.48	42.132
944.91	41.892
945.34	41.680
945.77	41.457
946.20	41.227
946.63	40.997
947.06	40.780
947.49	40.575
947.92	40.354
948.35	40.109
948.78	39.884
949.22	39.648
949.65	39.396
950.08	39.166
950.51	38.936
950.94	38.701
951.37	38.475
951.80	38.281
952.23	38.071
952.66	37.888
953.09	37.737
953.52	37.582
953.95	37.433
954.38	37.267
954.81	37.106
955.24	36.962
955.67	36.782
956.10	36.601
956.53	36.436
956.96	36.276
957.39	36.127
957.82	35.979
958.25	35.824
958.68	35.688
959.11	35.531
959.54	35.366
959.97	35.193
960.40	35.071
960.83	34.947
961.26	34.819
961.69	34.658
962.12	34.525
962.55	34.348
962.98	34.144
963.41	33.994
963.84	33.839
964.27	33.670
964.70	33.553
965.13	33.423
965.56	33.318
965.99	33.190
966.42	33.068
966.84	32.937
967.27	32.822
967.70	32.749
968.13	32.653
968.56	32.556
968.99	32.478
969.42	32.339
969.85	32.188
970.28	32.050
970.71	31.908
971.14	31.775
971.57	31.685
972.00	31.646
972.42	31.525
972.85	31.415
973.28	31.346
973.71	31.225
974.14	31.114
974.57	30.995
975.00	30.900
975.43	30.830
975.86	30.804
976.28	30.761
976.71	30.685
977.14	30.594
977.57	30.545
978.00	30.470
978.43	30.438
978.86	30.372
979.29	30.346
979.71	30.311
980.14	30.256
980.57	30.175
981.00	30.098
981.43	30.087
981.86	30.037
982.28	29.955
982.71	29.904
983.14	29.881
983.57	29.807
984.00	29.752
984.43	29.729
984.85	29.722
985.28	29.741
985.71	29.720
986.14	29.752
986.57	29.771
986.99	29.806
987.42	29.761
987.85	29.738
988.28	29.734
988.71	29.722
989.13	29.789
989.56	29.880
989.99	29.969
990.42	29.994
990.85	30.131
991.27	30.253
991.70	30.324
992.13	30.346
992.56	30.436
992.98	30.473
993.41	30.550
993.84	30.570
994.27	30.560
994.70	30.567
995.12	30.599
995.55	30.595
995.98	30.633
996.41	30.720
996.83	30.844
997.26	30.952
997.69	31.039
998.11	31.038
998.54	31.077
998.97	31.110
999.40	31.189
999.82	31.217
1000.25	31.277
1000.68	31.436
1001.11	31.545
1001.53	31.628
1001.96	31.723
1002.39	31.694
1002.81	31.791
1003.24	31.785
1003.67	31.920
1004.09	32.024
1004.52	32.154
1004.95	32.244
1005.38	32.283
1005.80	32.359
1006.23	32.361
1006.66	32.412
1007.08	32.500
1007.51	32.566
1007.94	32.747
1008.36	32.792
1008.79	32.785
1009.22	32.817
1009.64	32.779
1010.07	32.830
1010.50	32.838
1010.92	32.889
1011.35	33.020
1011.77	33.026
1012.20	33.145
1012.63	33.232
1013.05	33.256
1013.48	33.251
1013.91	33.198
1014.33	33.286
1014.76	33.299
1015.19	33.330
1015.61	33.325
1016.04	33.412
1016.46	33.472
1016.89	33.345
1017.32	33.455
1017.74	33.519
1018.17	33.537
1018.59	33.703
1019.02	33.738
1019.45	33.820
1019.87	33.916
1020.30	33.974
1020.72	33.959
1021.15	33.979
1021.58	34.022
1022.00	34.009
1022.43	34.066
1022.85	34.202
1023.28	34.221
1023.70	34.315
1024.13	34.381
1024.55	34.401
1024.98	34.322
1025.41	34.275
1025.83	34.283
1026.26	34.376
1026.68	34.430
1027.11	34.478
1027.53	34.252
1027.96	34.139
1028.38	34.198
1028.81	34.161
1029.23	34.102
1029.66	34.150
1030.08	34.209
1030.51	34.130
1030.94	34.199
1031.36	34.192
1031.79	34.173
1032.21	34.131
1032.64	34.037
1033.06	33.984
1033.49	33.972
1033.91	33.859
1034.34	33.651
1034.76	33.598
1035.19	33.352
1035.61	33.397
1036.03	33.316
1036.46	33.321
1036.88	33.263
1037.31	33.031
1037.73	32.941
1038.16	32.922
1038.58	32.922
1039.01	32.791
1039.43	32.946
1039.86	32.983
1040.28	32.926
1040.71	32.895
1041.13	32.963
1041.55	32.694
1041.98	32.579
1042.40	32.579
1042.83	32.619
1043.25	32.873
1043.68	32.917
1044.10	32.850
1044.52	32.510
1044.95	32.356
1045.37	32.235
1045.80	32.149
1046.22	32.234
1046.65	31.969
1047.07	31.963
1047.49	31.812
1047.92	31.596
1048.34	31.083
1048.77	30.827
1049.19	30.426
1049.61	29.948
1050.04	29.626
1050.46	29.442
1050.89	29.316
1051.31	29.093
1051.73	28.839
1052.16	28.643
1052.58	28.268
1053.00	27.861
1053.43	27.524
1053.85	27.355
1054.27	26.970
1054.70	26.920
1055.12	26.528
1055.55	26.502
1055.97	26.008
1056.39	25.796
1056.82	25.502
1057.24	25.574
1057.66	25.248
1058.09	25.021
1058.51	24.943
1058.93	24.602
1059.36	24.519
1059.78	23.813
1060.20	23.231
1060.62	22.857
1061.05	22.034
1061.47	21.570
1061.89	21.528
1062.32	21.297
1062.74	20.688
1063.16	20.434
1063.59	19.872
1064.01	19.604
1064.43	18.995
1064.85	18.358
1065.28	17.609
1065.70	17.530
1066.12	16.690
1066.55	16.009
1066.97	15.585
1067.39	14.868
1067.81	14.186
1068.24	13.419
1068.66	13.237
1069.08	12.218
1069.50	11.439
1069.93	10.903
1070.35	10.539
1070.77	9.474
1071.19	8.770
1071.62	8.351
1072.04	7.667
1072.46	6.632
1072.88	5.732
1073.31	4.752
1073.73	3.765
1074.15	2.397
1074.57	0.804
1075.00	-0.576
1075.42	-1.359
1075.84	-2.479
1076.26	-3.858
1076.68	-4.629
1077.11	-5.254
1077.53	-6.814
1077.95	-6.836
1078.37	-8.418
1078.79	-9.153
1079.22	-10.447
1079.64	-11.855
1080.06	-13.187
1080.48	-15.207
1080.90	-17.304
1081.32	-18.720
1081.75	-20.434
1082.17	-21.304
1082.59	-23.013
1083.01	-23.916
1083.43	-25.395
1083.85	-26.380
1084.28	-28.959
1084.70	-31.278
1085.12	-33.052
1085.54	-35.891
1085.96	-39.006
1086.38	-41.796
1086.80	-43.547
1087.23	-43.897
1087.65	-45.096
1088.07	-48.992
1088.49	-51.224
1088.91	-53.538
1089.33	-55.936
1089.75	-58.054
1090.17	-60.110
1090.60	-63.091
1091.02	-67.280
1091.44	-69.115
1091.86	-72.188
1092.28	-75.674
1092.70	-79.701
1093.12	-84.013
1093.54	-86.720
1093.96	-88.086
1094.38	-90.598
1094.81	-94.794
1095.23	-96.376
1095.65	-101.290
1096.07	-104.695
1096.49	-112.867
1096.91	-115.426
1097.33	-118.103
1097.75	-125.041
1098.17	-127.896
1098.59	-130.972
1099.01	-133.225
1099.43	-136.021
1099.85	-144.100
1100.27	-151.985
1100.69	-154.883
1101.11	-156.856
1101.53	-160.735
1101.95	-164.380
1102.38	-105.556
1102.80	-247.375
1103.22	-132.558
1103.64	-146.922
1104.06	-373.975
1104.48	-249.743
1104.90	-207.975
1105.32	-186.552
1105.74	-159.437
1106.16	-325.120
