188.40	-314.190
188.88	-361.619
189.35	614.485
189.83	1967.826
190.30	-2184.314
190.78	-432.212
191.26	-406.763
191.73	1781.132
192.21	-2418.841
192.68	-235.305
193.16	-1559.233
193.63	-1809.603
194.11	-1938.345
194.58	-1793.491
195.06	-1460.248
195.53	-944.649
196.01	-771.259
196.48	-687.723
196.96	-571.513
197.43	-489.595
197.91	-446.773
198.38	-401.259
198.86	-334.566
199.33	-283.822
199.81	-275.174
200.28	-264.128
200.76	-236.784
201.23	-214.790
201.71	-195.959
202.18	-184.125
202.66	-169.598
203.13	-160.512
203.61	-154.519
204.08	-144.631
204.55	-134.132
205.03	-128.005
205.50	-127.634
205.98	-130.297
206.45	-129.944
206.93	-126.201
207.40	-125.521
207.88	-123.992
208.35	-122.270
208.82	-125.667
209.30	-127.815
209.77	-127.292
210.25	-124.787
210.72	-124.114
211.20	-125.747
211.67	-123.261
212.14	-122.135
212.62	-119.998
213.09	-115.372
213.57	-111.429
214.04	-110.640
214.52	-107.521
214.99	-103.604
215.46	-106.783
215.94	-108.350
216.41	-105.416
216.89	-105.114
217.36	-103.657
217.83	-105.977
218.31	-104.914
218.78	-102.475
219.25	-100.217
219.73	-99.441
220.20	-101.269
220.68	-97.676
221.15	-97.596
221.62	-102.397
222.10	-101.118
222.57	-100.732
223.04	-100.132
223.52	-106.704
223.99	-108.439
224.47	-109.284
224.94	-113.714
225.41	-113.356
225.89	-110.693
226.36	-111.877
226.83	-114.649
227.31	-118.179
227.78	-118.845
228.25	-115.938
228.73	-116.162
229.20	-115.416
229.67	-116.293
230.15	-114.553
230.62	-116.269
231.09	-120.597
231.57	-121.521
232.04	-120.724
232.51	-122.064
232.98	-125.397
233.46	-120.535
233.93	-119.086
234.40	-116.550
234.88	-114.934
235.35	-116.037
235.82	-115.123
236.30	-112.273
236.77	-112.145
237.24	-112.781
237.71	-109.460
238.19	-108.780
238.66	-108.739
239.13	-113.874
239.61	-113.873
240.08	-112.990
240.55	-111.446
241.02	-106.418
241.50	-101.636
241.97	-99.521
242.44	-99.977
242.91	-99.614
243.39	-99.342
243.86	-98.071
244.33	-99.783
244.80	-100.853
245.28	-100.548
245.75	-97.701
246.22	-99.339
246.69	-97.613
247.17	-94.877
247.64	-95.529
248.11	-97.338
248.58	-97.480
249.05	-95.229
249.53	-92.989
250.00	-93.731
250.47	-96.230
250.94	-98.303
251.42	-98.983
251.89	-99.766
252.36	-99.976
252.83	-99.598
253.30	-98.011
253.78	-98.886
254.25	-99.006
254.72	-98.653
255.19	-96.262
255.66	-95.466
256.13	-96.260
256.61	-96.380
257.08	-95.170
257.55	-94.394
258.02	-94.034
258.49	-94.725
258.97	-97.687
259.44	-99.066
259.91	-98.573
260.38	-99.128
260.85	-95.971
261.32	-96.552
261.79	-95.393
262.27	-94.994
262.74	-93.480
263.21	-91.537
263.68	-94.520
264.15	-97.953
264.62	-98.712
265.09	-100.496
265.57	-103.723
266.04	-104.159
266.51	-103.405
266.98	-104.906
267.45	-106.018
267.92	-107.946
268.39	-106.916
268.86	-104.863
269.34	-101.215
269.81	-101.211
270.28	-101.296
270.75	-98.202
271.22	-97.812
271.69	-97.778
272.16	-96.456
272.63	-96.256
273.10	-97.033
273.57	-95.805
274.05	-93.470
274.52	-90.448
274.99	-89.677
275.46	-88.521
275.93	-87.101
276.40	-87.015
276.87	-84.482
277.34	-84.824
277.81	-85.027
278.28	-84.208
278.75	-84.269
279.22	-86.138
279.69	-86.433
280.16	-85.348
280.63	-86.292
281.11	-88.171
281.58	-90.132
282.05	-88.393
282.52	-87.905
282.99	-88.600
283.46	-89.189
283.93	-87.304
284.40	-87.354
284.87	-86.533
285.34	-86.701
285.81	-87.782
286.28	-86.901
286.75	-85.598
287.22	-85.240
287.69	-84.607
288.16	-82.685
288.63	-81.017
289.10	-80.907
289.57	-78.954
290.04	-76.168
290.51	-73.903
290.98	-72.950
291.45	-72.035
291.92	-72.577
292.39	-72.316
292.86	-72.849
293.33	-70.203
293.80	-70.049
294.27	-70.887
294.74	-71.480
295.21	-71.130
295.68	-68.289
296.15	-70.529
296.62	-74.481
297.09	-73.765
297.56	-71.887
298.03	-71.322
298.49	-70.890
298.96	-70.979
299.43	-69.497
299.90	-70.824
300.37	-73.061
300.84	-71.973
301.31	-69.815
301.78	-68.538
302.25	-68.422
302.72	-66.848
303.19	-66.486
303.66	-64.102
304.13	-63.474
304.60	-63.856
305.07	-62.975
305.53	-61.908
306.00	-60.044
306.47	-59.147
306.94	-57.629
307.41	-57.948
307.88	-59.372
308.35	-59.627
308.82	-57.917
309.29	-58.032
309.76	-57.208
310.22	-57.837
310.69	-57.919
311.16	-57.328
311.63	-57.384
312.10	-58.328
312.57	-57.765
313.04	-57.444
313.51	-58.738
313.97	-58.502
314.44	-57.067
314.91	-56.429
315.38	-55.902
315.85	-55.402
316.32	-53.120
316.79	-51.424
317.25	-50.666
317.72	-51.065
318.19	-50.292
318.66	-49.613
319.13	-49.275
319.60	-50.290
320.07	-50.141
320.53	-48.588
321.00	-48.286
321.47	-48.453
321.94	-47.434
322.41	-47.055
322.87	-45.849
323.34	-45.739
323.81	-45.292
324.28	-44.912
324.75	-45.243
325.22	-45.791
325.68	-45.518
326.15	-45.670
326.62	-45.460
327.09	-45.110
327.56	-44.790
328.02	-44.048
328.49	-44.491
328.96	-44.490
329.43	-43.783
329.89	-42.988
330.36	-42.505
330.83	-43.690
331.30	-43.821
331.77	-43.214
332.23	-43.380
332.70	-43.630
333.17	-44.022
333.64	-43.968
334.10	-42.398
334.57	-40.330
335.04	-40.303
335.51	-39.919
335.97	-38.715
336.44	-38.790
336.91	-38.813
337.38	-37.741
337.84	-37.232
338.31	-36.183
338.78	-36.417
339.24	-35.448
339.71	-33.546
340.18	-32.184
340.65	-30.712
341.11	-29.234
341.58	-27.843
342.05	-25.829
342.52	-25.054
342.98	-24.011
343.45	-22.594
343.92	-22.036
344.38	-22.205
344.85	-21.977
345.32	-20.802
345.78	-20.182
346.25	-19.364
346.72	-18.557
347.18	-17.432
347.65	-16.876
348.12	-16.573
348.58	-15.762
349.05	-15.169
349.52	-14.808
349.99	-14.805
350.45	-14.480
350.92	-13.979
351.38	-13.695
351.85	-13.869
352.32	-13.226
352.78	-12.446
353.25	-11.737
353.72	-11.352
354.18	-11.370
354.65	-10.362
355.12	-10.212
355.58	-9.767
356.05	-9.653
356.52	-9.195
356.98	-8.894
357.45	-8.361
357.91	-8.032
358.38	-7.651
358.85	-7.100
359.31	-6.758
359.78	-6.546
360.25	-6.393
360.71	-5.910
361.18	-5.654
361.64	-5.543
362.11	-5.484
362.58	-5.276
363.04	-5.159
363.51	-5.071
363.97	-4.527
364.44	-4.455
364.91	-4.045
365.37	-3.936
365.84	-3.641
366.30	-3.350
366.77	-3.142
367.23	-2.920
367.70	-2.781
368.17	-2.450
368.63	-2.224
369.10	-2.192
369.56	-1.985
370.03	-1.578
370.49	-1.408
370.96	-1.174
371.42	-0.977
371.89	-0.752
372.36	-0.466
372.82	-0.368
373.29	-0.211
373.75	-0.128
374.22	0.249
374.68	0.365
375.15	0.427
375.61	0.643
376.08	0.796
376.54	0.843
377.01	0.855
377.47	1.002
377.94	1.109
378.40	1.149
378.87	1.162
379.33	1.374
379.80	1.482
380.26	1.518
380.73	1.563
381.19	1.705
381.66	1.834
382.12	1.846
382.59	1.855
383.05	1.873
383.52	1.943
383.98	1.869
384.45	1.877
384.91	1.934
385.38	1.931
385.84	1.917
386.31	1.894
386.77	1.918
387.24	2.068
387.70	2.117
388.16	2.176
388.63	2.309
389.09	2.358
389.56	2.403
390.02	2.400
390.49	2.451
390.95	2.484
391.42	2.603
391.88	2.647
392.34	2.766
392.81	2.932
393.27	3.100
393.74	3.194
394.20	3.289
394.67	3.435
395.13	3.571
395.59	3.696
396.06	3.819
396.52	3.961
396.99	4.013
397.45	4.070
397.91	4.089
398.38	4.087
398.84	4.113
399.31	4.098
399.77	4.141
400.23	4.206
400.70	4.264
401.16	4.200
401.63	4.202
402.09	4.221
402.55	4.212
403.02	4.105
403.48	4.050
403.94	4.046
404.41	4.034
404.87	3.959
405.33	3.887
405.80	3.872
406.26	3.835
406.73	3.787
407.19	3.767
407.65	3.821
408.12	3.905
408.58	4.000
409.04	4.080
409.51	4.160
409.97	4.251
410.43	4.360
410.90	4.507
411.36	4.655
411.82	4.831
412.29	4.989
412.75	5.210
413.21	5.445
413.67	5.665
414.14	5.886
414.60	6.115
415.06	6.361
415.53	6.623
415.99	6.868
416.45	7.109
416.92	7.324
417.38	7.526
417.84	7.684
418.30	7.794
418.77	7.933
419.23	8.052
419.69	8.124
420.16	8.176
420.62	8.195
421.08	8.219
421.54	8.159
422.01	8.110
422.47	8.039
422.93	7.954
423.39	7.824
423.86	7.691
424.32	7.564
424.78	7.431
425.24	7.275
425.71	7.115
426.17	6.963
426.63	6.824
427.09	6.684
427.56	6.547
428.02	6.408
428.48	6.297
428.94	6.150
429.41	5.994
429.87	5.879
430.33	5.922
430.79	6.000
431.25	6.131
431.72	6.279
432.18	6.469
432.64	6.692
433.10	6.955
433.56	7.223
434.03	7.532
434.49	7.877
434.95	8.225
435.41	8.598
435.87	9.002
436.34	9.421
436.80	9.831
437.26	10.269
437.72	10.717
438.18	11.164
438.64	11.656
439.11	12.139
439.57	12.603
440.03	12.973
440.49	13.279
440.95	13.558
441.41	13.800
441.88	14.028
442.34	14.234
442.80	14.400
443.26	14.528
443.72	14.637
444.18	14.679
444.64	14.692
445.11	14.663
445.57	14.595
446.03	14.500
446.49	14.390
446.95	14.244
447.41	14.079
447.87	13.876
448.33	13.641
448.79	13.394
449.26	13.138
449.72	12.882
450.18	12.651
450.64	12.422
451.10	12.211
451.56	11.985
452.02	11.769
452.48	11.576
452.94	11.404
453.40	11.247
453.87	11.138
454.33	11.070
454.79	11.043
455.25	11.032
455.71	11.054
456.17	11.114
456.63	11.235
457.09	11.373
457.55	11.578
458.01	11.819
458.47	12.125
458.93	12.452
459.39	12.813
459.85	13.190
460.31	13.603
460.77	14.032
461.24	14.507
461.70	15.007
462.16	15.516
462.62	16.047
463.08	16.567
463.54	17.099
464.00	17.628
464.46	18.139
464.92	18.643
465.38	19.129
465.84	19.609
466.30	20.061
466.76	20.499
467.22	20.891
467.68	21.268
468.14	21.598
468.60	21.897
469.06	22.161
469.52	22.380
469.98	22.574
470.44	22.727
470.90	22.829
471.36	22.890
471.82	22.910
472.28	22.894
472.74	22.852
473.20	22.760
473.66	22.640
474.12	22.480
474.58	22.289
475.04	22.071
475.50	21.826
475.95	21.555
476.41	21.267
476.87	20.964
477.33	20.636
477.79	20.306
478.25	19.980
478.71	19.640
479.17	19.304
479.63	18.972
480.09	18.644
480.55	18.328
481.01	18.036
481.47	17.759
481.93	17.504
482.39	17.277
482.84	17.084
483.30	16.923
483.76	16.802
484.22	16.709
484.68	16.663
485.14	16.648
485.60	16.671
486.06	16.736
486.52	16.840
486.98	16.998
487.44	17.189
487.89	17.413
488.35	17.681
488.81	17.985
489.27	18.318
489.73	18.694
490.19	19.102
490.65	19.531
491.11	19.994
491.56	20.475
492.02	20.974
492.48	21.490
492.94	22.017
493.40	22.551
493.86	23.095
494.32	23.634
494.77	24.179
495.23	24.715
495.69	25.252
496.15	25.775
496.61	26.284
497.07	26.773
497.52	27.245
497.98	27.705
498.44	28.149
498.90	28.573
499.36	28.965
499.82	29.320
500.27	29.648
500.73	29.944
501.19	30.209
501.65	30.441
502.11	30.637
502.56	30.802
503.02	30.930
503.48	31.030
503.94	31.096
504.40	31.126
504.85	31.127
505.31	31.089
505.77	31.020
506.23	30.919
506.69	30.790
507.14	30.633
507.60	30.444
508.06	30.219
508.52	29.969
508.97	29.692
509.43	29.405
509.89	29.087
510.35	28.762
510.80	28.422
511.26	28.078
511.72	27.721
512.18	27.353
512.63	26.980
513.09	26.602
513.55	26.225
514.01	25.855
514.46	25.489
514.92	25.131
515.38	24.790
515.84	24.466
516.29	24.163
516.75	23.876
517.21	23.607
517.66	23.361
518.12	23.136
518.58	22.943
519.04	22.785
519.49	22.663
519.95	22.564
520.41	22.496
520.86	22.458
521.32	22.463
521.78	22.501
522.23	22.575
522.69	22.686
523.15	22.837
523.61	23.020
524.06	23.238
524.52	23.490
524.98	23.766
525.43	24.072
525.89	24.401
526.35	24.754
526.80	25.134
527.26	25.539
527.72	25.971
528.17	26.415
528.63	26.871
529.09	27.341
529.54	27.824
530.00	28.319
530.45	28.824
530.91	29.330
531.37	29.836
531.82	30.344
532.28	30.851
532.74	31.345
533.19	31.833
533.65	32.296
534.10	32.755
534.56	33.195
535.02	33.607
535.47	34.013
535.93	34.407
536.39	34.783
536.84	35.139
537.30	35.473
537.75	35.782
538.21	36.060
538.67	36.315
539.12	36.549
539.58	36.753
540.03	36.928
540.49	37.083
540.94	37.219
541.40	37.313
541.86	37.383
542.31	37.426
542.77	37.446
543.22	37.454
543.68	37.429
544.13	37.384
544.59	37.325
545.05	37.230
545.50	37.113
545.96	36.962
546.41	36.791
546.87	36.599
547.32	36.390
547.78	36.164
548.23	35.916
548.69	35.645
549.14	35.362
549.60	35.062
550.06	34.750
550.51	34.410
550.97	34.076
551.42	33.723
551.88	33.365
552.33	32.992
552.79	32.620
553.24	32.245
553.70	31.872
554.15	31.499
554.61	31.141
555.06	30.781
555.52	30.428
555.97	30.084
556.43	29.752
556.88	29.431
557.34	29.129
557.79	28.845
558.25	28.584
558.70	28.340
559.15	28.117
559.61	27.912
560.06	27.741
560.52	27.591
560.97	27.473
561.43	27.382
561.88	27.326
562.34	27.291
562.79	27.279
563.25	27.299
563.70	27.344
564.16	27.418
564.61	27.526
565.06	27.661
565.52	27.823
565.97	28.012
566.43	28.233
566.88	28.478
567.34	28.752
567.79	29.047
568.24	29.367
568.70	29.706
569.15	30.064
569.61	30.443
570.06	30.835
570.51	31.246
570.97	31.673
571.42	32.105
571.88	32.558
572.33	33.021
572.78	33.485
573.24	33.960
573.69	34.429
574.15	34.906
574.60	35.387
575.05	35.867
575.51	36.351
575.96	36.831
576.42	37.314
576.87	37.791
577.32	38.265
577.78	38.724
578.23	39.180
578.68	39.622
579.14	40.053
579.59	40.470
580.04	40.866
580.50	41.249
580.95	41.616
581.40	41.967
581.86	42.307
582.31	42.636
582.76	42.955
583.22	43.256
583.67	43.529
584.12	43.788
584.58	44.021
585.03	44.227
585.48	44.409
585.94	44.560
586.39	44.678
586.84	44.782
587.30	44.873
587.75	44.938
588.20	44.993
588.66	45.018
589.11	45.023
589.56	45.009
590.01	44.969
590.47	44.908
590.92	44.827
591.37	44.728
591.83	44.600
592.28	44.443
592.73	44.274
593.18	44.085
593.64	43.874
594.09	43.647
594.54	43.415
594.99	43.172
595.45	42.914
595.90	42.646
596.35	42.354
596.80	42.048
597.26	41.729
597.71	41.392
598.16	41.050
598.61	40.702
599.07	40.344
599.52	39.976
599.97	39.606
600.42	39.228
600.88	38.843
601.33	38.456
601.78	38.073
602.23	37.680
602.69	37.292
603.14	36.905
603.59	36.523
604.04	36.141
604.49	35.752
604.95	35.363
605.40	34.992
605.85	34.640
606.30	34.292
606.75	33.958
607.21	33.641
607.66	33.341
608.11	33.050
608.56	32.771
609.01	32.522
609.46	32.283
609.92	32.063
610.37	31.860
610.82	31.683
611.27	31.529
611.72	31.401
612.17	31.294
612.63	31.205
613.08	31.137
613.53	31.087
613.98	31.074
614.43	31.090
614.88	31.127
615.34	31.178
615.79	31.247
616.24	31.338
616.69	31.447
617.14	31.574
617.59	31.721
618.04	31.895
618.49	32.085
618.95	32.293
619.40	32.520
619.85	32.772
620.30	33.033
620.75	33.298
621.20	33.582
621.65	33.880
622.10	34.198
622.55	34.532
623.00	34.877
623.46	35.232
623.91	35.584
624.36	35.946
624.81	36.317
625.26	36.699
625.71	37.086
626.16	37.484
626.61	37.880
627.06	38.286
627.51	38.694
627.96	39.097
628.41	39.505
628.86	39.900
629.32	40.292
629.77	40.681
630.22	41.077
630.67	41.467
631.12	41.850
631.57	42.228
632.02	42.598
632.47	42.952
632.92	43.303
633.37	43.665
633.82	44.002
634.27	44.326
634.72	44.643
635.17	44.945
635.62	45.230
636.07	45.507
636.52	45.761
636.97	46.004
637.42	46.237
637.87	46.452
638.32	46.655
638.77	46.854
639.22	47.043
639.67	47.205
640.12	47.355
640.57	47.492
641.02	47.609
641.47	47.710
641.92	47.809
642.37	47.883
642.82	47.925
643.27	47.956
643.72	47.977
644.17	47.978
644.62	47.969
645.07	47.940
645.52	47.906
645.97	47.866
646.42	47.805
646.87	47.732
647.32	47.666
647.77	47.596
648.22	47.496
648.66	47.376
649.11	47.243
649.56	47.088
650.01	46.922
650.46	46.750
650.91	46.573
651.36	46.368
651.81	46.150
652.26	45.937
652.71	45.708
653.16	45.471
653.61	45.219
654.06	44.955
654.50	44.682
654.95	44.391
655.40	44.089
655.85	43.785
656.30	43.472
656.75	43.133
657.20	42.793
657.65	42.455
658.10	42.103
658.55	41.767
658.99	41.434
659.44	41.101
659.89	40.761
660.34	40.406
660.79	40.054
661.24	39.711
661.69	39.367
662.13	39.030
662.58	38.687
663.03	38.353
663.48	38.023
663.93	37.701
664.38	37.385
664.83	37.079
665.27	36.768
665.72	36.459
666.17	36.163
666.62	35.869
667.07	35.584
667.52	35.314
667.96	35.032
668.41	34.763
668.86	34.507
669.31	34.259
669.76	34.034
670.21	33.828
670.65	33.634
671.10	33.447
671.55	33.272
672.00	33.115
672.45	32.973
672.89	32.841
673.34	32.716
673.79	32.608
674.24	32.505
674.68	32.424
675.13	32.361
675.58	32.317
676.03	32.283
676.48	32.254
676.92	32.244
677.37	32.257
677.82	32.286
678.27	32.313
678.71	32.359
679.16	32.419
679.61	32.490
680.06	32.573
680.50	32.667
680.95	32.794
681.40	32.929
681.85	33.065
682.29	33.220
682.74	33.399
683.19	33.580
683.64	33.773
684.08	33.987
684.53	34.208
684.98	34.443
685.43	34.694
685.87	34.953
686.32	35.214
686.77	35.473
687.21	35.727
687.66	36.011
688.11	36.307
688.55	36.598
689.00	36.890
689.45	37.207
689.90	37.529
690.34	37.834
690.79	38.140
691.24	38.463
691.68	38.785
692.13	39.093
692.58	39.396
693.02	39.719
693.47	40.028
693.92	40.331
694.36	40.619
694.81	40.915
695.26	41.214
695.70	41.511
696.15	41.811
696.60	42.120
697.04	42.418
697.49	42.699
697.94	42.972
698.38	43.252
698.83	43.515
699.27	43.775
699.72	44.015
700.17	44.267
700.61	44.508
701.06	44.745
701.51	44.978
701.95	45.220
702.40	45.448
702.84	45.671
703.29	45.898
703.74	46.109
704.18	46.312
704.63	46.506
705.07	46.693
705.52	46.874
705.97	47.043
706.41	47.186
706.86	47.315
707.30	47.456
707.75	47.601
708.20	47.729
708.64	47.833
709.09	47.936
709.53	48.017
709.98	48.099
710.42	48.159
710.87	48.200
711.32	48.231
711.76	48.245
712.21	48.250
712.65	48.238
713.10	48.244
713.54	48.230
713.99	48.209
714.43	48.179
714.88	48.121
715.33	48.045
715.77	47.986
716.22	47.929
716.66	47.849
717.11	47.741
717.55	47.637
718.00	47.532
718.44	47.416
718.89	47.292
719.33	47.162
719.78	47.039
720.22	46.917
720.67	46.784
721.11	46.647
721.56	46.513
722.00	46.361
722.45	46.182
722.89	45.997
723.34	45.811
723.78	45.634
724.23	45.465
724.67	45.281
725.12	45.079
725.56	44.864
726.01	44.653
726.45	44.433
726.90	44.188
727.34	43.942
727.78	43.709
728.23	43.468
728.67	43.208
729.12	42.940
729.56	42.680
730.01	42.412
730.45	42.127
730.90	41.821
731.34	41.544
731.79	41.272
732.23	40.991
732.67	40.693
733.12	40.388
733.56	40.102
734.01	39.829
734.45	39.540
734.89	39.269
735.34	39.011
735.78	38.758
736.23	38.500
736.67	38.234
737.12	37.971
737.56	37.704
738.00	37.445
738.45	37.198
738.89	36.950
739.34	36.723
739.78	36.519
740.22	36.312
740.67	36.089
741.11	35.861
741.55	35.652
742.00	35.454
742.44	35.257
742.89	35.050
743.33	34.853
743.77	34.684
744.22	34.520
744.66	34.333
745.10	34.149
745.55	33.978
745.99	33.834
746.43	33.699
746.88	33.573
747.32	33.439
747.76	33.326
748.21	33.232
748.65	33.127
749.09	33.016
749.54	32.916
749.98	32.842
750.42	32.786
750.87	32.717
751.31	32.654
751.75	32.613
752.20	32.600
752.64	32.589
753.08	32.570
753.53	32.547
753.97	32.553
754.41	32.574
754.85	32.615
755.30	32.649
755.74	32.691
756.18	32.761
756.63	32.863
757.07	32.956
757.51	33.027
757.95	33.121
758.40	33.238
758.84	33.363
759.28	33.488
759.72	33.612
760.17	33.760
760.61	33.927
761.05	34.095
761.50	34.240
761.94	34.390
762.38	34.557
762.82	34.748
763.26	34.942
763.71	35.134
764.15	35.316
764.59	35.496
765.03	35.673
765.48	35.856
765.92	36.033
766.36	36.205
766.80	36.403
767.25	36.610
767.69	36.812
768.13	37.030
768.57	37.262
769.01	37.496
769.46	37.722
769.90	37.942
770.34	38.160
770.78	38.393
771.22	38.644
771.67	38.913
772.11	39.176
772.55	39.424
772.99	39.658
773.43	39.896
773.87	40.163
774.32	40.444
774.76	40.706
775.20	40.949
775.64	41.207
776.08	41.482
776.52	41.740
776.97	41.994
777.41	42.237
777.85	42.468
778.29	42.709
778.73	42.971
779.17	43.236
779.62	43.483
780.06	43.722
780.50	43.958
780.94	44.179
781.38	44.388
781.82	44.599
782.26	44.824
782.70	45.054
783.15	45.278
783.59	45.486
784.03	45.679
784.47	45.874
784.91	46.054
785.35	46.221
785.79	46.395
786.23	46.568
786.67	46.737
787.11	46.902
787.56	47.058
788.00	47.198
788.44	47.330
788.88	47.483
789.32	47.629
789.76	47.763
790.20	47.900
790.64	48.043
791.08	48.189
791.52	48.311
791.96	48.413
792.40	48.497
792.84	48.596
793.28	48.716
793.73	48.838
794.17	48.943
794.61	49.030
795.05	49.128
795.49	49.199
795.93	49.250
796.37	49.292
796.81	49.337
797.25	49.391
797.69	49.413
798.13	49.411
798.57	49.409
799.01	49.405
799.45	49.369
799.89	49.317
800.33	49.266
800.77	49.239
801.21	49.221
801.65	49.184
802.09	49.130
802.53	49.063
802.97	48.986
803.41	48.923
803.85	48.873
804.29	48.797
804.73	48.743
805.17	48.670
805.61	48.582
806.05	48.483
806.49	48.348
806.93	48.259
807.37	48.178
807.81	48.105
808.25	48.027
808.69	47.930
809.13	47.822
809.57	47.710
810.01	47.587
810.44	47.442
810.88	47.298
811.32	47.152
811.76	47.009
812.20	46.858
812.64	46.696
813.08	46.521
813.52	46.328
813.96	46.117
814.40	45.943
814.84	45.787
815.28	45.625
815.72	45.473
816.16	45.292
816.59	45.118
817.03	44.922
817.47	44.725
817.91	44.559
818.35	44.398
818.79	44.232
819.23	44.046
819.67	43.865
820.11	43.693
820.54	43.496
820.98	43.283
821.42	43.084
821.86	42.870
822.30	42.666
822.74	42.476
823.18	42.278
823.62	42.063
824.05	41.842
824.49	41.639
824.93	41.431
825.37	41.223
825.81	41.002
826.25	40.777
826.69	40.526
827.12	40.260
827.56	40.007
828.00	39.763
828.44	39.537
828.88	39.321
829.32	39.084
829.75	38.867
830.19	38.657
830.63	38.438
831.07	38.233
831.51	38.014
831.94	37.779
832.38	37.555
832.82	37.349
833.26	37.154
833.70	36.959
834.13	36.769
834.57	36.578
835.01	36.397
835.45	36.233
835.89	36.083
836.32	35.937
836.76	35.776
837.20	35.593
837.64	35.428
838.08	35.274
838.51	35.155
838.95	35.026
839.39	34.897
839.83	34.783
840.26	34.676
840.70	34.579
841.14	34.494
841.58	34.425
842.01	34.352
842.45	34.266
842.89	34.176
843.33	34.076
843.76	33.987
844.20	33.910
844.64	33.835
845.08	33.767
845.51	33.703
845.95	33.649
846.39	33.612
846.82	33.566
847.26	33.513
847.70	33.439
848.14	33.380
848.57	33.340
849.01	33.308
849.45	33.265
849.88	33.223
850.32	33.198
850.76	33.177
851.19	33.173
851.63	33.175
852.07	33.184
852.50	33.221
852.94	33.241
853.38	33.241
853.81	33.256
854.25	33.289
854.69	33.335
855.12	33.391
855.56	33.453
856.00	33.529
856.43	33.612
856.87	33.702
857.31	33.807
857.74	33.914
858.18	34.007
858.62	34.108
859.05	34.210
859.49	34.308
859.93	34.401
860.36	34.506
860.80	34.619
861.24	34.728
861.67	34.819
862.11	34.910
862.54	35.032
862.98	35.165
863.42	35.308
863.85	35.449
864.29	35.592
864.72	35.745
865.16	35.886
865.60	36.029
866.03	36.170
866.47	36.314
866.90	36.446
867.34	36.605
867.78	36.794
868.21	37.007
868.65	37.236
869.08	37.457
869.52	37.648
869.95	37.837
870.39	38.017
870.83	38.220
871.26	38.451
871.70	38.692
872.13	38.911
872.57	39.113
873.00	39.309
873.44	39.509
873.87	39.690
874.31	39.878
874.75	40.070
875.18	40.273
875.62	40.463
876.05	40.663
876.49	40.876
876.92	41.109
877.36	41.326
877.79	41.521
878.23	41.715
878.66	41.919
879.10	42.148
879.53	42.376
879.97	42.609
880.40	42.814
880.84	43.011
881.27	43.206
881.71	43.392
882.14	43.585
882.58	43.783
883.01	43.979
883.45	44.184
883.88	44.388
884.32	44.577
884.75	44.769
885.19	44.975
885.62	45.165
886.06	45.345
886.49	45.533
886.92	45.717
887.36	45.919
887.79	46.103
888.23	46.267
888.66	46.436
889.10	46.581
889.53	46.743
889.97	46.885
890.40	47.021
890.83	47.168
891.27	47.315
891.70	47.476
892.14	47.654
892.57	47.815
893.01	47.993
893.44	48.164
893.87	48.328
894.31	48.512
894.74	48.692
895.18	48.822
895.61	48.914
896.04	49.015
896.48	49.103
896.91	49.190
897.35	49.254
897.78	49.314
898.21	49.395
898.65	49.492
899.08	49.584
899.52	49.668
899.95	49.775
900.38	49.887
900.82	49.999
901.25	50.120
901.68	50.234
902.12	50.328
902.55	50.438
902.99	50.564
903.42	50.670
903.85	50.735
904.29	50.819
904.72	50.914
905.15	50.998
905.59	51.073
906.02	51.157
906.45	51.255
906.89	51.374
907.32	51.482
907.75	51.563
908.19	51.633
908.62	51.703
909.05	51.728
909.49	51.719
909.92	51.700
910.35	51.660
910.78	51.607
911.22	51.530
911.65	51.446
912.08	51.386
912.52	51.312
912.95	51.261
913.38	51.201
913.82	51.144
914.25	51.121
914.68	51.074
915.11	51.040
915.55	50.994
915.98	50.944
916.41	50.864
916.84	50.781
917.28	50.705
917.71	50.658
918.14	50.609
918.58	50.559
919.01	50.474
919.44	50.402
919.87	50.354
920.31	50.338
920.74	50.301
921.17	50.199
921.60	50.101
922.03	49.999
922.47	49.881
922.90	49.764
923.33	49.604
923.76	49.479
924.20	49.356
924.63	49.244
925.06	49.103
925.49	48.951
925.92	48.809
926.36	48.708
926.79	48.559
927.22	48.431
927.65	48.305
928.08	48.201
928.52	48.085
928.95	47.909
929.38	47.738
929.81	47.600
930.24	47.485
930.68	47.333
931.11	47.172
931.54	47.031
931.97	46.906
932.40	46.778
932.83	46.670
933.27	46.533
933.70	46.358
934.13	46.194
934.56	46.064
934.99	45.911
935.42	45.730
935.85	45.557
936.29	45.362
936.72	45.190
937.15	45.029
937.58	44.860
938.01	44.727
938.44	44.551
938.87	44.383
939.31	44.193
939.74	44.036
940.17	43.885
940.60	43.721
941.03	43.542
941.46	43.353
941.89	43.144
942.32	42.944
942.75	42.756
943.18	42.557
943.62	42.346
944.05	42.137
944.48	41.885
944.91	41.652
945.34	41.445
945.77	41.234
946.20	40.995
946.63	40.773
947.06	40.556
947.49	40.341
947.92	40.130
948.35	39.895
948.78	39.664
949.22	39.423
949.65	39.168
950.08	38.935
950.51	38.704
950.94	38.479
951.37	38.265
951.80	38.062
952.23	37.874
952.66	37.714
953.09	37.564
953.52	37.446
953.95	37.325
954.38	37.174
954.81	37.026
955.24	36.876
955.67	36.707
956.10	36.542
956.53	36.386
956.96	36.224
957.39	36.098
957.82	35.951
958.25	35.818
958.68	35.682
959.11	35.522
959.54	35.409
959.97	35.252
960.40	35.109
960.83	34.996
961.26	34.885
961.69	34.735
962.12	34.549
962.55	34.351
962.98	34.168
963.41	34.033
963.84	33.905
964.27	33.782
964.70	33.665
965.13	33.530
965.56	33.388
965.99	33.280
966.42	33.162
966.84	33.046
967.27	32.951
967.70	32.840
968.13	32.763
968.56	32.663
968.99	32.582
969.42	32.480
969.85	32.372
970.28	32.224
970.71	32.129
971.14	32.037
971.57	31.929
972.00	31.874
972.42	31.771
972.85	31.665
973.28	31.562
973.71	31.418
974.14	31.338
974.57	31.330
975.00	31.236
975.43	31.151
975.86	31.092
976.28	31.001
976.71	30.932
977.14	30.852
977.57	30.751
978.00	30.684
978.43	30.626
978.86	30.588
979.29	30.550
979.71	30.532
980.14	30.531
980.57	30.526
981.00	30.442
981.43	30.414
981.86	30.383
982.28	30.341
982.71	30.341
983.14	30.278
983.57	30.162
984.00	30.097
984.43	30.088
984.85	30.098
985.28	30.162
985.71	30.250
986.14	30.237
986.57	30.277
986.99	30.306
987.42	30.307
987.85	30.267
988.28	30.308
988.71	30.308
989.13	30.326
989.56	30.361
989.99	30.461
990.42	30.504
990.85	30.609
991.27	30.634
991.70	30.664
992.13	30.730
992.56	30.831
992.98	30.869
993.41	30.936
993.84	30.974
994.27	30.984
994.70	31.053
995.12	31.123
995.55	31.152
995.98	31.233
996.41	31.325
996.83	31.424
997.26	31.503
997.69	31.562
998.11	31.588
998.54	31.645
998.97	31.689
999.40	31.814
999.82	31.821
1000.25	31.975
1000.68	32.122
1001.11	32.232
1001.53	32.304
1001.96	32.416
1002.39	32.495
1002.81	32.550
1003.24	32.588
1003.67	32.576
1004.09	32.635
1004.52	32.765
1004.95	32.844
1005.38	32.849
1005.80	32.933
1006.23	33.009
1006.66	33.070
1007.08	33.198
1007.51	33.276
1007.94	33.376
1008.36	33.468
1008.79	33.426
1009.22	33.441
1009.64	33.477
1010.07	33.514
1010.50	33.554
1010.92	33.710
1011.35	33.802
1011.77	33.892
1012.20	33.844
1012.63	33.940
1013.05	33.988
1013.48	33.981
1013.91	33.957
1014.33	33.995
1014.76	34.021
1015.19	34.084
1015.61	34.060
1016.04	34.173
1016.46	34.304
1016.89	34.345
1017.32	34.387
1017.74	34.545
1018.17	34.697
1018.59	34.867
1019.02	34.917
1019.45	34.988
1019.87	34.959
1020.30	34.891
1020.72	34.932
1021.15	35.090
1021.58	35.191
1022.00	35.384
1022.43	35.374
1022.85	35.423
1023.28	35.533
1023.70	35.503
1024.13	35.449
1024.55	35.515
1024.98	35.397
1025.41	35.361
1025.83	35.353
1026.26	35.314
1026.68	35.444
1027.11	35.404
1027.53	35.208
1027.96	35.134
1028.38	35.069
1028.81	35.211
1029.23	35.242
1029.66	35.213
1030.08	35.221
1030.51	35.099
1030.94	35.061
1031.36	34.921
1031.79	34.991
1032.21	34.992
1032.64	35.042
1033.06	35.050
1033.49	34.933
1033.91	34.995
1034.34	35.038
1034.76	34.785
1035.19	34.638
1035.61	34.496
1036.03	34.402
1036.46	34.339
1036.88	34.218
1037.31	34.182
1037.73	33.926
1038.16	33.898
1038.58	33.793
1039.01	33.680
1039.43	33.854
1039.86	33.755
1040.28	33.819
1040.71	33.825
1041.13	33.992
1041.55	33.681
1041.98	33.581
1042.40	33.583
1042.83	33.426
1043.25	33.126
1043.68	33.250
1044.10	33.363
1044.52	33.305
1044.95	32.998
1045.37	33.057
1045.80	33.124
1046.22	33.161
1046.65	32.937
1047.07	32.797
1047.49	32.800
1047.92	32.845
1048.34	32.200
1048.77	31.859
1049.19	31.682
1049.61	31.217
1050.04	30.892
1050.46	30.987
1050.89	30.910
1051.31	30.927
1051.73	30.464
1052.16	30.437
1052.58	30.211
1053.00	29.698
1053.43	29.209
1053.85	29.050
1054.27	28.810
1054.70	28.770
1055.12	28.325
1055.55	28.137
1055.97	27.748
1056.39	27.489
1056.82	27.132
1057.24	27.190
1057.66	27.088
1058.09	26.915
1058.51	26.746
1058.93	26.215
1059.36	25.871
1059.78	25.587
1060.20	24.855
1060.62	24.850
1061.05	24.345
1061.47	24.235
1061.89	23.765
1062.32	23.488
1062.74	23.051
1063.16	22.958
1063.59	22.338
1064.01	22.024
1064.43	21.648
1064.85	21.598
1065.28	21.284
1065.70	20.866
1066.12	19.996
1066.55	19.328
1066.97	18.994
1067.39	18.175
1067.81	17.369
1068.24	16.735
1068.66	15.978
1069.08	15.381
1069.50	14.110
1069.93	13.581
1070.35	13.042
1070.77	12.490
1071.19	11.823
1071.62	11.629
1072.04	10.366
1072.46	9.637
1072.88	8.855
1073.31	7.917
1073.73	6.664
1074.15	4.906
1074.57	3.236
1075.00	2.534
1075.42	1.444
1075.84	-0.102
1076.26	-1.183
1076.68	-1.957
1077.11	-2.476
1077.53	-3.518
1077.95	-4.139
1078.37	-4.879
1078.79	-6.324
1079.22	-8.016
1079.64	-9.720
1080.06	-10.895
1080.48	-12.896
1080.90	-14.809
1081.32	-16.457
1081.75	-18.195
1082.17	-18.914
1082.59	-20.695
1083.01	-22.307
1083.43	-24.178
1083.85	-25.304
1084.28	-27.315
1084.70	-29.695
1085.12	-30.890
1085.54	-33.529
1085.96	-35.792
1086.38	-38.380
1086.80	-40.109
1087.23	-41.515
1087.65	-42.284
1088.07	-44.693
1088.49	-47.219
1088.91	-48.962
1089.33	-50.736
1089.75	-54.534
1090.17	-56.384
1090.60	-58.376
1091.02	-62.323
1091.44	-64.263
1091.86	-66.717
1092.28	-67.942
1092.70	-70.724
1093.12	-75.255
1093.54	-77.803
1093.96	-81.240
1094.38	-83.708
1094.81	-89.484
1095.23	-92.473
1095.65	-95.303
1096.07	-97.285
1096.49	-104.249
1096.91	-108.138
1097.33	-110.091
1097.75	-116.300
1098.17	-121.117
1098.59	-121.674
1099.01	-123.380
1099.43	-125.446
1099.85	-134.412
1100.27	-139.068
1100.69	-141.313
1101.11	-142.670
1101.53	-148.391
1101.95	-150.534
1102.38	-121.659
1102.80	-227.145
1103.22	-107.122
1103.64	-110.169
1104.06	-389.661
1104.48	-156.629
1104.90	-224.417
1105.32	-135.747
1105.74	-146.103
1106.16	-297.600
