188.40	-241.068
188.88	-347.520
189.35	403.900
189.83	1651.304
190.30	-1862.745
190.78	-394.712
191.26	-312.077
191.73	911.321
192.21	-2207.246
192.68	-260.115
193.16	-1226.849
193.63	-1446.722
194.11	-1523.066
194.58	-1402.139
195.06	-1153.116
195.53	-752.506
196.01	-614.757
196.48	-542.441
196.96	-462.877
197.43	-396.219
197.91	-351.873
198.38	-316.986
198.86	-268.467
199.33	-222.564
199.81	-211.470
200.28	-203.887
200.76	-183.499
201.23	-166.903
201.71	-149.980
202.18	-141.582
202.66	-128.678
203.13	-119.496
203.61	-111.842
204.08	-104.770
204.55	-99.170
205.03	-93.440
205.50	-90.372
205.98	-89.827
206.45	-89.001
206.93	-84.860
207.40	-80.203
207.88	-78.664
208.35	-78.264
208.82	-80.386
209.30	-81.588
209.77	-80.254
210.25	-81.128
210.72	-81.074
211.20	-80.855
211.67	-79.686
212.14	-79.634
212.62	-78.500
213.09	-75.723
213.57	-72.988
214.04	-73.945
214.52	-72.643
214.99	-68.142
215.46	-68.878
215.94	-71.399
216.41	-71.067
216.89	-68.826
217.36	-68.833
217.83	-73.182
218.31	-73.237
218.78	-68.261
219.25	-67.853
219.73	-69.411
220.20	-68.032
220.68	-63.878
221.15	-62.789
221.62	-65.297
222.10	-67.052
222.57	-65.662
223.04	-65.158
223.52	-68.700
223.99	-70.019
224.47	-69.581
224.94	-71.249
225.41	-72.080
225.89	-71.165
226.36	-72.103
226.83	-74.408
227.31	-77.888
227.78	-76.817
228.25	-73.779
228.73	-75.021
229.20	-74.470
229.67	-75.465
230.15	-74.934
230.62	-74.519
231.09	-78.122
231.57	-80.839
232.04	-77.965
232.51	-77.469
232.98	-80.631
233.46	-80.467
233.93	-80.848
234.40	-79.723
234.88	-81.435
235.35	-83.744
235.82	-81.188
236.30	-77.912
236.77	-78.310
237.24	-80.859
237.71	-79.766
238.19	-79.972
238.66	-79.912
239.13	-83.267
239.61	-83.975
240.08	-83.949
240.55	-83.699
241.02	-81.570
241.50	-78.059
241.97	-74.821
242.44	-75.537
242.91	-77.561
243.39	-76.608
243.86	-72.356
244.33	-71.725
244.80	-72.297
245.28	-72.897
245.75	-69.930
246.22	-71.252
246.69	-73.693
247.17	-70.401
247.64	-69.222
248.11	-70.194
248.58	-71.276
249.05	-71.776
249.53	-67.702
250.00	-66.052
250.47	-70.280
250.94	-72.385
251.42	-73.873
251.89	-73.361
252.36	-73.732
252.83	-72.271
253.30	-68.711
253.78	-68.745
254.25	-69.954
254.72	-70.455
255.19	-69.025
255.66	-67.960
256.13	-70.114
256.61	-68.979
257.08	-69.590
257.55	-68.891
258.02	-68.958
258.49	-71.057
258.97	-69.840
259.44	-70.016
259.91	-71.453
260.38	-71.169
260.85	-68.572
261.32	-65.745
261.79	-66.776
262.27	-67.021
262.74	-64.541
263.21	-62.259
263.68	-65.655
264.15	-69.108
264.62	-69.017
265.09	-68.843
265.57	-73.276
266.04	-73.632
266.51	-72.103
266.98	-70.611
267.45	-71.347
267.92	-73.364
268.39	-72.475
268.86	-69.537
269.34	-68.346
269.81	-69.290
270.28	-68.289
270.75	-64.658
271.22	-65.599
271.69	-66.214
272.16	-65.027
272.63	-63.006
273.10	-65.110
273.57	-63.973
274.05	-60.659
274.52	-56.862
274.99	-56.101
275.46	-55.999
275.93	-54.417
276.40	-54.363
276.87	-52.970
277.34	-53.540
277.81	-53.868
278.28	-52.293
278.75	-53.773
279.22	-56.231
279.69	-56.164
280.16	-55.529
280.63	-56.304
281.11	-57.903
281.58	-59.142
282.05	-57.969
282.52	-58.217
282.99	-58.668
283.46	-59.318
283.93	-58.649
284.40	-59.248
284.87	-58.195
285.34	-58.996
285.81	-58.314
286.28	-56.237
286.75	-55.725
287.22	-55.603
287.69	-52.839
288.16	-49.957
288.63	-49.158
289.10	-49.464
289.57	-48.343
290.04	-46.183
290.51	-47.109
290.98	-47.079
291.45	-45.121
291.92	-45.548
292.39	-46.568
292.86	-49.529
293.33	-48.051
293.80	-47.408
294.27	-48.110
294.74	-49.895
295.21	-47.362
295.68	-45.391
296.15	-47.137
296.62	-48.969
297.09	-48.452
297.56	-47.499
298.03	-49.298
298.49	-50.115
298.96	-48.614
299.43	-46.436
299.90	-48.386
300.37	-49.137
300.84	-48.609
301.31	-47.897
301.78	-47.915
302.25	-48.459
302.72	-46.348
303.19	-43.562
303.66	-41.618
304.13	-42.451
304.60	-42.246
305.07	-41.789
305.53	-42.007
306.00	-42.024
306.47	-43.066
306.94	-40.601
307.41	-41.211
307.88	-42.400
308.35	-42.930
308.82	-41.073
309.29	-41.729
309.76	-40.211
310.22	-39.236
310.69	-38.356
311.16	-37.583
311.63	-36.219
312.10	-37.040
312.57	-35.103
313.04	-36.877
313.51	-38.151
313.97	-37.749
314.44	-36.455
314.91	-36.115
315.38	-36.550
315.85	-35.299
316.32	-31.968
316.79	-33.395
317.25	-33.418
317.72	-32.972
318.19	-32.198
318.66	-31.559
319.13	-30.858
319.60	-32.626
320.07	-32.606
320.53	-31.131
321.00	-31.278
321.47	-32.144
321.94	-30.930
322.41	-30.575
322.87	-30.269
323.34	-30.316
323.81	-29.450
324.28	-29.038
324.75	-29.556
325.22	-29.544
325.68	-30.565
326.15	-30.937
326.62	-30.189
327.09	-29.701
327.56	-29.229
328.02	-28.288
328.49	-29.453
328.96	-30.331
329.43	-29.494
329.89	-28.992
330.36	-29.274
330.83	-30.328
331.30	-30.496
331.77	-30.151
332.23	-30.041
332.70	-30.037
333.17	-30.394
333.64	-29.997
334.10	-29.074
334.57	-27.705
335.04	-27.593
335.51	-26.058
335.97	-25.985
336.44	-26.066
336.91	-26.713
337.38	-25.565
337.84	-25.040
338.31	-23.850
338.78	-23.016
339.24	-21.543
339.71	-19.868
340.18	-18.866
340.65	-18.502
341.11	-17.080
341.58	-16.133
342.05	-15.877
342.52	-15.326
342.98	-14.292
343.45	-13.501
343.92	-13.746
344.38	-13.936
344.85	-13.450
345.32	-13.328
345.78	-12.692
346.25	-12.334
346.72	-11.242
347.18	-10.807
347.65	-10.393
348.12	-10.161
348.58	-9.509
349.05	-9.304
349.52	-9.278
349.99	-9.695
350.45	-8.628
350.92	-8.125
351.38	-8.154
351.85	-8.177
352.32	-7.468
352.78	-6.887
353.25	-6.271
353.72	-5.845
354.18	-5.575
354.65	-4.907
355.12	-4.544
355.58	-4.309
356.05	-3.781
356.52	-3.445
356.98	-3.130
357.45	-3.010
357.91	-2.759
358.38	-2.645
358.85	-2.527
359.31	-2.434
359.78	-2.207
360.25	-2.164
360.71	-2.084
361.18	-1.844
361.64	-1.460
362.11	-1.313
362.58	-1.353
363.04	-1.388
363.51	-1.007
363.97	-0.689
364.44	-0.577
364.91	-0.559
365.37	-0.471
365.84	-0.389
366.30	-0.391
366.77	-0.328
367.23	-0.216
367.70	-0.133
368.17	0.072
368.63	0.223
369.10	0.353
369.56	0.647
370.03	0.732
370.49	0.733
370.96	0.884
371.42	0.931
371.89	1.078
372.36	1.206
372.82	1.236
373.29	1.279
373.75	1.397
374.22	1.555
374.68	1.657
375.15	1.818
375.61	1.916
376.08	2.046
376.54	2.129
377.01	2.310
377.47	2.426
377.94	2.415
378.40	2.473
378.87	2.562
379.33	2.645
379.80	2.750
380.26	2.886
380.73	2.979
381.19	2.987
381.66	2.974
382.12	2.989
382.59	3.034
383.05	3.062
383.52	3.023
383.98	2.989
384.45	3.118
384.91	3.042
385.38	3.065
385.84	3.099
386.31	3.108
386.77	3.032
387.24	3.060
387.70	3.153
388.16	3.227
388.63	3.278
389.09	3.316
389.56	3.356
390.02	3.387
390.49	3.439
390.95	3.526
391.42	3.580
391.88	3.681
392.34	3.749
392.81	3.828
393.27	3.928
393.74	4.038
394.20	4.113
394.67	4.251
395.13	4.332
395.59	4.454
396.06	4.500
396.52	4.632
396.99	4.678
397.45	4.718
397.91	4.744
398.38	4.677
398.84	4.734
399.31	4.798
399.77	4.785
400.23	4.800
400.70	4.797
401.16	4.775
401.63	4.784
402.09	4.764
402.55	4.753
403.02	4.698
403.48	4.651
403.94	4.594
404.41	4.533
404.87	4.507
405.33	4.463
405.80	4.461
406.26	4.419
406.73	4.420
407.19	4.439
407.65	4.490
408.12	4.576
408.58	4.638
409.04	4.691
409.51	4.790
409.97	4.875
410.43	5.003
410.90	5.152
411.36	5.296
411.82	5.481
412.29	5.661
412.75	5.885
413.21	6.075
413.67	6.283
414.14	6.517
414.60	6.744
415.06	6.976
415.53	7.204
415.99	7.427
416.45	7.652
416.92	7.823
417.38	7.977
417.84	8.131
418.30	8.248
418.77	8.346
419.23	8.446
419.69	8.518
420.16	8.579
420.62	8.584
421.08	8.571
421.54	8.514
422.01	8.448
422.47	8.359
422.93	8.270
423.39	8.153
423.86	8.023
424.32	7.879
424.78	7.725
425.24	7.559
425.71	7.406
426.17	7.234
426.63	7.071
427.09	6.931
427.56	6.808
428.02	6.677
428.48	6.562
428.94	6.409
429.41	6.273
429.87	6.157
430.33	6.188
430.79	6.262
431.25	6.405
431.72	6.557
432.18	6.747
432.64	6.971
433.10	7.233
433.56	7.514
434.03	7.815
434.49	8.150
434.95	8.521
435.41	8.892
435.87	9.280
436.34	9.702
436.80	10.142
437.26	10.573
437.72	10.999
438.18	11.470
438.64	11.947
439.11	12.412
439.57	12.869
440.03	13.221
440.49	13.539
440.95	13.818
441.41	14.054
441.88	14.270
442.34	14.475
442.80	14.631
443.26	14.737
443.72	14.826
444.18	14.875
444.64	14.880
445.11	14.848
445.57	14.784
446.03	14.696
446.49	14.557
446.95	14.409
447.41	14.218
447.87	13.995
448.33	13.776
448.79	13.530
449.26	13.279
449.72	13.042
450.18	12.796
450.64	12.562
451.10	12.325
451.56	12.109
452.02	11.905
452.48	11.709
452.94	11.544
453.40	11.413
453.87	11.304
454.33	11.226
454.79	11.200
455.25	11.195
455.71	11.220
456.17	11.286
456.63	11.396
457.09	11.574
457.55	11.781
458.01	12.012
458.47	12.304
458.93	12.636
459.39	12.998
459.85	13.383
460.31	13.783
460.77	14.229
461.24	14.703
461.70	15.185
462.16	15.681
462.62	16.203
463.08	16.715
463.54	17.241
464.00	17.774
464.46	18.283
464.92	18.789
465.38	19.276
465.84	19.744
466.30	20.193
466.76	20.610
467.22	20.997
467.68	21.369
468.14	21.695
468.60	21.987
469.06	22.245
469.52	22.449
469.98	22.632
470.44	22.777
470.90	22.864
471.36	22.923
471.82	22.942
472.28	22.926
472.74	22.872
473.20	22.768
473.66	22.631
474.12	22.468
474.58	22.264
475.04	22.038
475.50	21.789
475.95	21.517
476.41	21.226
476.87	20.913
477.33	20.588
477.79	20.263
478.25	19.926
478.71	19.583
479.17	19.251
479.63	18.924
480.09	18.600
480.55	18.285
481.01	17.992
481.47	17.721
481.93	17.472
482.39	17.252
482.84	17.063
483.30	16.916
483.76	16.802
484.22	16.718
484.68	16.675
485.14	16.671
485.60	16.708
486.06	16.785
486.52	16.903
486.98	17.058
487.44	17.257
487.89	17.490
488.35	17.771
488.81	18.084
489.27	18.429
489.73	18.809
490.19	19.223
490.65	19.662
491.11	20.139
491.56	20.626
492.02	21.127
492.48	21.645
492.94	22.172
493.40	22.706
493.86	23.250
494.32	23.790
494.77	24.337
495.23	24.875
495.69	25.402
496.15	25.917
496.61	26.430
497.07	26.916
497.52	27.389
497.98	27.840
498.44	28.274
498.90	28.679
499.36	29.061
499.82	29.411
500.27	29.727
500.73	30.005
501.19	30.252
501.65	30.468
502.11	30.658
502.56	30.813
503.02	30.925
503.48	31.008
503.94	31.070
504.40	31.086
504.85	31.066
505.31	31.022
505.77	30.946
506.23	30.839
506.69	30.702
507.14	30.532
507.60	30.334
508.06	30.105
508.52	29.854
508.97	29.576
509.43	29.279
509.89	28.963
510.35	28.638
510.80	28.301
511.26	27.963
511.72	27.607
512.18	27.243
512.63	26.877
513.09	26.506
513.55	26.129
514.01	25.764
514.46	25.406
514.92	25.054
515.38	24.720
515.84	24.396
516.29	24.094
516.75	23.815
517.21	23.556
517.66	23.318
518.12	23.101
518.58	22.920
519.04	22.771
519.49	22.650
519.95	22.559
520.41	22.497
520.86	22.472
521.32	22.482
521.78	22.529
522.23	22.611
522.69	22.733
523.15	22.891
523.61	23.084
524.06	23.307
524.52	23.565
524.98	23.848
525.43	24.161
525.89	24.497
526.35	24.856
526.80	25.237
527.26	25.649
527.72	26.086
528.17	26.534
528.63	26.999
529.09	27.477
529.54	27.965
530.00	28.472
530.45	28.975
530.91	29.483
531.37	29.985
531.82	30.494
532.28	30.992
532.74	31.484
533.19	31.963
533.65	32.428
534.10	32.878
534.56	33.314
535.02	33.724
535.47	34.125
535.93	34.510
536.39	34.884
536.84	35.227
537.30	35.552
537.75	35.849
538.21	36.115
538.67	36.358
539.12	36.584
539.58	36.773
540.03	36.939
540.49	37.090
540.94	37.215
541.40	37.302
541.86	37.364
542.31	37.400
542.77	37.416
543.22	37.416
543.68	37.386
544.13	37.331
544.59	37.263
545.05	37.160
545.50	37.034
545.96	36.876
546.41	36.699
546.87	36.501
547.32	36.283
547.78	36.049
548.23	35.797
548.69	35.523
549.14	35.235
549.60	34.930
550.06	34.604
550.51	34.273
550.97	33.934
551.42	33.582
551.88	33.223
552.33	32.851
552.79	32.472
553.24	32.099
553.70	31.729
554.15	31.363
554.61	31.006
555.06	30.654
555.52	30.305
555.97	29.970
556.43	29.647
556.88	29.333
557.34	29.044
557.79	28.772
558.25	28.516
558.70	28.282
559.15	28.066
559.61	27.876
560.06	27.706
560.52	27.566
560.97	27.456
561.43	27.376
561.88	27.324
562.34	27.298
562.79	27.295
563.25	27.324
563.70	27.376
564.16	27.459
564.61	27.571
565.06	27.717
565.52	27.886
565.97	28.081
566.43	28.314
566.88	28.565
567.34	28.839
567.79	29.137
568.24	29.462
568.70	29.808
569.15	30.166
569.61	30.548
570.06	30.942
570.51	31.357
570.97	31.786
571.42	32.218
571.88	32.673
572.33	33.136
572.78	33.601
573.24	34.078
573.69	34.555
574.15	35.035
574.60	35.511
575.05	35.990
575.51	36.472
575.96	36.951
576.42	37.433
576.87	37.910
577.32	38.382
577.78	38.838
578.23	39.291
578.68	39.733
579.14	40.166
579.59	40.580
580.04	40.972
580.50	41.350
580.95	41.718
581.40	42.065
581.86	42.400
582.31	42.715
582.76	43.020
583.22	43.305
583.67	43.573
584.12	43.825
584.58	44.046
585.03	44.243
585.48	44.404
585.94	44.537
586.39	44.640
586.84	44.736
587.30	44.821
587.75	44.878
588.20	44.921
588.66	44.933
589.11	44.927
589.56	44.904
590.01	44.859
590.47	44.792
590.92	44.708
591.37	44.604
591.83	44.475
592.28	44.315
592.73	44.144
593.18	43.950
593.64	43.742
594.09	43.519
594.54	43.285
594.99	43.050
595.45	42.800
595.90	42.533
596.35	42.242
596.80	41.929
597.26	41.608
597.71	41.273
598.16	40.930
598.61	40.583
599.07	40.224
599.52	39.856
599.97	39.482
600.42	39.100
600.88	38.715
601.33	38.328
601.78	37.947
602.23	37.552
602.69	37.161
603.14	36.770
603.59	36.384
604.04	36.000
604.49	35.614
604.95	35.230
605.40	34.874
605.85	34.527
606.30	34.187
606.75	33.857
607.21	33.548
607.66	33.248
608.11	32.963
608.56	32.691
609.01	32.441
609.46	32.210
609.92	31.996
610.37	31.800
610.82	31.631
611.27	31.484
611.72	31.366
612.17	31.267
612.63	31.187
613.08	31.126
613.53	31.090
613.98	31.084
614.43	31.105
614.88	31.140
615.34	31.197
615.79	31.272
616.24	31.370
616.69	31.485
617.14	31.626
617.59	31.782
618.04	31.963
618.49	32.162
618.95	32.376
619.40	32.609
619.85	32.870
620.30	33.136
620.75	33.411
621.20	33.706
621.65	34.018
622.10	34.344
622.55	34.681
623.00	35.029
623.46	35.387
623.91	35.742
624.36	36.105
624.81	36.468
625.26	36.851
625.71	37.234
626.16	37.627
626.61	38.019
627.06	38.417
627.51	38.821
627.96	39.220
628.41	39.620
628.86	40.016
629.32	40.403
629.77	40.796
630.22	41.184
630.67	41.561
631.12	41.932
631.57	42.303
632.02	42.672
632.47	43.027
632.92	43.373
633.37	43.726
633.82	44.064
634.27	44.392
634.72	44.706
635.17	45.009
635.62	45.296
636.07	45.569
636.52	45.825
636.97	46.069
637.42	46.295
637.87	46.513
638.32	46.712
638.77	46.910
639.22	47.092
639.67	47.254
640.12	47.410
640.57	47.548
641.02	47.660
641.47	47.754
641.92	47.845
642.37	47.911
642.82	47.947
643.27	47.968
643.72	47.980
644.17	47.974
644.62	47.957
645.07	47.918
645.52	47.881
645.97	47.830
646.42	47.756
646.87	47.677
647.32	47.602
647.77	47.525
648.22	47.418
648.66	47.292
649.11	47.146
649.56	46.979
650.01	46.802
650.46	46.625
650.91	46.448
651.36	46.239
651.81	46.018
652.26	45.803
652.71	45.568
653.16	45.327
653.61	45.069
654.06	44.801
654.50	44.531
654.95	44.242
655.40	43.942
655.85	43.642
656.30	43.332
656.75	42.996
657.20	42.652
657.65	42.309
658.10	41.958
658.55	41.628
658.99	41.298
659.44	40.965
659.89	40.625
660.34	40.270
660.79	39.920
661.24	39.580
661.69	39.239
662.13	38.911
662.58	38.570
663.03	38.245
663.48	37.922
663.93	37.598
664.38	37.279
664.83	36.974
665.27	36.666
665.72	36.361
666.17	36.069
666.62	35.778
667.07	35.498
667.52	35.232
667.96	34.954
668.41	34.685
668.86	34.433
669.31	34.189
669.76	33.968
670.21	33.760
670.65	33.567
671.10	33.378
671.55	33.208
672.00	33.060
672.45	32.917
672.89	32.790
673.34	32.674
673.79	32.573
674.24	32.479
674.68	32.406
675.13	32.349
675.58	32.312
676.03	32.290
676.48	32.271
676.92	32.264
677.37	32.285
677.82	32.321
678.27	32.363
678.71	32.419
679.16	32.484
679.61	32.565
680.06	32.655
680.50	32.760
680.95	32.891
681.40	33.028
681.85	33.168
682.29	33.326
682.74	33.499
683.19	33.682
683.64	33.876
684.08	34.086
684.53	34.308
684.98	34.537
685.43	34.787
685.87	35.045
686.32	35.309
686.77	35.569
687.21	35.827
687.66	36.103
688.11	36.397
688.55	36.687
689.00	36.976
689.45	37.290
689.90	37.610
690.34	37.912
690.79	38.220
691.24	38.545
691.68	38.867
692.13	39.179
692.58	39.483
693.02	39.804
693.47	40.113
693.92	40.417
694.36	40.709
694.81	41.008
695.26	41.313
695.70	41.605
696.15	41.899
696.60	42.207
697.04	42.500
697.49	42.774
697.94	43.040
698.38	43.322
698.83	43.587
699.27	43.851
699.72	44.097
700.17	44.344
700.61	44.586
701.06	44.818
701.51	45.058
701.95	45.303
702.40	45.538
702.84	45.756
703.29	45.974
703.74	46.184
704.18	46.377
704.63	46.560
705.07	46.742
705.52	46.916
705.97	47.075
706.41	47.220
706.86	47.352
707.30	47.500
707.75	47.642
708.20	47.766
708.64	47.862
709.09	47.952
709.53	48.029
709.98	48.104
710.42	48.154
710.87	48.181
711.32	48.202
711.76	48.203
712.21	48.207
712.65	48.201
713.10	48.194
713.54	48.170
713.99	48.146
714.43	48.115
714.88	48.060
715.33	47.981
715.77	47.914
716.22	47.849
716.66	47.763
717.11	47.652
717.55	47.544
718.00	47.438
718.44	47.326
718.89	47.198
719.33	47.069
719.78	46.950
720.22	46.826
720.67	46.686
721.11	46.548
721.56	46.402
722.00	46.232
722.45	46.051
722.89	45.868
723.34	45.680
723.78	45.502
724.23	45.321
724.67	45.141
725.12	44.942
725.56	44.729
726.01	44.513
726.45	44.291
726.90	44.051
727.34	43.801
727.78	43.571
728.23	43.331
728.67	43.068
729.12	42.797
729.56	42.535
730.01	42.263
730.45	41.971
730.90	41.679
731.34	41.414
731.79	41.150
732.23	40.873
732.67	40.577
733.12	40.271
733.56	39.998
734.01	39.726
734.45	39.434
734.89	39.158
735.34	38.900
735.78	38.642
736.23	38.375
736.67	38.110
737.12	37.836
737.56	37.575
738.00	37.321
738.45	37.073
738.89	36.832
739.34	36.619
739.78	36.429
740.22	36.225
740.67	36.007
741.11	35.789
741.55	35.587
742.00	35.388
742.44	35.188
742.89	34.982
743.33	34.788
743.77	34.628
744.22	34.468
744.66	34.286
745.10	34.111
745.55	33.942
745.99	33.807
746.43	33.681
746.88	33.551
747.32	33.423
747.76	33.312
748.21	33.222
748.65	33.118
749.09	33.008
749.54	32.911
749.98	32.835
750.42	32.779
750.87	32.713
751.31	32.658
751.75	32.632
752.20	32.622
752.64	32.616
753.08	32.612
753.53	32.600
753.97	32.615
754.41	32.644
754.85	32.692
755.30	32.731
755.74	32.779
756.18	32.859
756.63	32.969
757.07	33.078
757.51	33.161
757.95	33.259
758.40	33.376
758.84	33.503
759.28	33.633
759.72	33.757
760.17	33.905
760.61	34.069
761.05	34.228
761.50	34.378
761.94	34.532
762.38	34.687
762.82	34.881
763.26	35.072
763.71	35.263
764.15	35.453
764.59	35.639
765.03	35.822
765.48	36.001
765.92	36.165
766.36	36.331
766.80	36.526
767.25	36.735
767.69	36.937
768.13	37.165
768.57	37.394
769.01	37.627
769.46	37.861
769.90	38.086
770.34	38.313
770.78	38.540
771.22	38.791
771.67	39.063
772.11	39.315
772.55	39.560
772.99	39.792
773.43	40.020
773.87	40.277
774.32	40.538
774.76	40.786
775.20	41.031
775.64	41.284
776.08	41.558
776.52	41.815
776.97	42.069
777.41	42.302
777.85	42.539
778.29	42.784
778.73	43.035
779.17	43.300
779.62	43.548
780.06	43.793
780.50	44.026
780.94	44.241
781.38	44.458
781.82	44.672
782.26	44.907
782.70	45.148
783.15	45.368
783.59	45.584
784.03	45.794
784.47	46.001
784.91	46.188
785.35	46.351
785.79	46.517
786.23	46.688
786.67	46.848
787.11	47.002
787.56	47.146
788.00	47.280
788.44	47.404
788.88	47.542
789.32	47.680
789.76	47.806
790.20	47.934
790.64	48.067
791.08	48.197
791.52	48.301
791.96	48.385
792.40	48.474
792.84	48.578
793.28	48.692
793.73	48.804
794.17	48.909
794.61	49.000
795.05	49.095
795.49	49.162
795.93	49.211
796.37	49.254
796.81	49.300
797.25	49.351
797.69	49.378
798.13	49.383
798.57	49.385
799.01	49.387
799.45	49.359
799.89	49.309
800.33	49.272
800.77	49.252
801.21	49.236
801.65	49.190
802.09	49.123
802.53	49.043
802.97	48.960
803.41	48.896
803.85	48.838
804.29	48.760
804.73	48.706
805.17	48.642
805.61	48.564
806.05	48.470
806.49	48.348
806.93	48.247
807.37	48.162
807.81	48.092
808.25	47.996
808.69	47.891
809.13	47.776
809.57	47.654
810.01	47.525
810.44	47.379
810.88	47.236
811.32	47.103
811.76	46.973
812.20	46.825
812.64	46.664
813.08	46.492
813.52	46.296
813.96	46.087
814.40	45.910
814.84	45.743
815.28	45.578
815.72	45.414
816.16	45.233
816.59	45.056
817.03	44.852
817.47	44.667
817.91	44.496
818.35	44.341
818.79	44.171
819.23	43.986
819.67	43.805
820.11	43.627
820.54	43.426
820.98	43.205
821.42	42.999
821.86	42.781
822.30	42.562
822.74	42.372
823.18	42.178
823.62	41.960
824.05	41.737
824.49	41.529
824.93	41.322
825.37	41.127
825.81	40.921
826.25	40.703
826.69	40.444
827.12	40.185
827.56	39.930
828.00	39.690
828.44	39.470
828.88	39.253
829.32	39.022
829.75	38.797
830.19	38.583
830.63	38.361
831.07	38.155
831.51	37.941
831.94	37.711
832.38	37.492
832.82	37.294
833.26	37.107
833.70	36.915
834.13	36.730
834.57	36.533
835.01	36.343
835.45	36.169
835.89	36.022
836.32	35.883
836.76	35.717
837.20	35.542
837.64	35.371
838.08	35.224
838.51	35.111
838.95	35.001
839.39	34.888
839.83	34.790
840.26	34.687
840.70	34.587
841.14	34.506
841.58	34.427
842.01	34.351
842.45	34.266
842.89	34.180
843.33	34.085
843.76	34.006
844.20	33.929
844.64	33.863
845.08	33.798
845.51	33.729
845.95	33.685
846.39	33.650
846.82	33.608
847.26	33.550
847.70	33.475
848.14	33.411
848.57	33.371
849.01	33.336
849.45	33.293
849.88	33.264
850.32	33.246
850.76	33.232
851.19	33.242
851.63	33.257
852.07	33.280
852.50	33.307
852.94	33.314
853.38	33.320
853.81	33.343
854.25	33.379
854.69	33.424
855.12	33.491
855.56	33.556
856.00	33.637
856.43	33.729
856.87	33.834
857.31	33.948
857.74	34.048
858.18	34.136
858.62	34.238
859.05	34.334
859.49	34.431
859.93	34.527
860.36	34.611
860.80	34.719
861.24	34.831
861.67	34.947
862.11	35.063
862.54	35.184
862.98	35.319
863.42	35.470
863.85	35.619
864.29	35.749
864.72	35.898
865.16	36.036
865.60	36.177
866.03	36.327
866.47	36.466
866.90	36.604
867.34	36.763
867.78	36.960
868.21	37.178
868.65	37.394
869.08	37.618
869.52	37.827
869.95	38.011
870.39	38.189
870.83	38.385
871.26	38.619
871.70	38.864
872.13	39.087
872.57	39.300
873.00	39.511
873.44	39.717
873.87	39.908
874.31	40.098
874.75	40.278
875.18	40.462
875.62	40.651
876.05	40.853
876.49	41.065
876.92	41.289
877.36	41.511
877.79	41.723
878.23	41.914
878.66	42.114
879.10	42.339
879.53	42.568
879.97	42.779
880.40	42.972
880.84	43.164
881.27	43.347
881.71	43.519
882.14	43.711
882.58	43.909
883.01	44.104
883.45	44.326
883.88	44.540
884.32	44.729
884.75	44.918
885.19	45.122
885.62	45.339
886.06	45.517
886.49	45.691
886.92	45.879
887.36	46.081
887.79	46.264
888.23	46.421
888.66	46.586
889.10	46.743
889.53	46.895
889.97	47.043
890.40	47.185
890.83	47.335
891.27	47.466
891.70	47.621
892.14	47.781
892.57	47.929
893.01	48.107
893.44	48.298
893.87	48.477
894.31	48.669
894.74	48.821
895.18	48.956
895.61	49.063
896.04	49.162
896.48	49.239
896.91	49.323
897.35	49.382
897.78	49.446
898.21	49.550
898.65	49.671
899.08	49.771
899.52	49.881
899.95	49.988
900.38	50.101
900.82	50.208
901.25	50.334
901.68	50.444
902.12	50.550
902.55	50.635
902.99	50.754
903.42	50.837
903.85	50.910
904.29	51.001
904.72	51.090
905.15	51.162
905.59	51.237
906.02	51.317
906.45	51.442
906.89	51.537
907.32	51.609
907.75	51.692
908.19	51.742
908.62	51.788
909.05	51.809
909.49	51.807
909.92	51.798
910.35	51.759
910.78	51.695
911.22	51.609
911.65	51.538
912.08	51.472
912.52	51.409
912.95	51.355
913.38	51.270
913.82	51.218
914.25	51.169
914.68	51.124
915.11	51.092
915.55	51.034
915.98	50.993
916.41	50.934
916.84	50.829
917.28	50.765
917.71	50.697
918.14	50.652
918.58	50.610
919.01	50.525
919.44	50.454
919.87	50.399
920.31	50.378
920.74	50.351
921.17	50.258
921.60	50.184
922.03	50.084
922.47	49.986
922.90	49.866
923.33	49.732
923.76	49.628
924.20	49.532
924.63	49.413
925.06	49.268
925.49	49.102
925.92	48.980
926.36	48.872
926.79	48.743
927.22	48.604
927.65	48.458
928.08	48.346
928.52	48.209
928.95	48.066
929.38	47.915
929.81	47.757
930.24	47.605
930.68	47.444
931.11	47.288
931.54	47.148
931.97	47.032
932.40	46.911
932.83	46.780
933.27	46.610
933.70	46.447
934.13	46.296
934.56	46.177
934.99	46.014
935.42	45.819
935.85	45.639
936.29	45.486
936.72	45.331
937.15	45.147
937.58	44.999
938.01	44.862
938.44	44.665
938.87	44.504
939.31	44.344
939.74	44.173
940.17	44.025
940.60	43.846
941.03	43.655
941.46	43.482
941.89	43.295
942.32	43.115
942.75	42.925
943.18	42.753
943.62	42.559
944.05	42.328
944.48	42.119
944.91	41.900
945.34	41.674
945.77	41.452
946.20	41.250
946.63	41.044
947.06	40.821
947.49	40.621
947.92	40.397
948.35	40.151
948.78	39.899
949.22	39.662
949.65	39.421
950.08	39.175
950.51	38.959
950.94	38.714
951.37	38.484
951.80	38.293
952.23	38.078
952.66	37.895
953.09	37.752
953.52	37.609
953.95	37.476
954.38	37.318
954.81	37.165
955.24	37.021
955.67	36.850
956.10	36.702
956.53	36.546
956.96	36.399
957.39	36.314
957.82	36.200
958.25	36.081
958.68	35.930
959.11	35.836
959.54	35.692
959.97	35.543
960.40	35.444
960.83	35.335
961.26	35.226
961.69	35.085
962.12	34.905
962.55	34.737
962.98	34.573
963.41	34.397
963.84	34.275
964.27	34.152
964.70	34.044
965.13	33.910
965.56	33.797
965.99	33.692
966.42	33.575
966.84	33.484
967.27	33.368
967.70	33.311
968.13	33.203
968.56	33.096
968.99	33.004
969.42	32.889
969.85	32.787
970.28	32.650
970.71	32.564
971.14	32.499
971.57	32.404
972.00	32.341
972.42	32.282
972.85	32.204
973.28	32.111
973.71	31.961
974.14	31.873
974.57	31.801
975.00	31.712
975.43	31.614
975.86	31.526
976.28	31.453
976.71	31.453
977.14	31.357
977.57	31.331
978.00	31.307
978.43	31.290
978.86	31.201
979.29	31.193
979.71	31.120
980.14	31.102
980.57	31.060
981.00	31.007
981.43	31.036
981.86	31.031
982.28	31.039
982.71	31.031
983.14	31.024
983.57	31.031
984.00	30.992
984.43	30.999
984.85	31.003
985.28	31.087
985.71	31.040
986.14	31.050
986.57	31.090
986.99	31.126
987.42	31.096
987.85	31.137
988.28	31.147
988.71	31.227
989.13	31.307
989.56	31.417
989.99	31.529
990.42	31.613
990.85	31.669
991.27	31.708
991.70	31.798
992.13	31.825
992.56	31.849
992.98	31.881
993.41	31.952
993.84	32.045
994.27	32.025
994.70	32.073
995.12	32.102
995.55	32.132
995.98	32.202
996.41	32.262
996.83	32.351
997.26	32.461
997.69	32.552
998.11	32.566
998.54	32.555
998.97	32.647
999.40	32.685
999.82	32.709
1000.25	32.862
1000.68	33.004
1001.11	33.130
1001.53	33.229
1001.96	33.371
1002.39	33.416
1002.81	33.549
1003.24	33.605
1003.67	33.726
1004.09	33.898
1004.52	34.009
1004.95	34.130
1005.38	34.194
1005.80	34.337
1006.23	34.450
1006.66	34.457
1007.08	34.572
1007.51	34.660
1007.94	34.701
1008.36	34.738
1008.79	34.780
1009.22	34.715
1009.64	34.742
1010.07	34.770
1010.50	34.854
1010.92	34.960
1011.35	35.134
1011.77	35.149
1012.20	35.218
1012.63	35.307
1013.05	35.369
1013.48	35.363
1013.91	35.403
1014.33	35.518
1014.76	35.616
1015.19	35.697
1015.61	35.700
1016.04	35.804
1016.46	35.990
1016.89	35.953
1017.32	36.045
1017.74	36.111
1018.17	36.325
1018.59	36.536
1019.02	36.626
1019.45	36.636
1019.87	36.663
1020.30	36.628
1020.72	36.721
1021.15	36.728
1021.58	36.869
1022.00	36.962
1022.43	36.976
1022.85	37.087
1023.28	37.208
1023.70	37.182
1024.13	37.184
1024.55	37.215
1024.98	37.205
1025.41	37.210
1025.83	37.254
1026.26	37.197
1026.68	37.333
1027.11	37.299
1027.53	37.251
1027.96	37.128
1028.38	37.299
1028.81	37.367
1029.23	37.397
1029.66	37.268
1030.08	37.410
1030.51	37.367
1030.94	37.512
1031.36	37.598
1031.79	37.588
1032.21	37.568
1032.64	37.598
1033.06	37.582
1033.49	37.631
1033.91	37.687
1034.34	37.565
1034.76	37.565
1035.19	37.731
1035.61	37.811
1036.03	37.620
1036.46	37.417
1036.88	37.398
1037.31	37.337
1037.73	37.373
1038.16	37.230
1038.58	37.259
1039.01	37.268
1039.43	37.252
1039.86	37.289
1040.28	37.134
1040.71	37.135
1041.13	37.005
1041.55	36.723
1041.98	36.648
1042.40	36.894
1042.83	36.779
1043.25	36.951
1043.68	36.911
1044.10	36.764
1044.52	36.648
1044.95	36.508
1045.37	36.490
1045.80	36.622
1046.22	36.471
1046.65	36.217
1047.07	36.193
1047.49	36.277
1047.92	36.224
1048.34	35.838
1048.77	35.413
1049.19	35.248
1049.61	34.743
1050.04	34.503
1050.46	34.454
1050.89	34.508
1051.31	34.186
1051.73	33.939
1052.16	33.634
1052.58	33.343
1053.00	33.330
1053.43	33.291
1053.85	33.300
1054.27	33.456
1054.70	33.236
1055.12	32.901
1055.55	32.517
1055.97	32.175
1056.39	32.120
1056.82	31.900
1057.24	31.958
1057.66	31.787
1058.09	31.727
1058.51	31.697
1058.93	31.520
1059.36	31.279
1059.78	30.889
1060.20	30.379
1060.62	29.954
1061.05	29.709
1061.47	29.684
1061.89	29.103
1062.32	28.559
1062.74	28.445
1063.16	27.822
1063.59	27.209
1064.01	26.760
1064.43	26.880
1064.85	26.966
1065.28	26.299
1065.70	25.886
1066.12	25.000
1066.55	24.798
1066.97	24.631
1067.39	24.007
1067.81	23.621
1068.24	23.248
1068.66	22.604
1069.08	21.883
1069.50	21.063
1069.93	20.475
1070.35	20.030
1070.77	19.148
1071.19	18.570
1071.62	17.901
1072.04	17.487
1072.46	17.372
1072.88	16.815
1073.31	15.992
1073.73	15.014
1074.15	13.747
1074.57	12.554
1075.00	12.462
1075.42	11.330
1075.84	10.268
1076.26	9.553
1076.68	9.055
1077.11	8.396
1077.53	7.373
1077.95	7.115
1078.37	6.815
1078.79	6.033
1079.22	5.205
1079.64	4.167
1080.06	2.739
1080.48	1.667
1080.90	0.242
1081.32	-0.984
1081.75	-1.982
1082.17	-3.272
1082.59	-4.392
1083.01	-5.777
1083.43	-6.547
1083.85	-8.032
1084.28	-10.460
1084.70	-12.312
1085.12	-13.894
1085.54	-15.333
1085.96	-16.702
1086.38	-18.859
1086.80	-18.784
1087.23	-19.618
1087.65	-21.304
1088.07	-24.030
1088.49	-25.271
1088.91	-26.890
1089.33	-28.957
1089.75	-32.840
1090.17	-34.856
1090.60	-36.988
1091.02	-39.793
1091.44	-41.175
1091.86	-42.985
1092.28	-45.071
1092.70	-46.908
1093.12	-48.654
1093.54	-50.965
1093.96	-51.181
1094.38	-54.600
1094.81	-58.871
1095.23	-60.256
1095.65	-63.932
1096.07	-65.959
1096.49	-71.109
1096.91	-74.499
1097.33	-75.352
1097.75	-80.552
1098.17	-83.628
1098.59	-85.049
1099.01	-84.865
1099.43	-85.075
1099.85	-89.629
1100.27	-94.646
1100.69	-94.806
1101.11	-96.827
1101.53	-102.327
1101.95	-106.028
1102.38	-82.045
1102.80	-229.962
1103.22	-57.994
1103.64	-61.106
1104.06	-226.381
1104.48	-130.524
1104.90	-128.221
1105.32	-113.908
1105.74	-133.709
1106.16	-237.760
