188.40	-167.613
188.88	-284.334
189.35	334.819
189.83	1322.609
190.30	-1705.882
190.78	-148.077
191.26	-124.155
191.73	1620.755
192.21	-1734.783
192.68	-205.153
193.16	-1028.826
193.63	-1184.026
194.11	-1252.742
194.58	-1186.482
195.06	-972.185
195.53	-625.988
196.01	-510.728
196.48	-460.754
196.96	-380.509
197.43	-316.439
197.91	-278.028
198.38	-254.909
198.86	-209.671
199.33	-172.151
199.81	-163.884
200.28	-158.234
200.76	-144.797
201.23	-131.028
201.71	-119.176
202.18	-111.655
202.66	-102.118
203.13	-95.428
203.61	-92.429
204.08	-84.391
204.55	-77.356
205.03	-71.181
205.50	-68.881
205.98	-72.421
206.45	-72.026
206.93	-69.346
207.40	-69.696
207.88	-69.595
208.35	-68.267
208.82	-69.249
209.30	-66.663
209.77	-67.304
210.25	-67.144
210.72	-66.134
211.20	-66.620
211.67	-64.511
212.14	-64.141
212.62	-61.616
213.09	-56.663
213.57	-54.724
214.04	-56.001
214.52	-56.001
214.99	-51.620
215.46	-51.876
215.94	-55.172
216.41	-53.946
216.89	-52.330
217.36	-51.879
217.83	-54.248
218.31	-53.052
218.78	-50.081
219.25	-50.557
219.73	-52.649
220.20	-53.282
220.68	-49.227
221.15	-50.541
221.62	-51.386
222.10	-53.286
222.57	-52.192
223.04	-51.477
223.52	-56.614
223.99	-57.156
224.47	-54.666
224.94	-58.156
225.41	-59.264
225.89	-56.716
226.36	-56.046
226.83	-55.466
227.31	-57.328
227.78	-56.399
228.25	-54.955
228.73	-55.143
229.20	-55.494
229.67	-56.799
230.15	-53.244
230.62	-52.041
231.09	-54.717
231.57	-55.800
232.04	-53.420
232.51	-53.868
232.98	-56.766
233.46	-55.495
233.93	-54.225
234.40	-52.320
234.88	-54.746
235.35	-55.889
235.82	-54.267
236.30	-52.278
236.77	-53.809
237.24	-57.289
237.71	-55.333
238.19	-54.034
238.66	-56.254
239.13	-57.883
239.61	-58.333
240.08	-58.327
240.55	-59.140
241.02	-57.622
241.50	-55.499
241.97	-51.839
242.44	-53.905
242.91	-53.552
243.39	-53.129
243.86	-52.120
244.33	-54.422
244.80	-56.087
245.28	-55.936
245.75	-53.199
246.22	-56.398
246.69	-56.986
247.17	-53.712
247.64	-54.029
248.11	-54.515
248.58	-55.628
249.05	-56.320
249.53	-52.445
250.00	-54.637
250.47	-57.338
250.94	-59.113
251.42	-58.764
251.89	-58.913
252.36	-59.585
252.83	-59.369
253.30	-55.623
253.78	-55.698
254.25	-56.102
254.72	-55.562
255.19	-54.655
255.66	-53.904
256.13	-54.889
256.61	-53.249
257.08	-51.826
257.55	-52.499
258.02	-52.664
258.49	-54.526
258.97	-53.002
259.44	-52.325
259.91	-52.231
260.38	-50.744
260.85	-47.447
261.32	-47.586
261.79	-47.904
262.27	-48.765
262.74	-47.264
263.21	-46.615
263.68	-49.757
264.15	-50.112
264.62	-49.401
265.09	-49.904
265.57	-53.115
266.04	-54.229
266.51	-53.217
266.98	-52.632
267.45	-54.585
267.92	-57.257
268.39	-53.412
268.86	-53.342
269.34	-51.762
269.81	-54.062
270.28	-54.080
270.75	-49.718
271.22	-51.419
271.69	-50.790
272.16	-48.848
272.63	-48.857
273.10	-48.104
273.57	-48.194
274.05	-46.819
274.52	-44.587
274.99	-45.356
275.46	-44.350
275.93	-43.523
276.40	-45.751
276.87	-45.565
277.34	-45.848
277.81	-43.497
278.28	-43.258
278.75	-44.217
279.22	-45.983
279.69	-44.813
280.16	-44.095
280.63	-45.807
281.11	-47.905
281.58	-50.331
282.05	-48.025
282.52	-48.026
282.99	-49.717
283.46	-50.601
283.93	-49.879
284.40	-48.646
284.87	-48.316
285.34	-48.579
285.81	-47.419
286.28	-45.495
286.75	-43.956
287.22	-44.194
287.69	-43.907
288.16	-41.720
288.63	-41.809
289.10	-42.337
289.57	-39.976
290.04	-38.627
290.51	-39.719
290.98	-38.562
291.45	-36.538
291.92	-36.778
292.39	-38.478
292.86	-40.242
293.33	-37.259
293.80	-37.009
294.27	-38.250
294.74	-39.603
295.21	-38.362
295.68	-36.404
296.15	-38.651
296.62	-40.146
297.09	-37.839
297.56	-37.435
298.03	-37.591
298.49	-38.937
298.96	-37.258
299.43	-35.881
299.90	-38.218
300.37	-36.805
300.84	-35.996
301.31	-35.546
301.78	-34.720
302.25	-34.412
302.72	-31.568
303.19	-31.397
303.66	-31.041
304.13	-30.866
304.60	-29.550
305.07	-29.143
305.53	-28.027
306.00	-27.834
306.47	-28.004
306.94	-26.540
307.41	-26.563
307.88	-26.894
308.35	-26.036
308.82	-25.838
309.29	-25.821
309.76	-25.711
310.22	-25.402
310.69	-24.053
311.16	-23.551
311.63	-23.586
312.10	-23.903
312.57	-24.323
313.04	-24.325
313.51	-24.830
313.97	-24.410
314.44	-22.988
314.91	-23.785
315.38	-24.895
315.85	-23.681
316.32	-22.307
316.79	-21.672
317.25	-22.883
317.72	-23.642
318.19	-22.041
318.66	-21.999
319.13	-22.431
319.60	-23.151
320.07	-23.770
320.53	-22.583
321.00	-23.773
321.47	-23.247
321.94	-22.141
322.41	-22.162
322.87	-20.823
323.34	-21.012
323.81	-19.880
324.28	-19.397
324.75	-19.959
325.22	-19.848
325.68	-19.514
326.15	-20.058
326.62	-20.871
327.09	-20.028
327.56	-19.866
328.02	-18.583
328.49	-20.454
328.96	-20.748
329.43	-19.379
329.89	-19.600
330.36	-20.232
330.83	-21.278
331.30	-22.602
331.77	-21.822
332.23	-21.389
332.70	-21.765
333.17	-21.634
333.64	-22.035
334.10	-21.594
334.57	-21.005
335.04	-20.341
335.51	-19.805
335.97	-19.942
336.44	-18.506
336.91	-18.554
337.38	-17.933
337.84	-17.895
338.31	-16.663
338.78	-15.638
339.24	-14.547
339.71	-13.539
340.18	-12.504
340.65	-10.848
341.11	-9.603
341.58	-9.241
342.05	-9.218
342.52	-8.416
342.98	-7.065
343.45	-7.250
343.92	-7.116
344.38	-6.797
344.85	-6.715
345.32	-5.885
345.78	-5.615
346.25	-5.451
346.72	-4.791
347.18	-4.687
347.65	-4.300
348.12	-3.951
348.58	-3.775
349.05	-3.604
349.52	-3.519
349.99	-3.610
350.45	-3.196
350.92	-3.421
351.38	-3.082
351.85	-2.881
352.32	-2.853
352.78	-2.705
353.25	-2.074
353.72	-1.478
354.18	-1.236
354.65	-0.949
355.12	-0.829
355.58	-0.327
356.05	-0.256
356.52	0.000
356.98	0.147
357.45	0.383
357.91	0.524
358.38	0.565
358.85	0.913
359.31	0.897
359.78	1.117
360.25	0.924
360.71	1.091
361.18	1.291
361.64	1.370
362.11	1.410
362.58	1.317
363.04	1.187
363.51	1.098
363.97	1.408
364.44	1.341
364.91	1.229
365.37	1.107
365.84	1.182
366.30	1.246
366.77	1.375
367.23	1.395
367.70	1.583
368.17	1.571
368.63	1.563
369.10	1.721
369.56	1.754
370.03	2.045
370.49	2.154
370.96	2.087
371.42	2.138
371.89	2.118
372.36	2.294
372.82	2.347
373.29	2.394
373.75	2.441
374.22	2.541
374.68	2.810
375.15	2.981
375.61	2.957
376.08	3.068
376.54	3.012
377.01	3.003
377.47	2.995
377.94	3.085
378.40	3.157
378.87	3.213
379.33	3.205
379.80	3.228
380.26	3.217
380.73	3.360
381.19	3.539
381.66	3.553
382.12	3.622
382.59	3.697
383.05	3.709
383.52	3.731
383.98	3.749
384.45	3.747
384.91	3.715
385.38	3.699
385.84	3.698
386.31	3.742
386.77	3.687
387.24	3.770
387.70	3.842
388.16	3.902
388.63	4.012
389.09	4.035
389.56	4.108
390.02	4.255
390.49	4.203
390.95	4.205
391.42	4.316
391.88	4.335
392.34	4.409
392.81	4.472
393.27	4.571
393.74	4.672
394.20	4.688
394.67	4.810
395.13	4.935
395.59	5.069
396.06	5.154
396.52	5.241
396.99	5.304
397.45	5.299
397.91	5.255
398.38	5.140
398.84	5.174
399.31	5.149
399.77	5.095
400.23	5.098
400.70	5.091
401.16	5.042
401.63	4.973
402.09	4.955
402.55	4.879
403.02	4.806
403.48	4.759
403.94	4.722
404.41	4.690
404.87	4.635
405.33	4.560
405.80	4.579
406.26	4.549
406.73	4.562
407.19	4.616
407.65	4.678
408.12	4.819
408.58	4.918
409.04	5.034
409.51	5.162
409.97	5.273
410.43	5.455
410.90	5.655
411.36	5.838
411.82	6.021
412.29	6.265
412.75	6.495
413.21	6.707
413.67	6.920
414.14	7.136
414.60	7.326
415.06	7.502
415.53	7.705
415.99	7.905
416.45	8.062
416.92	8.184
417.38	8.293
417.84	8.398
418.30	8.465
418.77	8.475
419.23	8.513
419.69	8.532
420.16	8.493
420.62	8.439
421.08	8.373
421.54	8.298
422.01	8.194
422.47	8.057
422.93	7.933
423.39	7.779
423.86	7.636
424.32	7.513
424.78	7.365
425.24	7.205
425.71	7.090
426.17	6.952
426.63	6.856
427.09	6.764
427.56	6.681
428.02	6.618
428.48	6.576
428.94	6.522
429.41	6.467
429.87	6.424
430.33	6.544
430.79	6.716
431.25	6.919
431.72	7.148
432.18	7.387
432.64	7.682
433.10	8.025
433.56	8.346
434.03	8.698
434.49	9.083
434.95	9.476
435.41	9.864
435.87	10.251
436.34	10.659
436.80	11.080
437.26	11.482
437.72	11.879
438.18	12.284
438.64	12.690
439.11	13.097
439.57	13.486
440.03	13.759
440.49	13.985
440.95	14.172
441.41	14.319
441.88	14.448
442.34	14.549
442.80	14.607
443.26	14.620
443.72	14.617
444.18	14.571
444.64	14.482
445.11	14.365
445.57	14.221
446.03	14.057
446.49	13.867
446.95	13.648
447.41	13.434
447.87	13.192
448.33	12.944
448.79	12.702
449.26	12.450
449.72	12.223
450.18	12.018
450.64	11.820
451.10	11.643
451.56	11.493
452.02	11.351
452.48	11.229
452.94	11.135
453.40	11.092
453.87	11.084
454.33	11.116
454.79	11.187
455.25	11.300
455.71	11.447
456.17	11.626
456.63	11.864
457.09	12.132
457.55	12.451
458.01	12.785
458.47	13.164
458.93	13.578
459.39	14.002
459.85	14.445
460.31	14.898
460.77	15.379
461.24	15.885
461.70	16.388
462.16	16.901
462.62	17.425
463.08	17.929
463.54	18.420
464.00	18.907
464.46	19.376
464.92	19.835
465.38	20.254
465.84	20.652
466.30	21.012
466.76	21.351
467.22	21.646
467.68	21.906
468.14	22.129
468.60	22.314
469.06	22.461
469.52	22.559
469.98	22.624
470.44	22.657
470.90	22.633
471.36	22.578
471.82	22.487
472.28	22.371
472.74	22.218
473.20	22.039
473.66	21.830
474.12	21.597
474.58	21.326
475.04	21.043
475.50	20.748
475.95	20.444
476.41	20.120
476.87	19.796
477.33	19.469
477.79	19.149
478.25	18.836
478.71	18.523
479.17	18.231
479.63	17.955
480.09	17.687
480.55	17.450
481.01	17.237
481.47	17.059
481.93	16.907
482.39	16.784
482.84	16.706
483.30	16.667
483.76	16.671
484.22	16.705
484.68	16.776
485.14	16.893
485.60	17.047
486.06	17.242
486.52	17.479
486.98	17.756
487.44	18.064
487.89	18.402
488.35	18.780
488.81	19.183
489.27	19.617
489.73	20.076
490.19	20.560
490.65	21.063
491.11	21.579
491.56	22.102
492.02	22.632
492.48	23.175
492.94	23.716
493.40	24.246
493.86	24.782
494.32	25.317
494.77	25.832
495.23	26.335
495.69	26.819
496.15	27.278
496.61	27.724
497.07	28.141
497.52	28.540
497.98	28.905
498.44	29.253
498.90	29.569
499.36	29.846
499.82	30.087
500.27	30.301
500.73	30.474
501.19	30.621
501.65	30.732
502.11	30.805
502.56	30.849
503.02	30.853
503.48	30.833
503.94	30.779
504.40	30.695
504.85	30.577
505.31	30.435
505.77	30.266
506.23	30.067
506.69	29.841
507.14	29.595
507.60	29.331
508.06	29.036
508.52	28.724
508.97	28.398
509.43	28.065
509.89	27.710
510.35	27.357
510.80	26.998
511.26	26.649
511.72	26.291
512.18	25.931
512.63	25.581
513.09	25.234
513.55	24.896
514.01	24.566
514.46	24.259
514.92	23.967
515.38	23.700
515.84	23.457
516.29	23.240
516.75	23.048
517.21	22.887
517.66	22.744
518.12	22.635
518.58	22.568
519.04	22.532
519.49	22.532
519.95	22.562
520.41	22.627
520.86	22.720
521.32	22.846
521.78	23.012
522.23	23.209
522.69	23.438
523.15	23.705
523.61	24.009
524.06	24.332
524.52	24.687
524.98	25.060
525.43	25.454
525.89	25.870
526.35	26.300
526.80	26.747
527.26	27.216
527.72	27.700
528.17	28.190
528.63	28.684
529.09	29.184
529.54	29.689
530.00	30.194
530.45	30.697
530.91	31.194
531.37	31.678
531.82	32.161
532.28	32.635
532.74	33.086
533.19	33.520
533.65	33.932
534.10	34.324
534.56	34.692
535.02	35.035
535.47	35.359
535.93	35.666
536.39	35.951
536.84	36.207
537.30	36.441
537.75	36.643
538.21	36.811
538.67	36.956
539.12	37.076
539.58	37.171
540.03	37.236
540.49	37.285
540.94	37.309
541.40	37.296
541.86	37.250
542.31	37.190
542.77	37.104
543.22	37.003
543.68	36.877
544.13	36.736
544.59	36.581
545.05	36.399
545.50	36.195
545.96	35.962
546.41	35.715
546.87	35.456
547.32	35.180
547.78	34.896
548.23	34.593
548.69	34.280
549.14	33.953
549.60	33.616
550.06	33.273
550.51	32.925
550.97	32.574
551.42	32.219
551.88	31.861
552.33	31.501
552.79	31.143
553.24	30.791
553.70	30.451
554.15	30.116
554.61	29.799
555.06	29.489
555.52	29.196
555.97	28.921
556.43	28.658
556.88	28.414
557.34	28.198
557.79	28.008
558.25	27.838
558.70	27.691
559.15	27.575
559.61	27.484
560.06	27.414
560.52	27.378
560.97	27.378
561.43	27.405
561.88	27.465
562.34	27.552
562.79	27.662
563.25	27.805
563.70	27.967
564.16	28.160
564.61	28.380
565.06	28.629
565.52	28.901
565.97	29.197
566.43	29.524
566.88	29.866
567.34	30.229
567.79	30.611
568.24	31.012
568.70	31.423
569.15	31.840
569.61	32.275
570.06	32.718
570.51	33.176
570.97	33.642
571.42	34.109
571.88	34.594
572.33	35.078
572.78	35.555
573.24	36.036
573.69	36.508
574.15	36.983
574.60	37.447
575.05	37.912
575.51	38.369
575.96	38.818
576.42	39.268
576.87	39.699
577.32	40.125
577.78	40.532
578.23	40.935
578.68	41.321
579.14	41.697
579.59	42.052
580.04	42.381
580.50	42.685
580.95	42.971
581.40	43.236
581.86	43.489
582.31	43.720
582.76	43.943
583.22	44.150
583.67	44.328
584.12	44.491
584.58	44.621
585.03	44.729
585.48	44.801
585.94	44.844
586.39	44.861
586.84	44.868
587.30	44.865
587.75	44.828
588.20	44.784
588.66	44.715
589.11	44.627
589.56	44.518
590.01	44.399
590.47	44.257
590.92	44.097
591.37	43.918
591.83	43.718
592.28	43.494
592.73	43.253
593.18	42.998
593.64	42.728
594.09	42.447
594.54	42.159
594.99	41.870
595.45	41.567
595.90	41.256
596.35	40.924
596.80	40.578
597.26	40.229
597.71	39.867
598.16	39.498
598.61	39.127
599.07	38.755
599.52	38.375
599.97	38.000
600.42	37.619
600.88	37.233
601.33	36.855
601.78	36.484
602.23	36.112
602.69	35.748
603.14	35.390
603.59	35.042
604.04	34.697
604.49	34.356
604.95	34.026
605.40	33.724
605.85	33.435
606.30	33.158
606.75	32.897
607.21	32.658
607.66	32.438
608.11	32.232
608.56	32.045
609.01	31.878
609.46	31.733
609.92	31.607
610.37	31.508
610.82	31.432
611.27	31.383
611.72	31.353
612.17	31.351
612.63	31.365
613.08	31.398
613.53	31.457
613.98	31.550
614.43	31.662
614.88	31.790
615.34	31.935
615.79	32.099
616.24	32.282
616.69	32.484
617.14	32.709
617.59	32.946
618.04	33.199
618.49	33.474
618.95	33.756
619.40	34.057
619.85	34.382
620.30	34.713
620.75	35.043
621.20	35.394
621.65	35.753
622.10	36.122
622.55	36.499
623.00	36.886
623.46	37.274
623.91	37.660
624.36	38.050
624.81	38.439
625.26	38.830
625.71	39.225
626.16	39.624
626.61	40.019
627.06	40.416
627.51	40.814
627.96	41.201
628.41	41.584
628.86	41.958
629.32	42.326
629.77	42.686
630.22	43.046
630.67	43.391
631.12	43.724
631.57	44.058
632.02	44.383
632.47	44.684
632.92	44.984
633.37	45.282
633.82	45.566
634.27	45.839
634.72	46.102
635.17	46.348
635.62	46.568
636.07	46.777
636.52	46.968
636.97	47.144
637.42	47.308
637.87	47.456
638.32	47.589
638.77	47.710
639.22	47.823
639.67	47.915
640.12	47.999
640.57	48.067
641.02	48.111
641.47	48.139
641.92	48.161
642.37	48.155
642.82	48.121
643.27	48.073
643.72	48.016
644.17	47.941
644.62	47.856
645.07	47.757
645.52	47.648
645.97	47.533
646.42	47.395
646.87	47.254
647.32	47.130
647.77	46.997
648.22	46.840
648.66	46.658
649.11	46.454
649.56	46.235
650.01	46.009
650.46	45.786
650.91	45.555
651.36	45.303
651.81	45.039
652.26	44.784
652.71	44.506
653.16	44.220
653.61	43.930
654.06	43.631
654.50	43.330
654.95	43.016
655.40	42.694
655.85	42.372
656.30	42.037
656.75	41.681
657.20	41.321
657.65	40.967
658.10	40.609
658.55	40.274
658.99	39.944
659.44	39.609
659.89	39.268
660.34	38.928
660.79	38.591
661.24	38.268
661.69	37.948
662.13	37.643
662.58	37.333
663.03	37.032
663.48	36.736
663.93	36.448
664.38	36.168
664.83	35.900
665.27	35.636
665.72	35.381
666.17	35.133
666.62	34.892
667.07	34.660
667.52	34.448
667.96	34.230
668.41	34.016
668.86	33.826
669.31	33.649
669.76	33.489
670.21	33.346
670.65	33.221
671.10	33.102
671.55	32.999
672.00	32.918
672.45	32.849
672.89	32.795
673.34	32.748
673.79	32.715
674.24	32.691
674.68	32.687
675.13	32.700
675.58	32.731
676.03	32.780
676.48	32.831
676.92	32.896
677.37	32.982
677.82	33.087
678.27	33.194
678.71	33.309
679.16	33.441
679.61	33.581
680.06	33.729
680.50	33.886
680.95	34.071
681.40	34.261
681.85	34.448
682.29	34.651
682.74	34.871
683.19	35.097
683.64	35.335
684.08	35.588
684.53	35.846
684.98	36.118
685.43	36.401
685.87	36.687
686.32	36.976
686.77	37.265
687.21	37.546
687.66	37.847
688.11	38.157
688.55	38.457
689.00	38.760
689.45	39.084
689.90	39.415
690.34	39.720
690.79	40.029
691.24	40.358
691.68	40.675
692.13	40.982
692.58	41.280
693.02	41.592
693.47	41.891
693.92	42.179
694.36	42.450
694.81	42.730
695.26	43.015
695.70	43.285
696.15	43.555
696.60	43.838
697.04	44.105
697.49	44.354
697.94	44.591
698.38	44.838
698.83	45.067
699.27	45.298
699.72	45.507
700.17	45.719
700.61	45.918
701.06	46.119
701.51	46.318
701.95	46.521
702.40	46.713
702.84	46.892
703.29	47.070
703.74	47.233
704.18	47.385
704.63	47.525
705.07	47.661
705.52	47.785
705.97	47.892
706.41	47.981
706.86	48.064
707.30	48.162
707.75	48.256
708.20	48.328
708.64	48.371
709.09	48.416
709.53	48.441
709.98	48.468
710.42	48.463
710.87	48.433
711.32	48.402
711.76	48.350
712.21	48.302
712.65	48.248
713.10	48.196
713.54	48.126
713.99	48.053
714.43	47.980
714.88	47.882
715.33	47.758
715.77	47.648
716.22	47.535
716.66	47.399
717.11	47.246
717.55	47.102
718.00	46.960
718.44	46.809
718.89	46.640
719.33	46.473
719.78	46.312
720.22	46.157
720.67	45.988
721.11	45.816
721.56	45.642
722.00	45.441
722.45	45.229
722.89	45.020
723.34	44.802
723.78	44.598
724.23	44.394
724.67	44.190
725.12	43.974
725.56	43.746
726.01	43.519
726.45	43.283
726.90	43.024
727.34	42.756
727.78	42.511
728.23	42.264
728.67	41.993
729.12	41.726
729.56	41.461
730.01	41.188
730.45	40.897
730.90	40.593
731.34	40.328
731.79	40.069
732.23	39.789
732.67	39.500
733.12	39.195
733.56	38.928
734.01	38.667
734.45	38.387
734.89	38.126
735.34	37.882
735.78	37.635
736.23	37.392
736.67	37.145
737.12	36.900
737.56	36.662
738.00	36.429
738.45	36.207
738.89	35.987
739.34	35.793
739.78	35.632
740.22	35.463
740.67	35.275
741.11	35.085
741.55	34.921
742.00	34.764
742.44	34.608
742.89	34.435
743.33	34.281
743.77	34.161
744.22	34.040
744.66	33.899
745.10	33.768
745.55	33.641
745.99	33.547
746.43	33.462
746.88	33.381
747.32	33.298
747.76	33.230
748.21	33.190
748.65	33.142
749.09	33.081
749.54	33.026
749.98	32.998
750.42	32.993
750.87	32.975
751.31	32.961
751.75	32.974
752.20	33.012
752.64	33.062
753.08	33.099
753.53	33.132
753.97	33.192
754.41	33.270
754.85	33.364
755.30	33.452
755.74	33.541
756.18	33.667
756.63	33.816
757.07	33.967
757.51	34.092
757.95	34.219
758.40	34.374
758.84	34.542
759.28	34.709
759.72	34.865
760.17	35.043
760.61	35.245
761.05	35.438
761.50	35.622
761.94	35.796
762.38	35.985
762.82	36.206
763.26	36.431
763.71	36.642
764.15	36.854
764.59	37.059
765.03	37.264
765.48	37.468
765.92	37.654
766.36	37.838
766.80	38.043
767.25	38.267
767.69	38.487
768.13	38.720
768.57	38.959
769.01	39.205
769.46	39.443
769.90	39.674
770.34	39.907
770.78	40.136
771.22	40.395
771.67	40.665
772.11	40.918
772.55	41.158
772.99	41.381
773.43	41.606
773.87	41.862
774.32	42.119
774.76	42.358
775.20	42.593
775.64	42.836
776.08	43.100
776.52	43.340
776.97	43.575
777.41	43.805
777.85	44.024
778.29	44.254
778.73	44.494
779.17	44.739
779.62	44.966
780.06	45.189
780.50	45.394
780.94	45.588
781.38	45.782
781.82	45.971
782.26	46.181
782.70	46.392
783.15	46.584
783.59	46.768
784.03	46.945
784.47	47.124
784.91	47.274
785.35	47.409
785.79	47.550
786.23	47.698
786.67	47.823
787.11	47.941
787.56	48.051
788.00	48.150
788.44	48.238
788.88	48.346
789.32	48.445
789.76	48.535
790.20	48.623
790.64	48.709
791.08	48.807
791.52	48.881
791.96	48.932
792.40	48.989
792.84	49.060
793.28	49.138
793.73	49.215
794.17	49.286
794.61	49.336
795.05	49.388
795.49	49.408
795.93	49.428
796.37	49.427
796.81	49.431
797.25	49.456
797.69	49.448
798.13	49.423
798.57	49.397
799.01	49.374
799.45	49.316
799.89	49.236
800.33	49.162
800.77	49.112
801.21	49.069
801.65	48.991
802.09	48.896
802.53	48.790
802.97	48.678
803.41	48.580
803.85	48.497
804.29	48.408
804.73	48.332
805.17	48.239
805.61	48.135
806.05	48.019
806.49	47.861
806.93	47.743
807.37	47.628
807.81	47.534
808.25	47.409
808.69	47.282
809.13	47.155
809.57	47.013
810.01	46.854
810.44	46.682
810.88	46.519
811.32	46.362
811.76	46.200
812.20	46.031
812.64	45.856
813.08	45.661
813.52	45.451
813.96	45.222
814.40	45.029
814.84	44.856
815.28	44.671
815.72	44.498
816.16	44.303
816.59	44.111
817.03	43.900
817.47	43.697
817.91	43.523
818.35	43.356
818.79	43.182
819.23	43.001
819.67	42.809
820.11	42.632
820.54	42.425
820.98	42.209
821.42	42.002
821.86	41.787
822.30	41.577
822.74	41.383
823.18	41.187
823.62	40.974
824.05	40.763
824.49	40.560
824.93	40.365
825.37	40.172
825.81	39.975
826.25	39.763
826.69	39.529
827.12	39.282
827.56	39.042
828.00	38.813
828.44	38.598
828.88	38.398
829.32	38.180
829.75	37.973
830.19	37.774
830.63	37.573
831.07	37.378
831.51	37.171
831.94	36.963
832.38	36.764
832.82	36.573
833.26	36.399
833.70	36.233
834.13	36.069
834.57	35.898
835.01	35.726
835.45	35.579
835.89	35.447
836.32	35.332
836.76	35.197
837.20	35.048
837.64	34.910
838.08	34.793
838.51	34.707
838.95	34.622
839.39	34.542
839.83	34.464
840.26	34.393
840.70	34.337
841.14	34.283
841.58	34.236
842.01	34.190
842.45	34.151
842.89	34.096
843.33	34.040
843.76	33.998
844.20	33.965
844.64	33.927
845.08	33.902
845.51	33.863
845.95	33.843
846.39	33.838
846.82	33.832
847.26	33.813
847.70	33.770
848.14	33.747
848.57	33.733
849.01	33.732
849.45	33.728
849.88	33.728
850.32	33.748
850.76	33.784
851.19	33.828
851.63	33.870
852.07	33.928
852.50	33.987
852.94	34.028
853.38	34.070
853.81	34.129
854.25	34.203
854.69	34.292
855.12	34.391
855.56	34.491
856.00	34.590
856.43	34.709
856.87	34.835
857.31	34.975
857.74	35.121
858.18	35.240
858.62	35.370
859.05	35.497
859.49	35.618
859.93	35.725
860.36	35.850
860.80	35.979
861.24	36.101
861.67	36.217
862.11	36.344
862.54	36.481
862.98	36.625
863.42	36.786
863.85	36.943
864.29	37.106
864.72	37.276
865.16	37.429
865.60	37.588
866.03	37.747
866.47	37.894
866.90	38.042
867.34	38.217
867.78	38.423
868.21	38.638
868.65	38.863
869.08	39.094
869.52	39.300
869.95	39.486
870.39	39.679
870.83	39.897
871.26	40.147
871.70	40.406
872.13	40.638
872.57	40.853
873.00	41.054
873.44	41.251
873.87	41.437
874.31	41.626
874.75	41.803
875.18	41.993
875.62	42.189
876.05	42.381
876.49	42.587
876.92	42.816
877.36	43.056
877.79	43.253
878.23	43.456
878.66	43.662
879.10	43.868
879.53	44.098
879.97	44.299
880.40	44.483
880.84	44.659
881.27	44.838
881.71	45.014
882.14	45.202
882.58	45.383
883.01	45.570
883.45	45.771
883.88	45.973
884.32	46.160
884.75	46.331
885.19	46.518
885.62	46.708
886.06	46.865
886.49	47.022
886.92	47.189
887.36	47.360
887.79	47.514
888.23	47.674
888.66	47.812
889.10	47.951
889.53	48.075
889.97	48.203
890.40	48.321
890.83	48.430
891.27	48.538
891.70	48.660
892.14	48.799
892.57	48.943
893.01	49.112
893.44	49.277
893.87	49.426
894.31	49.594
894.74	49.745
895.18	49.843
895.61	49.918
896.04	49.989
896.48	50.041
896.91	50.110
897.35	50.142
897.78	50.197
898.21	50.276
898.65	50.355
899.08	50.441
899.52	50.524
899.95	50.617
900.38	50.737
900.82	50.853
901.25	50.969
901.68	51.072
902.12	51.144
902.55	51.202
902.99	51.300
903.42	51.360
903.85	51.424
904.29	51.492
904.72	51.567
905.15	51.641
905.59	51.690
906.02	51.759
906.45	51.855
906.89	51.928
907.32	51.989
907.75	52.044
908.19	52.071
908.62	52.095
909.05	52.092
909.49	52.051
909.92	51.983
910.35	51.928
910.78	51.845
911.22	51.714
911.65	51.632
912.08	51.539
912.52	51.455
912.95	51.366
913.38	51.269
913.82	51.188
914.25	51.133
914.68	51.057
915.11	50.994
915.55	50.920
915.98	50.833
916.41	50.738
916.84	50.626
917.28	50.534
917.71	50.473
918.14	50.406
918.58	50.341
919.01	50.253
919.44	50.137
919.87	50.060
920.31	50.036
920.74	49.978
921.17	49.895
921.60	49.789
922.03	49.685
922.47	49.586
922.90	49.457
923.33	49.307
923.76	49.200
924.20	49.071
924.63	48.954
925.06	48.831
925.49	48.672
925.92	48.525
926.36	48.377
926.79	48.219
927.22	48.071
927.65	47.922
928.08	47.788
928.52	47.639
928.95	47.468
929.38	47.293
929.81	47.138
930.24	46.973
930.68	46.792
931.11	46.620
931.54	46.454
931.97	46.289
932.40	46.146
932.83	46.005
933.27	45.860
933.70	45.689
934.13	45.498
934.56	45.355
934.99	45.228
935.42	45.051
935.85	44.859
936.29	44.656
936.72	44.489
937.15	44.345
937.58	44.187
938.01	44.035
938.44	43.874
938.87	43.681
939.31	43.511
939.74	43.352
940.17	43.199
940.60	43.029
941.03	42.860
941.46	42.695
941.89	42.532
942.32	42.338
942.75	42.158
943.18	41.985
943.62	41.809
944.05	41.602
944.48	41.393
944.91	41.187
945.34	41.014
945.77	40.790
946.20	40.583
946.63	40.378
947.06	40.185
947.49	39.998
947.92	39.793
948.35	39.555
948.78	39.352
949.22	39.110
949.65	38.884
950.08	38.658
950.51	38.424
950.94	38.196
951.37	37.946
951.80	37.765
952.23	37.601
952.66	37.432
953.09	37.266
953.52	37.131
953.95	37.018
954.38	36.884
954.81	36.757
955.24	36.616
955.67	36.470
956.10	36.331
956.53	36.187
956.96	36.055
957.39	35.959
957.82	35.876
958.25	35.750
958.68	35.645
959.11	35.546
959.54	35.433
959.97	35.330
960.40	35.264
960.83	35.149
961.26	35.052
961.69	34.922
962.12	34.792
962.55	34.643
962.98	34.511
963.41	34.377
963.84	34.252
964.27	34.119
964.70	34.050
965.13	33.933
965.56	33.827
965.99	33.749
966.42	33.647
966.84	33.532
967.27	33.430
967.70	33.377
968.13	33.291
968.56	33.206
968.99	33.144
969.42	33.039
969.85	32.954
970.28	32.850
970.71	32.758
971.14	32.709
971.57	32.684
972.00	32.614
972.42	32.567
972.85	32.512
973.28	32.479
973.71	32.394
974.14	32.322
974.57	32.267
975.00	32.194
975.43	32.182
975.86	32.110
976.28	32.078
976.71	32.060
977.14	32.046
977.57	32.028
978.00	31.970
978.43	32.028
978.86	31.999
979.29	31.983
979.71	31.955
980.14	31.943
980.57	31.956
981.00	31.900
981.43	31.937
981.86	31.933
982.28	31.938
982.71	31.971
983.14	31.965
983.57	32.004
984.00	32.057
984.43	32.035
984.85	32.133
985.28	32.244
985.71	32.254
986.14	32.296
986.57	32.316
986.99	32.399
987.42	32.395
987.85	32.412
988.28	32.471
988.71	32.542
989.13	32.618
989.56	32.703
989.99	32.828
990.42	32.868
990.85	33.057
991.27	33.133
991.70	33.187
992.13	33.229
992.56	33.259
992.98	33.327
993.41	33.447
993.84	33.464
994.27	33.512
994.70	33.594
995.12	33.666
995.55	33.759
995.98	33.872
996.41	34.002
996.83	34.069
997.26	34.234
997.69	34.405
998.11	34.467
998.54	34.507
998.97	34.563
999.40	34.674
999.82	34.760
1000.25	34.808
1000.68	35.002
1001.11	35.224
1001.53	35.342
1001.96	35.442
1002.39	35.512
1002.81	35.663
1003.24	35.739
1003.67	35.762
1004.09	35.879
1004.52	36.065
1004.95	36.076
1005.38	36.154
1005.80	36.323
1006.23	36.408
1006.66	36.499
1007.08	36.574
1007.51	36.667
1007.94	36.804
1008.36	36.905
1008.79	36.890
1009.22	36.949
1009.64	36.959
1010.07	37.036
1010.50	37.091
1010.92	37.144
1011.35	37.258
1011.77	37.340
1012.20	37.353
1012.63	37.421
1013.05	37.491
1013.48	37.559
1013.91	37.539
1014.33	37.611
1014.76	37.717
1015.19	37.770
1015.61	37.728
1016.04	37.779
1016.46	37.901
1016.89	37.941
1017.32	37.910
1017.74	37.949
1018.17	38.112
1018.59	38.239
1019.02	38.305
1019.45	38.324
1019.87	38.367
1020.30	38.411
1020.72	38.376
1021.15	38.545
1021.58	38.636
1022.00	38.758
1022.43	38.800
1022.85	38.944
1023.28	39.036
1023.70	39.142
1024.13	39.075
1024.55	39.144
1024.98	39.145
1025.41	39.101
1025.83	39.248
1026.26	39.268
1026.68	39.386
1027.11	39.499
1027.53	39.368
1027.96	39.413
1028.38	39.602
1028.81	39.712
1029.23	39.882
1029.66	39.825
1030.08	39.896
1030.51	40.111
1030.94	40.067
1031.36	40.141
1031.79	40.154
1032.21	40.133
1032.64	40.085
1033.06	39.989
1033.49	40.028
1033.91	40.214
1034.34	40.180
1034.76	40.089
1035.19	40.076
1035.61	40.022
1036.03	40.028
1036.46	39.926
1036.88	39.815
1037.31	39.690
1037.73	39.663
1038.16	39.496
1038.58	39.499
1039.01	39.514
1039.43	39.481
1039.86	39.415
1040.28	39.344
1040.71	39.364
1041.13	39.166
1041.55	39.057
1041.98	39.000
1042.40	39.052
1042.83	38.987
1043.25	38.790
1043.68	38.791
1044.10	38.913
1044.52	38.954
1044.95	38.872
1045.37	38.821
1045.80	38.828
1046.22	38.910
1046.65	38.813
1047.07	38.672
1047.49	38.655
1047.92	38.531
1048.34	38.324
1048.77	38.182
1049.19	37.853
1049.61	37.743
1050.04	37.446
1050.46	37.225
1050.89	37.506
1051.31	37.338
1051.73	37.145
1052.16	37.038
1052.58	36.857
1053.00	36.556
1053.43	36.165
1053.85	36.048
1054.27	36.211
1054.70	36.134
1055.12	35.920
1055.55	35.499
1055.97	35.290
1056.39	35.226
1056.82	35.045
1057.24	34.590
1057.66	34.367
1058.09	34.242
1058.51	34.271
1058.93	34.361
1059.36	34.336
1059.78	33.994
1060.20	33.336
1060.62	33.091
1061.05	32.945
1061.47	32.948
1061.89	32.627
1062.32	32.161
1062.74	31.417
1063.16	30.740
1063.59	30.380
1064.01	29.925
1064.43	29.562
1064.85	29.507
1065.28	29.478
1065.70	28.755
1066.12	28.601
1066.55	28.603
1066.97	28.353
1067.39	27.406
1067.81	26.687
1068.24	26.216
1068.66	25.887
1069.08	25.326
1069.50	24.724
1069.93	24.353
1070.35	23.953
1070.77	23.464
1071.19	22.844
1071.62	22.735
1072.04	22.946
1072.46	22.160
1072.88	21.722
1073.31	21.292
1073.73	20.559
1074.15	19.744
1074.57	18.826
1075.00	18.360
1075.42	17.509
1075.84	16.282
1076.26	15.728
1076.68	15.353
1077.11	14.998
1077.53	13.959
1077.95	13.625
1078.37	13.122
1078.79	12.700
1079.22	11.158
1079.64	10.053
1080.06	9.384
1080.48	8.454
1080.90	6.939
1081.32	5.166
1081.75	4.276
1082.17	3.742
1082.59	1.760
1083.01	0.021
1083.43	-1.092
1083.85	-1.807
1084.28	-3.306
1084.70	-5.061
1085.12	-5.709
1085.54	-7.079
1085.96	-9.646
1086.38	-11.476
1086.80	-12.720
1087.23	-13.487
1087.65	-14.482
1088.07	-17.586
1088.49	-19.108
1088.91	-18.965
1089.33	-21.045
1089.75	-24.383
1090.17	-26.016
1090.60	-27.868
1091.02	-28.436
1091.44	-29.015
1091.86	-30.173
1092.28	-30.630
1092.70	-34.111
1093.12	-37.949
1093.54	-40.337
1093.96	-42.135
1094.38	-42.254
1094.81	-44.782
1095.23	-46.567
1095.65	-48.582
1096.07	-51.018
1096.49	-55.711
1096.91	-56.685
1097.33	-57.751
1097.75	-63.440
1098.17	-66.443
1098.59	-66.371
1099.01	-66.351
1099.43	-69.668
1099.85	-76.810
1100.27	-84.219
1100.69	-86.198
1101.11	-88.168
1101.53	-92.010
1101.95	-92.997
1102.38	-73.510
1102.80	-132.138
1103.22	-80.814
1103.64	-94.112
1104.06	-187.879
1104.48	-191.572
1104.90	-112.270
1105.32	-102.184
1105.74	-121.878
1106.16	-170.560
