188.40	-310.184
188.88	-464.491
189.35	528.691
189.83	1473.913
190.30	-1966.667
190.78	-388.942
191.26	-267.150
191.73	2058.491
192.21	-2389.855
192.68	-277.672
193.16	-1485.053
193.63	-1716.436
194.11	-1798.188
194.58	-1695.812
195.06	-1388.476
195.53	-916.948
196.01	-752.933
196.48	-676.170
196.96	-561.143
197.43	-477.635
197.91	-428.112
198.38	-383.441
198.86	-322.489
199.33	-272.573
199.81	-263.219
200.28	-251.576
200.76	-224.296
201.23	-205.962
201.71	-184.383
202.18	-172.199
202.66	-159.101
203.13	-149.717
203.61	-144.478
204.08	-136.479
204.55	-125.460
205.03	-119.588
205.50	-117.079
205.98	-119.820
206.45	-118.090
206.93	-114.776
207.40	-113.679
207.88	-114.350
208.35	-110.864
208.82	-113.608
209.30	-113.997
209.77	-114.803
210.25	-112.155
210.72	-112.069
211.20	-113.461
211.67	-112.521
212.14	-113.248
212.62	-113.988
213.09	-110.605
213.57	-109.533
214.04	-108.767
214.52	-107.587
214.99	-103.366
215.46	-104.493
215.94	-104.939
216.41	-103.320
216.89	-100.404
217.36	-102.347
217.83	-102.609
218.31	-104.343
218.78	-100.591
219.25	-98.879
219.73	-98.499
220.20	-101.014
220.68	-96.961
221.15	-98.452
221.62	-99.115
222.10	-98.121
222.57	-95.996
223.04	-94.864
223.52	-96.968
223.99	-98.572
224.47	-97.079
224.94	-101.848
225.41	-101.036
225.89	-100.468
226.36	-102.066
226.83	-103.534
227.31	-103.493
227.78	-103.649
228.25	-100.015
228.73	-103.010
229.20	-103.030
229.67	-105.019
230.15	-104.069
230.62	-103.274
231.09	-105.692
231.57	-106.339
232.04	-104.014
232.51	-104.520
232.98	-107.530
233.46	-106.057
233.93	-105.734
234.40	-103.963
234.88	-103.768
235.35	-104.686
235.82	-101.766
236.30	-98.657
236.77	-99.659
237.24	-100.561
237.71	-98.373
238.19	-96.233
238.66	-95.022
239.13	-97.116
239.61	-96.484
240.08	-94.645
240.55	-95.741
241.02	-92.368
241.50	-90.229
241.97	-88.090
242.44	-88.832
242.91	-89.579
243.39	-88.693
243.86	-88.201
244.33	-88.680
244.80	-89.210
245.28	-91.109
245.75	-88.550
246.22	-92.078
246.69	-91.096
247.17	-89.010
247.64	-90.301
248.11	-92.448
248.58	-93.392
249.05	-94.699
249.53	-91.464
250.00	-94.136
250.47	-95.904
250.94	-99.143
251.42	-100.316
251.89	-98.514
252.36	-99.003
252.83	-97.779
253.30	-94.652
253.78	-93.758
254.25	-94.099
254.72	-94.808
255.19	-93.877
255.66	-93.748
256.13	-94.913
256.61	-95.228
257.08	-95.671
257.55	-95.186
258.02	-93.412
258.49	-94.883
258.97	-93.875
259.44	-93.569
259.91	-93.097
260.38	-91.496
260.85	-86.316
261.32	-87.285
261.79	-87.837
262.27	-88.505
262.74	-86.874
263.21	-85.047
263.68	-87.808
264.15	-90.294
264.62	-89.966
265.09	-91.438
265.57	-91.755
266.04	-92.207
266.51	-91.833
266.98	-92.023
267.45	-92.976
267.92	-96.450
268.39	-93.045
268.86	-91.749
269.34	-89.179
269.81	-90.341
270.28	-92.138
270.75	-89.697
271.22	-89.384
271.69	-88.909
272.16	-86.109
272.63	-86.733
273.10	-87.439
273.57	-86.885
274.05	-85.143
274.52	-81.910
274.99	-80.608
275.46	-81.715
275.93	-79.445
276.40	-80.450
276.87	-77.912
277.34	-77.884
277.81	-78.115
278.28	-77.937
278.75	-80.285
279.22	-83.175
279.69	-81.694
280.16	-80.204
280.63	-80.017
281.11	-82.275
281.58	-85.095
282.05	-82.045
282.52	-81.414
282.99	-81.616
283.46	-81.722
283.93	-80.793
284.40	-81.441
284.87	-80.455
285.34	-81.821
285.81	-81.477
286.28	-79.920
286.75	-76.929
287.22	-77.310
287.69	-76.599
288.16	-74.664
288.63	-73.758
289.10	-73.260
289.57	-70.692
290.04	-69.787
290.51	-70.942
290.98	-69.330
291.45	-68.406
291.92	-70.825
292.39	-70.538
292.86	-72.727
293.33	-69.694
293.80	-68.866
294.27	-67.862
294.74	-69.645
295.21	-67.551
295.68	-66.123
296.15	-67.524
296.62	-71.113
297.09	-69.912
297.56	-68.209
298.03	-67.943
298.49	-67.312
298.96	-67.428
299.43	-66.755
299.90	-67.540
300.37	-67.636
300.84	-66.659
301.31	-66.432
301.78	-65.388
302.25	-66.356
302.72	-64.720
303.19	-64.292
303.66	-63.412
304.13	-63.780
304.60	-61.396
305.07	-61.272
305.53	-59.167
306.00	-59.269
306.47	-58.455
306.94	-56.996
307.41	-58.455
307.88	-59.090
308.35	-58.710
308.82	-57.732
309.29	-57.372
309.76	-56.481
310.22	-56.749
310.69	-56.539
311.16	-54.654
311.63	-53.428
312.10	-53.557
312.57	-54.125
313.04	-53.782
313.51	-54.338
313.97	-54.637
314.44	-54.134
314.91	-53.817
315.38	-54.788
315.85	-52.518
316.32	-52.193
316.79	-50.731
317.25	-49.541
317.72	-49.785
318.19	-49.199
318.66	-48.463
319.13	-47.949
319.60	-49.779
320.07	-49.567
320.53	-46.752
321.00	-46.533
321.47	-46.650
321.94	-45.187
322.41	-44.713
322.87	-44.244
323.34	-44.354
323.81	-43.992
324.28	-43.872
324.75	-44.357
325.22	-43.513
325.68	-43.567
326.15	-43.921
326.62	-43.578
327.09	-43.610
327.56	-43.429
328.02	-42.138
328.49	-43.173
328.96	-43.859
329.43	-41.962
329.89	-42.437
330.36	-42.646
330.83	-43.433
331.30	-44.728
331.77	-43.787
332.23	-42.965
332.70	-42.703
333.17	-42.166
333.64	-42.062
334.10	-40.685
334.57	-39.145
335.04	-39.470
335.51	-38.742
335.97	-37.450
336.44	-37.250
336.91	-36.672
337.38	-36.963
337.84	-36.334
338.31	-35.089
338.78	-34.393
339.24	-33.536
339.71	-31.119
340.18	-29.714
340.65	-28.365
341.11	-27.000
341.58	-25.804
342.05	-24.487
342.52	-24.309
342.98	-23.412
343.45	-22.572
343.92	-21.813
344.38	-21.319
344.85	-20.907
345.32	-19.838
345.78	-19.031
346.25	-18.323
346.72	-17.317
347.18	-16.134
347.65	-15.561
348.12	-14.918
348.58	-14.408
349.05	-13.567
349.52	-13.241
349.99	-13.356
350.45	-12.814
350.92	-12.348
351.38	-11.905
351.85	-11.730
352.32	-11.197
352.78	-10.335
353.25	-9.261
353.72	-8.972
354.18	-8.828
354.65	-8.213
355.12	-7.940
355.58	-7.457
356.05	-7.347
356.52	-7.057
356.98	-6.550
357.45	-6.285
357.91	-5.943
358.38	-6.026
358.85	-5.821
359.31	-5.526
359.78	-5.418
360.25	-5.134
360.71	-4.740
361.18	-4.587
361.64	-4.364
362.11	-4.395
362.58	-4.233
363.04	-4.131
363.51	-3.979
363.97	-3.592
364.44	-3.375
364.91	-3.293
365.37	-3.285
365.84	-3.266
366.30	-3.011
366.77	-2.920
367.23	-2.673
367.70	-2.485
368.17	-2.018
368.63	-1.710
369.10	-1.492
369.56	-1.408
370.03	-1.226
370.49	-1.078
370.96	-1.067
371.42	-0.931
371.89	-0.568
372.36	-0.314
372.82	-0.228
373.29	-0.221
373.75	-0.003
374.22	0.195
374.68	0.376
375.15	0.460
375.61	0.692
376.08	0.909
376.54	1.081
377.01	1.055
377.47	1.218
377.94	1.316
378.40	1.307
378.87	1.321
379.33	1.463
379.80	1.535
380.26	1.589
380.73	1.692
381.19	1.840
381.66	1.890
382.12	1.843
382.59	1.868
383.05	1.995
383.52	2.008
383.98	2.041
384.45	2.051
384.91	2.144
385.38	2.228
385.84	2.170
386.31	2.146
386.77	2.170
387.24	2.212
387.70	2.272
388.16	2.331
388.63	2.442
389.09	2.502
389.56	2.557
390.02	2.644
390.49	2.697
390.95	2.768
391.42	2.855
391.88	2.883
392.34	2.962
392.81	3.063
393.27	3.164
393.74	3.252
394.20	3.314
394.67	3.437
395.13	3.550
395.59	3.672
396.06	3.804
396.52	3.944
396.99	4.044
397.45	4.093
397.91	4.098
398.38	4.103
398.84	4.176
399.31	4.198
399.77	4.201
400.23	4.261
400.70	4.268
401.16	4.234
401.63	4.206
402.09	4.258
402.55	4.247
403.02	4.187
403.48	4.153
403.94	4.176
404.41	4.141
404.87	4.101
405.33	4.029
405.80	4.012
406.26	3.981
406.73	3.934
407.19	3.946
407.65	3.998
408.12	4.042
408.58	4.116
409.04	4.181
409.51	4.303
409.97	4.403
410.43	4.519
410.90	4.692
411.36	4.893
411.82	5.059
412.29	5.272
412.75	5.454
413.21	5.667
413.67	5.882
414.14	6.109
414.60	6.327
415.06	6.575
415.53	6.820
415.99	7.052
416.45	7.266
416.92	7.458
417.38	7.649
417.84	7.831
418.30	7.961
418.77	8.080
419.23	8.167
419.69	8.224
420.16	8.250
420.62	8.258
421.08	8.250
421.54	8.197
422.01	8.125
422.47	8.042
422.93	7.956
423.39	7.832
423.86	7.693
424.32	7.546
424.78	7.416
425.24	7.250
425.71	7.113
426.17	6.970
426.63	6.825
427.09	6.714
427.56	6.568
428.02	6.433
428.48	6.312
428.94	6.181
429.41	6.045
429.87	5.945
430.33	5.994
430.79	6.087
431.25	6.198
431.72	6.352
432.18	6.562
432.64	6.777
433.10	7.045
433.56	7.317
434.03	7.640
434.49	7.994
434.95	8.363
435.41	8.744
435.87	9.149
436.34	9.564
436.80	9.971
437.26	10.396
437.72	10.842
438.18	11.304
438.64	11.773
439.11	12.243
439.57	12.703
440.03	13.061
440.49	13.377
440.95	13.668
441.41	13.918
441.88	14.153
442.34	14.368
442.80	14.533
443.26	14.656
443.72	14.739
444.18	14.796
444.64	14.774
445.11	14.737
445.57	14.665
446.03	14.575
446.49	14.439
446.95	14.290
447.41	14.111
447.87	13.897
448.33	13.669
448.79	13.435
449.26	13.186
449.72	12.928
450.18	12.677
450.64	12.437
451.10	12.198
451.56	11.972
452.02	11.746
452.48	11.552
452.94	11.382
453.40	11.256
453.87	11.135
454.33	11.072
454.79	11.030
455.25	11.021
455.71	11.038
456.17	11.119
456.63	11.240
457.09	11.397
457.55	11.618
458.01	11.857
458.47	12.146
458.93	12.479
459.39	12.839
459.85	13.236
460.31	13.643
460.77	14.081
461.24	14.551
461.70	15.043
462.16	15.540
462.62	16.070
463.08	16.574
463.54	17.098
464.00	17.633
464.46	18.155
464.92	18.660
465.38	19.148
465.84	19.620
466.30	20.083
466.76	20.512
467.22	20.901
467.68	21.280
468.14	21.616
468.60	21.911
469.06	22.184
469.52	22.396
469.98	22.598
470.44	22.753
470.90	22.850
471.36	22.912
471.82	22.939
472.28	22.925
472.74	22.870
473.20	22.774
473.66	22.652
474.12	22.486
474.58	22.296
475.04	22.083
475.50	21.842
475.95	21.570
476.41	21.277
476.87	20.966
477.33	20.637
477.79	20.309
478.25	19.976
478.71	19.635
479.17	19.300
479.63	18.962
480.09	18.632
480.55	18.321
481.01	18.027
481.47	17.752
481.93	17.497
482.39	17.278
482.84	17.089
483.30	16.933
483.76	16.815
484.22	16.727
484.68	16.675
485.14	16.659
485.60	16.686
486.06	16.752
486.52	16.857
486.98	17.010
487.44	17.199
487.89	17.427
488.35	17.695
488.81	18.000
489.27	18.344
489.73	18.720
490.19	19.123
490.65	19.556
491.11	20.015
491.56	20.496
492.02	20.995
492.48	21.507
492.94	22.030
493.40	22.558
493.86	23.099
494.32	23.644
494.77	24.186
495.23	24.720
495.69	25.252
496.15	25.773
496.61	26.289
497.07	26.781
497.52	27.257
497.98	27.716
498.44	28.155
498.90	28.566
499.36	28.951
499.82	29.307
500.27	29.635
500.73	29.930
501.19	30.196
501.65	30.424
502.11	30.617
502.56	30.784
503.02	30.910
503.48	31.004
503.94	31.069
504.40	31.098
504.85	31.093
505.31	31.059
505.77	30.989
506.23	30.886
506.69	30.755
507.14	30.590
507.60	30.402
508.06	30.174
508.52	29.931
508.97	29.664
509.43	29.376
509.89	29.060
510.35	28.733
510.80	28.391
511.26	28.049
511.72	27.696
512.18	27.328
512.63	26.961
513.09	26.585
513.55	26.210
514.01	25.843
514.46	25.484
514.92	25.131
515.38	24.792
515.84	24.464
516.29	24.160
516.75	23.873
517.21	23.604
517.66	23.361
518.12	23.140
518.58	22.949
519.04	22.788
519.49	22.663
519.95	22.568
520.41	22.500
520.86	22.465
521.32	22.465
521.78	22.501
522.23	22.576
522.69	22.686
523.15	22.837
523.61	23.017
524.06	23.233
524.52	23.480
524.98	23.758
525.43	24.066
525.89	24.399
526.35	24.754
526.80	25.139
527.26	25.545
527.72	25.972
528.17	26.413
528.63	26.873
529.09	27.346
529.54	27.833
530.00	28.335
530.45	28.839
530.91	29.351
531.37	29.859
531.82	30.364
532.28	30.868
532.74	31.360
533.19	31.849
533.65	32.315
534.10	32.772
534.56	33.211
535.02	33.629
535.47	34.034
535.93	34.424
536.39	34.796
536.84	35.152
537.30	35.485
537.75	35.797
538.21	36.073
538.67	36.327
539.12	36.554
539.58	36.752
540.03	36.926
540.49	37.082
540.94	37.211
541.40	37.311
541.86	37.384
542.31	37.428
542.77	37.448
543.22	37.448
543.68	37.423
544.13	37.379
544.59	37.313
545.05	37.220
545.50	37.100
545.96	36.953
546.41	36.779
546.87	36.588
547.32	36.374
547.78	36.151
548.23	35.898
548.69	35.627
549.14	35.344
549.60	35.042
550.06	34.726
550.51	34.394
550.97	34.054
551.42	33.702
551.88	33.343
552.33	32.970
552.79	32.600
553.24	32.225
553.70	31.855
554.15	31.483
554.61	31.119
555.06	30.765
555.52	30.412
555.97	30.072
556.43	29.738
556.88	29.419
557.34	29.119
557.79	28.844
558.25	28.583
558.70	28.341
559.15	28.116
559.61	27.913
560.06	27.740
560.52	27.594
560.97	27.476
561.43	27.382
561.88	27.326
562.34	27.292
562.79	27.284
563.25	27.303
563.70	27.350
564.16	27.427
564.61	27.534
565.06	27.665
565.52	27.827
565.97	28.021
566.43	28.244
566.88	28.489
567.34	28.755
567.79	29.052
568.24	29.374
568.70	29.719
569.15	30.074
569.61	30.449
570.06	30.837
570.51	31.246
570.97	31.675
571.42	32.108
571.88	32.566
572.33	33.027
572.78	33.487
573.24	33.957
573.69	34.426
574.15	34.902
574.60	35.376
575.05	35.856
575.51	36.337
575.96	36.809
576.42	37.292
576.87	37.771
577.32	38.240
577.78	38.698
578.23	39.153
578.68	39.599
579.14	40.033
579.59	40.452
580.04	40.851
580.50	41.231
580.95	41.599
581.40	41.945
581.86	42.286
582.31	42.618
582.76	42.937
583.22	43.235
583.67	43.512
584.12	43.777
584.58	44.005
585.03	44.209
585.48	44.386
585.94	44.528
586.39	44.646
586.84	44.753
587.30	44.848
587.75	44.910
588.20	44.959
588.66	44.988
589.11	44.991
589.56	44.973
590.01	44.938
590.47	44.876
590.92	44.792
591.37	44.695
591.83	44.564
592.28	44.410
592.73	44.238
593.18	44.046
593.64	43.839
594.09	43.615
594.54	43.387
594.99	43.148
595.45	42.892
595.90	42.626
596.35	42.337
596.80	42.026
597.26	41.707
597.71	41.367
598.16	41.020
598.61	40.675
599.07	40.320
599.52	39.950
599.97	39.577
600.42	39.201
600.88	38.811
601.33	38.425
601.78	38.043
602.23	37.653
602.69	37.264
603.14	36.876
603.59	36.492
604.04	36.109
604.49	35.724
604.95	35.340
605.40	34.971
605.85	34.616
606.30	34.269
606.75	33.938
607.21	33.625
607.66	33.322
608.11	33.035
608.56	32.757
609.01	32.505
609.46	32.269
609.92	32.052
610.37	31.851
610.82	31.673
611.27	31.519
611.72	31.394
612.17	31.289
612.63	31.200
613.08	31.133
613.53	31.084
613.98	31.073
614.43	31.089
614.88	31.123
615.34	31.174
615.79	31.243
616.24	31.332
616.69	31.444
617.14	31.574
617.59	31.721
618.04	31.894
618.49	32.088
618.95	32.293
619.40	32.516
619.85	32.767
620.30	33.031
620.75	33.299
621.20	33.586
621.65	33.888
622.10	34.204
622.55	34.538
623.00	34.885
623.46	35.238
623.91	35.590
624.36	35.956
624.81	36.327
625.26	36.710
625.71	37.096
626.16	37.492
626.61	37.891
627.06	38.293
627.51	38.696
627.96	39.099
628.41	39.506
628.86	39.904
629.32	40.299
629.77	40.693
630.22	41.081
630.67	41.466
631.12	41.845
631.57	42.229
632.02	42.603
632.47	42.951
632.92	43.303
633.37	43.664
633.82	44.000
634.27	44.323
634.72	44.642
635.17	44.944
635.62	45.231
636.07	45.506
636.52	45.760
636.97	46.012
637.42	46.243
637.87	46.463
638.32	46.668
638.77	46.867
639.22	47.048
639.67	47.214
640.12	47.368
640.57	47.504
641.02	47.618
641.47	47.714
641.92	47.814
642.37	47.883
642.82	47.928
643.27	47.955
643.72	47.977
644.17	47.974
644.62	47.964
645.07	47.932
645.52	47.899
645.97	47.856
646.42	47.788
646.87	47.714
647.32	47.646
647.77	47.571
648.22	47.467
648.66	47.349
649.11	47.211
649.56	47.054
650.01	46.890
650.46	46.715
650.91	46.539
651.36	46.338
651.81	46.121
652.26	45.907
652.71	45.678
653.16	45.439
653.61	45.192
654.06	44.928
654.50	44.660
654.95	44.371
655.40	44.074
655.85	43.774
656.30	43.463
656.75	43.123
657.20	42.777
657.65	42.441
658.10	42.095
658.55	41.760
658.99	41.427
659.44	41.091
659.89	40.750
660.34	40.394
660.79	40.039
661.24	39.698
661.69	39.357
662.13	39.023
662.58	38.678
663.03	38.344
663.48	38.012
663.93	37.686
664.38	37.368
664.83	37.060
665.27	36.750
665.72	36.439
666.17	36.144
666.62	35.858
667.07	35.569
667.52	35.295
667.96	35.020
668.41	34.749
668.86	34.493
669.31	34.248
669.76	34.026
670.21	33.819
670.65	33.624
671.10	33.435
671.55	33.261
672.00	33.107
672.45	32.965
672.89	32.835
673.34	32.715
673.79	32.605
674.24	32.505
674.68	32.423
675.13	32.361
675.58	32.314
676.03	32.279
676.48	32.254
676.92	32.242
677.37	32.253
677.82	32.281
678.27	32.311
678.71	32.355
679.16	32.411
679.61	32.482
680.06	32.568
680.50	32.664
680.95	32.790
681.40	32.922
681.85	33.055
682.29	33.209
682.74	33.381
683.19	33.566
683.64	33.755
684.08	33.969
684.53	34.192
684.98	34.431
685.43	34.682
685.87	34.938
686.32	35.201
686.77	35.459
687.21	35.714
687.66	35.998
688.11	36.297
688.55	36.590
689.00	36.884
689.45	37.199
689.90	37.521
690.34	37.827
690.79	38.134
691.24	38.458
691.68	38.779
692.13	39.090
692.58	39.394
693.02	39.715
693.47	40.024
693.92	40.327
694.36	40.615
694.81	40.913
695.26	41.210
695.70	41.504
696.15	41.811
696.60	42.117
697.04	42.412
697.49	42.690
697.94	42.963
698.38	43.248
698.83	43.511
699.27	43.769
699.72	44.012
700.17	44.266
700.61	44.511
701.06	44.752
701.51	44.984
701.95	45.225
702.40	45.459
702.84	45.686
703.29	45.907
703.74	46.120
704.18	46.326
704.63	46.526
705.07	46.712
705.52	46.884
705.97	47.053
706.41	47.201
706.86	47.335
707.30	47.472
707.75	47.608
708.20	47.735
708.64	47.840
709.09	47.936
709.53	48.010
709.98	48.087
710.42	48.145
710.87	48.181
711.32	48.213
711.76	48.223
712.21	48.226
712.65	48.222
713.10	48.226
713.54	48.201
713.99	48.179
714.43	48.151
714.88	48.099
715.33	48.022
715.77	47.962
716.22	47.907
716.66	47.831
717.11	47.729
717.55	47.627
718.00	47.521
718.44	47.412
718.89	47.286
719.33	47.158
719.78	47.035
720.22	46.918
720.67	46.780
721.11	46.643
721.56	46.506
722.00	46.348
722.45	46.170
722.89	45.993
723.34	45.806
723.78	45.631
724.23	45.457
724.67	45.282
725.12	45.073
725.56	44.857
726.01	44.649
726.45	44.424
726.90	44.179
727.34	43.931
727.78	43.696
728.23	43.459
728.67	43.198
729.12	42.930
729.56	42.671
730.01	42.403
730.45	42.119
730.90	41.815
731.34	41.541
731.79	41.271
732.23	40.984
732.67	40.688
733.12	40.383
733.56	40.101
734.01	39.825
734.45	39.543
734.89	39.269
735.34	39.004
735.78	38.751
736.23	38.493
736.67	38.228
737.12	37.958
737.56	37.696
738.00	37.432
738.45	37.180
738.89	36.933
739.34	36.710
739.78	36.504
740.22	36.295
740.67	36.072
741.11	35.844
741.55	35.641
742.00	35.443
742.44	35.241
742.89	35.028
743.33	34.831
743.77	34.657
744.22	34.492
744.66	34.310
745.10	34.129
745.55	33.958
745.99	33.815
746.43	33.683
746.88	33.556
747.32	33.428
747.76	33.316
748.21	33.221
748.65	33.109
749.09	33.002
749.54	32.903
749.98	32.822
750.42	32.767
750.87	32.696
751.31	32.634
751.75	32.597
752.20	32.582
752.64	32.574
753.08	32.560
753.53	32.540
753.97	32.549
754.41	32.574
754.85	32.615
755.30	32.653
755.74	32.697
756.18	32.769
756.63	32.870
757.07	32.970
757.51	33.047
757.95	33.143
758.40	33.256
758.84	33.385
759.28	33.515
759.72	33.644
760.17	33.791
760.61	33.955
761.05	34.121
761.50	34.278
761.94	34.428
762.38	34.590
762.82	34.776
763.26	34.969
763.71	35.155
764.15	35.338
764.59	35.515
765.03	35.693
765.48	35.875
765.92	36.050
766.36	36.221
766.80	36.419
767.25	36.627
767.69	36.832
768.13	37.055
768.57	37.279
769.01	37.509
769.46	37.739
769.90	37.960
770.34	38.179
770.78	38.405
771.22	38.658
771.67	38.930
772.11	39.197
772.55	39.448
772.99	39.685
773.43	39.922
773.87	40.191
774.32	40.464
774.76	40.721
775.20	40.973
775.64	41.233
776.08	41.511
776.52	41.773
776.97	42.030
777.41	42.260
777.85	42.495
778.29	42.732
778.73	42.991
779.17	43.255
779.62	43.504
780.06	43.751
780.50	43.988
780.94	44.211
781.38	44.425
781.82	44.634
782.26	44.860
782.70	45.090
783.15	45.316
783.59	45.533
784.03	45.731
784.47	45.925
784.91	46.098
785.35	46.256
785.79	46.430
786.23	46.594
786.67	46.767
787.11	46.933
787.56	47.088
788.00	47.234
788.44	47.371
788.88	47.520
789.32	47.660
789.76	47.788
790.20	47.913
790.64	48.048
791.08	48.192
791.52	48.310
791.96	48.409
792.40	48.498
792.84	48.597
793.28	48.712
793.73	48.830
794.17	48.934
794.61	49.025
795.05	49.111
795.49	49.187
795.93	49.242
796.37	49.279
796.81	49.324
797.25	49.370
797.69	49.397
798.13	49.395
798.57	49.399
799.01	49.399
799.45	49.367
799.89	49.317
800.33	49.262
800.77	49.238
801.21	49.219
801.65	49.180
802.09	49.128
802.53	49.062
802.97	48.984
803.41	48.930
803.85	48.876
804.29	48.814
804.73	48.770
805.17	48.699
805.61	48.619
806.05	48.522
806.49	48.397
806.93	48.291
807.37	48.206
807.81	48.136
808.25	48.048
808.69	47.949
809.13	47.838
809.57	47.719
810.01	47.586
810.44	47.443
810.88	47.292
811.32	47.146
811.76	47.006
812.20	46.855
812.64	46.691
813.08	46.521
813.52	46.328
813.96	46.114
814.40	45.932
814.84	45.771
815.28	45.604
815.72	45.432
816.16	45.263
816.59	45.085
817.03	44.887
817.47	44.698
817.91	44.529
818.35	44.368
818.79	44.215
819.23	44.043
819.67	43.863
820.11	43.686
820.54	43.492
820.98	43.279
821.42	43.078
821.86	42.865
822.30	42.652
822.74	42.456
823.18	42.258
823.62	42.051
824.05	41.829
824.49	41.629
824.93	41.436
825.37	41.232
825.81	41.031
826.25	40.809
826.69	40.561
827.12	40.294
827.56	40.045
828.00	39.795
828.44	39.569
828.88	39.351
829.32	39.124
829.75	38.904
830.19	38.692
830.63	38.468
831.07	38.264
831.51	38.050
831.94	37.819
832.38	37.595
832.82	37.386
833.26	37.202
833.70	37.011
834.13	36.815
834.57	36.617
835.01	36.425
835.45	36.250
835.89	36.094
836.32	35.949
836.76	35.790
837.20	35.616
837.64	35.440
838.08	35.291
838.51	35.171
838.95	35.043
839.39	34.919
839.83	34.805
840.26	34.695
840.70	34.598
841.14	34.508
841.58	34.439
842.01	34.364
842.45	34.279
842.89	34.186
843.33	34.093
843.76	34.007
844.20	33.930
844.64	33.855
845.08	33.786
845.51	33.726
845.95	33.670
846.39	33.627
846.82	33.586
847.26	33.532
847.70	33.458
848.14	33.394
848.57	33.354
849.01	33.325
849.45	33.284
849.88	33.246
850.32	33.215
850.76	33.197
851.19	33.198
851.63	33.195
852.07	33.208
852.50	33.242
852.94	33.258
853.38	33.269
853.81	33.287
854.25	33.328
854.69	33.374
855.12	33.427
855.56	33.493
856.00	33.557
856.43	33.637
856.87	33.728
857.31	33.835
857.74	33.941
858.18	34.031
858.62	34.125
859.05	34.220
859.49	34.318
859.93	34.408
860.36	34.514
860.80	34.619
861.24	34.721
861.67	34.812
862.11	34.907
862.54	35.014
862.98	35.146
863.42	35.279
863.85	35.421
864.29	35.564
864.72	35.717
865.16	35.873
865.60	36.018
866.03	36.168
866.47	36.307
866.90	36.437
867.34	36.602
867.78	36.790
868.21	37.005
868.65	37.237
869.08	37.452
869.52	37.641
869.95	37.822
870.39	38.007
870.83	38.214
871.26	38.445
871.70	38.694
872.13	38.917
872.57	39.127
873.00	39.320
873.44	39.519
873.87	39.699
874.31	39.892
874.75	40.077
875.18	40.271
875.62	40.458
876.05	40.656
876.49	40.868
876.92	41.099
877.36	41.319
877.79	41.525
878.23	41.718
878.66	41.928
879.10	42.163
879.53	42.394
879.97	42.613
880.40	42.822
880.84	43.021
881.27	43.217
881.71	43.398
882.14	43.588
882.58	43.775
883.01	43.971
883.45	44.171
883.88	44.379
884.32	44.567
884.75	44.766
885.19	44.968
885.62	45.175
886.06	45.354
886.49	45.544
886.92	45.727
887.36	45.929
887.79	46.113
888.23	46.282
888.66	46.447
889.10	46.604
889.53	46.747
889.97	46.882
890.40	47.028
890.83	47.167
891.27	47.317
891.70	47.496
892.14	47.663
892.57	47.828
893.01	48.013
893.44	48.193
893.87	48.381
894.31	48.576
894.74	48.733
895.18	48.871
895.61	48.960
896.04	49.055
896.48	49.139
896.91	49.232
897.35	49.299
897.78	49.358
898.21	49.454
898.65	49.576
899.08	49.676
899.52	49.756
899.95	49.866
900.38	49.992
900.82	50.104
901.25	50.213
901.68	50.321
902.12	50.399
902.55	50.510
902.99	50.635
903.42	50.722
903.85	50.796
904.29	50.889
904.72	50.978
905.15	51.057
905.59	51.135
906.02	51.215
906.45	51.325
906.89	51.438
907.32	51.523
907.75	51.616
908.19	51.667
908.62	51.733
909.05	51.765
909.49	51.761
909.92	51.736
910.35	51.704
910.78	51.648
911.22	51.576
911.65	51.466
912.08	51.372
912.52	51.313
912.95	51.264
913.38	51.190
913.82	51.137
914.25	51.100
914.68	51.057
915.11	51.000
915.55	50.940
915.98	50.895
916.41	50.821
916.84	50.720
917.28	50.663
917.71	50.617
918.14	50.581
918.58	50.521
919.01	50.456
919.44	50.378
919.87	50.315
920.31	50.294
920.74	50.285
921.17	50.183
921.60	50.086
922.03	49.969
922.47	49.866
922.90	49.757
923.33	49.619
923.76	49.512
924.20	49.402
924.63	49.305
925.06	49.167
925.49	49.001
925.92	48.865
926.36	48.739
926.79	48.581
927.22	48.443
927.65	48.309
928.08	48.182
928.52	48.082
928.95	47.932
929.38	47.770
929.81	47.612
930.24	47.500
930.68	47.349
931.11	47.197
931.54	47.044
931.97	46.913
932.40	46.792
932.83	46.664
933.27	46.522
933.70	46.341
934.13	46.195
934.56	46.065
934.99	45.923
935.42	45.748
935.85	45.553
936.29	45.382
936.72	45.217
937.15	45.062
937.58	44.898
938.01	44.749
938.44	44.594
938.87	44.426
939.31	44.255
939.74	44.109
940.17	43.949
940.60	43.779
941.03	43.600
941.46	43.390
941.89	43.180
942.32	42.972
942.75	42.773
943.18	42.567
943.62	42.385
944.05	42.155
944.48	41.944
944.91	41.722
945.34	41.494
945.77	41.269
946.20	41.024
946.63	40.797
947.06	40.583
947.49	40.348
947.92	40.151
948.35	39.912
948.78	39.653
949.22	39.414
949.65	39.174
950.08	38.922
950.51	38.704
950.94	38.495
951.37	38.286
951.80	38.100
952.23	37.926
952.66	37.749
953.09	37.605
953.52	37.469
953.95	37.321
954.38	37.170
954.81	37.042
955.24	36.880
955.67	36.715
956.10	36.575
956.53	36.444
956.96	36.285
957.39	36.170
957.82	36.054
958.25	35.947
958.68	35.818
959.11	35.678
959.54	35.544
959.97	35.399
960.40	35.290
960.83	35.162
961.26	35.031
961.69	34.878
962.12	34.701
962.55	34.496
962.98	34.346
963.41	34.177
963.84	34.035
964.27	33.891
964.70	33.780
965.13	33.644
965.56	33.505
965.99	33.384
966.42	33.246
966.84	33.132
967.27	33.021
967.70	32.904
968.13	32.868
968.56	32.783
968.99	32.683
969.42	32.587
969.85	32.480
970.28	32.363
970.71	32.278
971.14	32.162
971.57	32.113
972.00	32.026
972.42	31.940
972.85	31.872
973.28	31.803
973.71	31.678
974.14	31.582
974.57	31.473
975.00	31.361
975.43	31.278
975.86	31.220
976.28	31.127
976.71	31.067
977.14	30.922
977.57	30.835
978.00	30.752
978.43	30.715
978.86	30.643
979.29	30.588
979.71	30.526
980.14	30.505
980.57	30.453
981.00	30.461
981.43	30.410
981.86	30.379
982.28	30.358
982.71	30.332
983.14	30.308
983.57	30.280
984.00	30.276
984.43	30.294
984.85	30.258
985.28	30.347
985.71	30.372
986.14	30.348
986.57	30.382
986.99	30.393
987.42	30.314
987.85	30.330
988.28	30.299
988.71	30.323
989.13	30.343
989.56	30.384
989.99	30.439
990.42	30.497
990.85	30.571
991.27	30.657
991.70	30.715
992.13	30.791
992.56	30.850
992.98	30.876
993.41	30.953
993.84	30.993
994.27	30.987
994.70	31.083
995.12	31.148
995.55	31.182
995.98	31.275
996.41	31.375
996.83	31.461
997.26	31.551
997.69	31.677
998.11	31.698
998.54	31.706
998.97	31.796
999.40	31.915
999.82	31.997
1000.25	32.072
1000.68	32.127
1001.11	32.198
1001.53	32.321
1001.96	32.404
1002.39	32.467
1002.81	32.551
1003.24	32.580
1003.67	32.664
1004.09	32.764
1004.52	32.911
1004.95	32.974
1005.38	33.074
1005.80	33.198
1006.23	33.355
1006.66	33.371
1007.08	33.505
1007.51	33.552
1007.94	33.691
1008.36	33.735
1008.79	33.748
1009.22	33.792
1009.64	33.811
1010.07	33.890
1010.50	33.974
1010.92	34.051
1011.35	34.231
1011.77	34.282
1012.20	34.315
1012.63	34.394
1013.05	34.406
1013.48	34.453
1013.91	34.570
1014.33	34.631
1014.76	34.706
1015.19	34.689
1015.61	34.563
1016.04	34.682
1016.46	34.832
1016.89	34.832
1017.32	34.959
1017.74	34.950
1018.17	35.026
1018.59	35.316
1019.02	35.341
1019.45	35.459
1019.87	35.424
1020.30	35.362
1020.72	35.490
1021.15	35.551
1021.58	35.612
1022.00	35.717
1022.43	35.668
1022.85	35.749
1023.28	35.801
1023.70	35.767
1024.13	35.748
1024.55	35.827
1024.98	35.850
1025.41	35.857
1025.83	35.673
1026.26	35.644
1026.68	35.602
1027.11	35.735
1027.53	35.581
1027.96	35.437
1028.38	35.387
1028.81	35.415
1029.23	35.373
1029.66	35.366
1030.08	35.410
1030.51	35.412
1030.94	35.492
1031.36	35.443
1031.79	35.443
1032.21	35.313
1032.64	35.243
1033.06	35.320
1033.49	35.275
1033.91	35.231
1034.34	35.209
1034.76	35.292
1035.19	35.335
1035.61	35.433
1036.03	35.242
1036.46	35.088
1036.88	34.913
1037.31	34.905
1037.73	34.835
1038.16	34.645
1038.58	34.528
1039.01	34.551
1039.43	34.475
1039.86	34.534
1040.28	34.429
1040.71	34.500
1041.13	34.513
1041.55	34.359
1041.98	34.488
1042.40	34.525
1042.83	34.424
1043.25	34.474
1043.68	34.249
1044.10	34.292
1044.52	34.046
1044.95	33.969
1045.37	34.050
1045.80	34.143
1046.22	34.027
1046.65	34.100
1047.07	33.926
1047.49	33.942
1047.92	33.692
1048.34	33.196
1048.77	32.951
1049.19	32.769
1049.61	32.406
1050.04	32.292
1050.46	31.956
1050.89	31.618
1051.31	31.485
1051.73	31.171
1052.16	30.673
1052.58	30.316
1053.00	29.941
1053.43	29.775
1053.85	29.339
1054.27	29.240
1054.70	29.071
1055.12	28.626
1055.55	28.341
1055.97	28.157
1056.39	28.070
1056.82	27.928
1057.24	27.756
1057.66	27.412
1058.09	27.388
1058.51	26.741
1058.93	26.377
1059.36	26.188
1059.78	25.651
1060.20	25.441
1060.62	24.970
1061.05	24.830
1061.47	24.838
1061.89	24.270
1062.32	24.265
1062.74	23.762
1063.16	23.265
1063.59	22.977
1064.01	22.527
1064.43	22.366
1064.85	22.118
1065.28	21.158
1065.70	20.912
1066.12	20.278
1066.55	20.260
1066.97	19.998
1067.39	19.585
1067.81	18.991
1068.24	18.710
1068.66	18.330
1069.08	17.360
1069.50	16.564
1069.93	16.239
1070.35	15.978
1070.77	15.411
1071.19	14.409
1071.62	14.199
1072.04	13.353
1072.46	12.689
1072.88	11.863
1073.31	11.102
1073.73	9.944
1074.15	8.775
1074.57	7.654
1075.00	6.921
1075.42	5.230
1075.84	3.884
1076.26	2.130
1076.68	1.444
1077.11	0.678
1077.53	-0.662
1077.95	-1.084
1078.37	-2.187
1078.79	-3.185
1079.22	-4.746
1079.64	-7.037
1080.06	-8.071
1080.48	-8.959
1080.90	-10.318
1081.32	-11.824
1081.75	-13.816
1082.17	-15.630
1082.59	-16.930
1083.01	-18.444
1083.43	-19.622
1083.85	-20.837
1084.28	-23.015
1084.70	-25.115
1085.12	-25.781
1085.54	-28.438
1085.96	-30.568
1086.38	-32.488
1086.80	-32.817
1087.23	-33.589
1087.65	-35.264
1088.07	-37.067
1088.49	-38.509
1088.91	-40.024
1089.33	-42.810
1089.75	-46.794
1090.17	-47.743
1090.60	-48.821
1091.02	-52.027
1091.44	-53.734
1091.86	-56.111
1092.28	-58.947
1092.70	-61.846
1093.12	-65.603
1093.54	-68.263
1093.96	-70.293
1094.38	-72.960
1094.81	-77.731
1095.23	-80.575
1095.65	-84.953
1096.07	-84.632
1096.49	-91.975
1096.91	-95.338
1097.33	-96.692
1097.75	-103.917
1098.17	-107.084
1098.59	-109.689
1099.01	-111.853
1099.43	-113.805
1099.85	-119.241
1100.27	-121.988
1100.69	-123.854
1101.11	-126.658
1101.53	-129.408
1101.95	-132.276
1102.38	-84.138
1102.80	-283.739
1103.22	-80.378
1103.64	-114.808
1104.06	-254.902
1104.48	-109.764
1104.90	-208.712
1105.32	-144.713
1105.74	-124.131
1106.16	-297.280
