188.40	-102.838
188.88	-240.470
189.35	289.136
189.83	882.609
190.30	-1082.353
190.78	-163.942
191.26	-122.222
191.73	1050.943
192.21	-934.783
192.68	-204.389
193.16	-735.113
193.63	-872.022
194.11	-930.705
194.58	-859.763
195.06	-705.593
195.53	-463.712
196.01	-377.270
196.48	-333.117
196.96	-274.684
197.43	-228.050
197.91	-202.973
198.38	-181.011
198.86	-148.010
199.33	-122.743
199.81	-116.079
200.28	-106.126
200.76	-92.423
201.23	-87.668
201.71	-79.977
202.18	-71.388
202.66	-61.354
203.13	-57.912
203.61	-56.841
204.08	-50.041
204.55	-45.527
205.03	-42.008
205.50	-39.947
205.98	-41.278
206.45	-40.283
206.93	-37.117
207.40	-40.909
207.88	-39.426
208.35	-39.639
208.82	-43.239
209.30	-44.860
209.77	-43.658
210.25	-41.929
210.72	-41.229
211.20	-38.988
211.67	-35.026
212.14	-36.772
212.62	-39.657
213.09	-38.363
213.57	-36.002
214.04	-35.781
214.52	-35.973
214.99	-34.636
215.46	-35.298
215.94	-34.936
216.41	-35.699
216.89	-36.055
217.36	-32.863
217.83	-32.603
218.31	-33.113
218.78	-31.307
219.25	-30.808
219.73	-31.513
220.20	-35.305
220.68	-35.304
221.15	-35.875
221.62	-36.732
222.10	-35.229
222.57	-33.787
223.04	-33.511
223.52	-34.997
223.99	-35.854
224.47	-34.403
224.94	-35.947
225.41	-34.112
225.89	-34.358
226.36	-35.441
226.83	-36.651
227.31	-38.160
227.78	-38.648
228.25	-37.874
228.73	-38.407
229.20	-35.202
229.67	-36.248
230.15	-35.897
230.62	-34.627
231.09	-34.704
231.57	-35.406
232.04	-36.037
232.51	-36.807
232.98	-35.279
233.46	-34.235
233.93	-33.556
234.40	-33.928
234.88	-33.227
235.35	-36.275
235.82	-36.713
236.30	-35.238
236.77	-34.113
237.24	-34.290
237.71	-33.019
238.19	-31.643
238.66	-29.280
239.13	-31.080
239.61	-32.348
240.08	-30.981
240.55	-30.889
241.02	-31.306
241.50	-31.381
241.97	-29.942
242.44	-29.023
242.91	-28.871
243.39	-28.240
243.86	-29.780
244.33	-29.765
244.80	-31.261
245.28	-31.519
245.75	-30.280
246.22	-29.701
246.69	-29.387
247.17	-28.699
247.64	-30.818
248.11	-31.251
248.58	-31.997
249.05	-34.794
249.53	-31.447
250.00	-32.311
250.47	-32.428
250.94	-35.046
251.42	-35.104
251.89	-33.698
252.36	-33.803
252.83	-35.955
253.30	-34.399
253.78	-31.544
254.25	-30.346
254.72	-28.912
255.19	-27.217
255.66	-26.091
256.13	-27.548
256.61	-27.547
257.08	-28.201
257.55	-27.701
258.02	-27.478
258.49	-30.178
258.97	-29.835
259.44	-30.574
259.91	-29.482
260.38	-29.585
260.85	-27.869
261.32	-26.965
261.79	-26.536
262.27	-27.851
262.74	-27.713
263.21	-27.503
263.68	-29.668
264.15	-32.158
264.62	-33.909
265.09	-35.874
265.57	-36.252
266.04	-35.720
266.51	-35.993
266.98	-36.290
267.45	-35.300
267.92	-36.801
268.39	-37.251
268.86	-35.473
269.34	-31.997
269.81	-33.285
270.28	-34.389
270.75	-32.112
271.22	-33.754
271.69	-33.730
272.16	-33.586
272.63	-32.162
273.10	-32.491
273.57	-32.579
274.05	-31.217
274.52	-29.162
274.99	-28.027
275.46	-28.121
275.93	-28.660
276.40	-28.919
276.87	-25.539
277.34	-25.594
277.81	-25.464
278.28	-24.423
278.75	-24.812
279.22	-27.340
279.69	-28.098
280.16	-28.199
280.63	-28.352
281.11	-29.164
281.58	-31.709
282.05	-30.142
282.52	-30.255
282.99	-28.878
283.46	-30.525
283.93	-30.584
284.40	-29.623
284.87	-28.398
285.34	-28.129
285.81	-28.104
286.28	-26.324
286.75	-25.968
287.22	-27.816
287.69	-28.687
288.16	-27.444
288.63	-26.242
289.10	-26.086
289.57	-24.276
290.04	-22.091
290.51	-20.094
290.98	-17.903
291.45	-18.273
291.92	-18.824
292.39	-18.679
292.86	-20.847
293.33	-18.885
293.80	-18.691
294.27	-19.142
294.74	-21.172
295.21	-21.589
295.68	-19.711
296.15	-20.588
296.62	-22.439
297.09	-22.456
297.56	-20.035
298.03	-18.089
298.49	-19.665
298.96	-20.140
299.43	-18.802
299.90	-19.500
300.37	-20.730
300.84	-21.544
301.31	-19.462
301.78	-17.584
302.25	-18.041
302.72	-17.549
303.19	-16.973
303.66	-14.592
304.13	-13.236
304.60	-13.215
305.07	-12.996
305.53	-12.336
306.00	-13.078
306.47	-13.687
306.94	-12.223
307.41	-12.337
307.88	-12.898
308.35	-12.880
308.82	-12.878
309.29	-12.456
309.76	-12.474
310.22	-13.120
310.69	-14.045
311.16	-12.811
311.63	-12.175
312.10	-12.615
312.57	-12.025
313.04	-11.704
313.51	-12.856
313.97	-14.123
314.44	-13.465
314.91	-12.060
315.38	-11.942
315.85	-11.664
316.32	-11.256
316.79	-9.282
317.25	-9.438
317.72	-10.951
318.19	-10.539
318.66	-9.198
319.13	-8.513
319.60	-9.094
320.07	-9.389
320.53	-7.217
321.00	-7.058
321.47	-8.169
321.94	-7.650
322.41	-7.428
322.87	-7.050
323.34	-7.330
323.81	-6.983
324.28	-6.095
324.75	-7.051
325.22	-7.269
325.68	-7.244
326.15	-6.915
326.62	-7.274
327.09	-7.623
327.56	-7.419
328.02	-6.310
328.49	-6.784
328.96	-7.663
329.43	-7.719
329.89	-7.964
330.36	-7.377
330.83	-8.101
331.30	-8.820
331.77	-8.076
332.23	-8.040
332.70	-7.893
333.17	-8.428
333.64	-8.998
334.10	-7.598
334.57	-7.108
335.04	-7.608
335.51	-7.760
335.97	-7.374
336.44	-7.532
336.91	-7.674
337.38	-7.766
337.84	-7.680
338.31	-6.787
338.78	-6.845
339.24	-6.220
339.71	-4.054
340.18	-3.433
340.65	-3.505
341.11	-2.602
341.58	-1.737
342.05	-1.293
342.52	-1.483
342.98	-1.098
343.45	0.052
343.92	-0.281
344.38	-1.053
344.85	-0.926
345.32	0.018
345.78	0.113
346.25	0.209
346.72	0.720
347.18	1.456
347.65	1.701
348.12	1.048
348.58	1.314
349.05	1.905
349.52	1.953
349.99	1.449
350.45	1.762
350.92	2.055
351.38	2.234
351.85	2.093
352.32	2.264
352.78	3.025
353.25	3.429
353.72	3.342
354.18	3.608
354.65	4.033
355.12	3.857
355.58	3.861
356.05	3.664
356.52	3.771
356.98	4.032
357.45	4.006
357.91	4.128
358.38	3.884
358.85	4.109
359.31	3.957
359.78	3.886
360.25	3.757
360.71	3.977
361.18	3.760
361.64	3.660
362.11	3.589
362.58	3.508
363.04	3.260
363.51	3.294
363.97	3.523
364.44	3.465
364.91	3.484
365.37	3.398
365.84	3.545
366.30	3.776
366.77	3.732
367.23	3.639
367.70	3.651
368.17	3.844
368.63	3.946
369.10	3.796
369.56	3.734
370.03	4.069
370.49	3.964
370.96	3.967
371.42	4.014
371.89	4.189
372.36	4.319
372.82	4.216
373.29	4.188
373.75	4.294
374.22	4.463
374.68	4.592
375.15	4.646
375.61	4.723
376.08	4.674
376.54	4.584
377.01	4.670
377.47	4.841
377.94	4.932
378.40	4.728
378.87	4.698
379.33	4.842
379.80	4.745
380.26	4.697
380.73	4.667
381.19	4.819
381.66	4.835
382.12	4.756
382.59	4.705
383.05	4.772
383.52	4.805
383.98	4.616
384.45	4.501
384.91	4.595
385.38	4.654
385.84	4.626
386.31	4.599
386.77	4.589
387.24	4.631
387.70	4.624
388.16	4.701
388.63	4.835
389.09	4.897
389.56	4.913
390.02	4.923
390.49	4.914
390.95	4.929
391.42	4.943
391.88	4.951
392.34	5.083
392.81	5.160
393.27	5.200
393.74	5.301
394.20	5.367
394.67	5.436
395.13	5.471
395.59	5.526
396.06	5.586
396.52	5.646
396.99	5.656
397.45	5.608
397.91	5.611
398.38	5.555
398.84	5.498
399.31	5.463
399.77	5.454
400.23	5.499
400.70	5.485
401.16	5.418
401.63	5.368
402.09	5.377
402.55	5.330
403.02	5.232
403.48	5.192
403.94	5.187
404.41	5.120
404.87	5.056
405.33	4.992
405.80	5.046
406.26	5.038
406.73	5.015
407.19	5.053
407.65	5.122
408.12	5.242
408.58	5.349
409.04	5.457
409.51	5.601
409.97	5.762
410.43	5.891
410.90	6.072
411.36	6.263
411.82	6.422
412.29	6.588
412.75	6.786
413.21	7.015
413.67	7.224
414.14	7.424
414.60	7.601
415.06	7.837
415.53	8.017
415.99	8.182
416.45	8.347
416.92	8.503
417.38	8.640
417.84	8.717
418.30	8.769
418.77	8.812
419.23	8.847
419.69	8.797
420.16	8.734
420.62	8.688
421.08	8.628
421.54	8.518
422.01	8.416
422.47	8.280
422.93	8.153
423.39	7.982
423.86	7.838
424.32	7.706
424.78	7.572
425.24	7.416
425.71	7.272
426.17	7.137
426.63	7.041
427.09	6.929
427.56	6.840
428.02	6.780
428.48	6.739
428.94	6.672
429.41	6.609
429.87	6.625
430.33	6.746
430.79	6.906
431.25	7.110
431.72	7.348
432.18	7.631
432.64	7.915
433.10	8.244
433.56	8.575
434.03	8.958
434.49	9.329
434.95	9.699
435.41	10.105
435.87	10.516
436.34	10.927
436.80	11.334
437.26	11.749
437.72	12.151
438.18	12.544
438.64	12.934
439.11	13.341
439.57	13.696
440.03	13.967
440.49	14.194
440.95	14.383
441.41	14.540
441.88	14.664
442.34	14.761
442.80	14.820
443.26	14.842
443.72	14.818
444.18	14.746
444.64	14.650
445.11	14.529
445.57	14.378
446.03	14.197
446.49	13.992
446.95	13.775
447.41	13.539
447.87	13.293
448.33	13.064
448.79	12.816
449.26	12.584
449.72	12.350
450.18	12.121
450.64	11.922
451.10	11.733
451.56	11.562
452.02	11.415
452.48	11.291
452.94	11.204
453.40	11.157
453.87	11.145
454.33	11.198
454.79	11.285
455.25	11.396
455.71	11.536
456.17	11.730
456.63	11.971
457.09	12.248
457.55	12.569
458.01	12.915
458.47	13.314
458.93	13.733
459.39	14.157
459.85	14.618
460.31	15.086
460.77	15.572
461.24	16.066
461.70	16.579
462.16	17.106
462.62	17.620
463.08	18.114
463.54	18.619
464.00	19.104
464.46	19.568
464.92	20.003
465.38	20.422
465.84	20.812
466.30	21.171
466.76	21.496
467.22	21.779
467.68	22.031
468.14	22.244
468.60	22.409
469.06	22.547
469.52	22.641
469.98	22.701
470.44	22.717
470.90	22.699
471.36	22.645
471.82	22.548
472.28	22.420
472.74	22.261
473.20	22.071
473.66	21.858
474.12	21.612
474.58	21.344
475.04	21.063
475.50	20.765
475.95	20.442
476.41	20.120
476.87	19.797
477.33	19.468
477.79	19.142
478.25	18.825
478.71	18.512
479.17	18.215
479.63	17.934
480.09	17.672
480.55	17.435
481.01	17.220
481.47	17.038
481.93	16.892
482.39	16.783
482.84	16.710
483.30	16.675
483.76	16.676
484.22	16.719
484.68	16.797
485.14	16.916
485.60	17.083
486.06	17.285
486.52	17.528
486.98	17.812
487.44	18.121
487.89	18.471
488.35	18.859
488.81	19.265
489.27	19.698
489.73	20.163
490.19	20.654
490.65	21.162
491.11	21.689
491.56	22.218
492.02	22.750
492.48	23.288
492.94	23.829
493.40	24.371
493.86	24.909
494.32	25.437
494.77	25.956
495.23	26.454
495.69	26.938
496.15	27.392
496.61	27.827
497.07	28.242
497.52	28.626
497.98	28.982
498.44	29.320
498.90	29.630
499.36	29.904
499.82	30.138
500.27	30.337
500.73	30.501
501.19	30.634
501.65	30.742
502.11	30.811
502.56	30.844
503.02	30.841
503.48	30.806
503.94	30.743
504.40	30.646
504.85	30.522
505.31	30.372
505.77	30.198
506.23	29.994
506.69	29.770
507.14	29.525
507.60	29.257
508.06	28.965
508.52	28.653
508.97	28.325
509.43	27.987
509.89	27.635
510.35	27.279
510.80	26.920
511.26	26.560
511.72	26.205
512.18	25.846
512.63	25.495
513.09	25.154
513.55	24.817
514.01	24.497
514.46	24.195
514.92	23.910
515.38	23.646
515.84	23.409
516.29	23.196
516.75	23.006
517.21	22.848
517.66	22.713
518.12	22.611
518.58	22.542
519.04	22.512
519.49	22.521
519.95	22.561
520.41	22.633
520.86	22.735
521.32	22.869
521.78	23.040
522.23	23.245
522.69	23.481
523.15	23.755
523.61	24.060
524.06	24.389
524.52	24.745
524.98	25.126
525.43	25.526
525.89	25.944
526.35	26.379
526.80	26.830
527.26	27.300
527.72	27.782
528.17	28.275
528.63	28.770
529.09	29.270
529.54	29.771
530.00	30.273
530.45	30.772
530.91	31.270
531.37	31.757
531.82	32.232
532.28	32.701
532.74	33.153
533.19	33.586
533.65	33.998
534.10	34.385
534.56	34.751
535.02	35.093
535.47	35.414
535.93	35.714
536.39	35.994
536.84	36.249
537.30	36.476
537.75	36.673
538.21	36.839
538.67	36.978
539.12	37.092
539.58	37.184
540.03	37.253
540.49	37.292
540.94	37.311
541.40	37.299
541.86	37.253
542.31	37.180
542.77	37.090
543.22	36.982
543.68	36.859
544.13	36.712
544.59	36.547
545.05	36.355
545.50	36.150
545.96	35.911
546.41	35.658
546.87	35.396
547.32	35.117
547.78	34.829
548.23	34.524
548.69	34.208
549.14	33.877
549.60	33.530
550.06	33.184
550.51	32.830
550.97	32.482
551.42	32.126
551.88	31.769
552.33	31.405
552.79	31.049
553.24	30.696
553.70	30.357
554.15	30.023
554.61	29.714
555.06	29.408
555.52	29.118
555.97	28.845
556.43	28.590
556.88	28.354
557.34	28.138
557.79	27.950
558.25	27.787
558.70	27.650
559.15	27.537
559.61	27.447
560.06	27.383
560.52	27.351
560.97	27.351
561.43	27.383
561.88	27.450
562.34	27.541
562.79	27.655
563.25	27.797
563.70	27.965
564.16	28.162
564.61	28.388
565.06	28.644
565.52	28.921
565.97	29.223
566.43	29.554
566.88	29.903
567.34	30.270
567.79	30.651
568.24	31.052
568.70	31.472
569.15	31.900
569.61	32.344
570.06	32.791
570.51	33.255
570.97	33.726
571.42	34.193
571.88	34.676
572.33	35.154
572.78	35.633
573.24	36.118
573.69	36.590
574.15	37.061
574.60	37.524
575.05	37.986
575.51	38.440
575.96	38.885
576.42	39.330
576.87	39.761
577.32	40.187
577.78	40.589
578.23	40.987
578.68	41.368
579.14	41.733
579.59	42.077
580.04	42.401
580.50	42.704
580.95	42.994
581.40	43.260
581.86	43.512
582.31	43.747
582.76	43.962
583.22	44.162
583.67	44.341
584.12	44.502
584.58	44.632
585.03	44.736
585.48	44.809
585.94	44.847
586.39	44.860
586.84	44.860
587.30	44.852
587.75	44.810
588.20	44.759
588.66	44.689
589.11	44.597
589.56	44.488
590.01	44.365
590.47	44.213
590.92	44.045
591.37	43.864
591.83	43.657
592.28	43.430
592.73	43.185
593.18	42.924
593.64	42.651
594.09	42.363
594.54	42.072
594.99	41.776
595.45	41.476
595.90	41.161
596.35	40.829
596.80	40.482
597.26	40.134
597.71	39.770
598.16	39.397
598.61	39.028
599.07	38.649
599.52	38.263
599.97	37.883
600.42	37.502
600.88	37.116
601.33	36.736
601.78	36.365
602.23	35.993
602.69	35.631
603.14	35.273
603.59	34.922
604.04	34.580
604.49	34.246
604.95	33.918
605.40	33.619
605.85	33.337
606.30	33.065
606.75	32.806
607.21	32.573
607.66	32.356
608.11	32.156
608.56	31.976
609.01	31.817
609.46	31.679
609.92	31.563
610.37	31.471
610.82	31.400
611.27	31.354
611.72	31.336
612.17	31.335
612.63	31.353
613.08	31.394
613.53	31.456
613.98	31.551
614.43	31.668
614.88	31.800
615.34	31.955
615.79	32.124
616.24	32.313
616.69	32.521
617.14	32.749
617.59	32.993
618.04	33.256
618.49	33.533
618.95	33.824
619.40	34.130
619.85	34.457
620.30	34.787
620.75	35.121
621.20	35.472
621.65	35.835
622.10	36.204
622.55	36.589
623.00	36.978
623.46	37.364
623.91	37.749
624.36	38.145
624.81	38.529
625.26	38.922
625.71	39.314
626.16	39.715
626.61	40.112
627.06	40.506
627.51	40.896
627.96	41.283
628.41	41.666
628.86	42.037
629.32	42.403
629.77	42.768
630.22	43.123
630.67	43.466
631.12	43.795
631.57	44.129
632.02	44.449
632.47	44.756
632.92	45.058
633.37	45.360
633.82	45.640
634.27	45.907
634.72	46.164
635.17	46.408
635.62	46.627
636.07	46.831
636.52	47.009
636.97	47.185
637.42	47.346
637.87	47.492
638.32	47.623
638.77	47.747
639.22	47.856
639.67	47.949
640.12	48.025
640.57	48.090
641.02	48.131
641.47	48.150
641.92	48.166
642.37	48.158
642.82	48.115
643.27	48.060
643.72	47.999
644.17	47.923
644.62	47.837
645.07	47.737
645.52	47.628
645.97	47.516
646.42	47.375
646.87	47.231
647.32	47.091
647.77	46.949
648.22	46.780
648.66	46.594
649.11	46.385
649.56	46.163
650.01	45.932
650.46	45.710
650.91	45.481
651.36	45.219
651.81	44.945
652.26	44.686
652.71	44.407
653.16	44.125
653.61	43.835
654.06	43.532
654.50	43.224
654.95	42.902
655.40	42.578
655.85	42.257
656.30	41.921
656.75	41.567
657.20	41.206
657.65	40.852
658.10	40.494
658.55	40.158
658.99	39.829
659.44	39.497
659.89	39.153
660.34	38.807
660.79	38.477
661.24	38.160
661.69	37.840
662.13	37.530
662.58	37.220
663.03	36.921
663.48	36.627
663.93	36.341
664.38	36.068
664.83	35.804
665.27	35.539
665.72	35.284
666.17	35.045
666.62	34.811
667.07	34.580
667.52	34.371
667.96	34.156
668.41	33.950
668.86	33.760
669.31	33.582
669.76	33.431
670.21	33.287
670.65	33.160
671.10	33.045
671.55	32.950
672.00	32.873
672.45	32.805
672.89	32.752
673.34	32.712
673.79	32.683
674.24	32.663
674.68	32.661
675.13	32.676
675.58	32.712
676.03	32.762
676.48	32.820
676.92	32.887
677.37	32.983
677.82	33.092
678.27	33.202
678.71	33.326
679.16	33.454
679.61	33.602
680.06	33.757
680.50	33.920
680.95	34.107
681.40	34.298
681.85	34.489
682.29	34.695
682.74	34.918
683.19	35.146
683.64	35.385
684.08	35.644
684.53	35.911
684.98	36.185
685.43	36.466
685.87	36.753
686.32	37.049
686.77	37.338
687.21	37.617
687.66	37.919
688.11	38.236
688.55	38.548
689.00	38.847
689.45	39.172
689.90	39.502
690.34	39.810
690.79	40.118
691.24	40.443
691.68	40.760
692.13	41.067
692.58	41.363
693.02	41.671
693.47	41.965
693.92	42.252
694.36	42.517
694.81	42.799
695.26	43.082
695.70	43.347
696.15	43.614
696.60	43.893
697.04	44.164
697.49	44.408
697.94	44.637
698.38	44.878
698.83	45.108
699.27	45.334
699.72	45.538
700.17	45.749
700.61	45.951
701.06	46.152
701.51	46.338
701.95	46.542
702.40	46.737
702.84	46.920
703.29	47.093
703.74	47.256
704.18	47.407
704.63	47.547
705.07	47.677
705.52	47.803
705.97	47.913
706.41	48.004
706.86	48.085
707.30	48.184
707.75	48.280
708.20	48.348
708.64	48.396
709.09	48.437
709.53	48.465
709.98	48.488
710.42	48.481
710.87	48.460
711.32	48.425
711.76	48.367
712.21	48.314
712.65	48.255
713.10	48.197
713.54	48.124
713.99	48.045
714.43	47.965
714.88	47.860
715.33	47.734
715.77	47.612
716.22	47.493
716.66	47.358
717.11	47.204
717.55	47.058
718.00	46.907
718.44	46.752
718.89	46.578
719.33	46.412
719.78	46.253
720.22	46.091
720.67	45.918
721.11	45.749
721.56	45.572
722.00	45.368
722.45	45.156
722.89	44.946
723.34	44.726
723.78	44.523
724.23	44.324
724.67	44.121
725.12	43.904
725.56	43.677
726.01	43.444
726.45	43.203
726.90	42.939
727.34	42.669
727.78	42.424
728.23	42.172
728.67	41.899
729.12	41.627
729.56	41.363
730.01	41.088
730.45	40.791
730.90	40.484
731.34	40.220
731.79	39.959
732.23	39.678
732.67	39.394
733.12	39.095
733.56	38.822
734.01	38.553
734.45	38.271
734.89	38.010
735.34	37.765
735.78	37.523
736.23	37.277
736.67	37.034
737.12	36.794
737.56	36.555
738.00	36.322
738.45	36.094
738.89	35.876
739.34	35.685
739.78	35.526
740.22	35.364
740.67	35.182
741.11	34.994
741.55	34.830
742.00	34.672
742.44	34.518
742.89	34.352
743.33	34.203
743.77	34.085
744.22	33.969
744.66	33.833
745.10	33.703
745.55	33.582
745.99	33.493
746.43	33.405
746.88	33.328
747.32	33.250
747.76	33.193
748.21	33.160
748.65	33.112
749.09	33.053
749.54	33.001
749.98	32.979
750.42	32.974
750.87	32.960
751.31	32.948
751.75	32.966
752.20	33.002
752.64	33.051
753.08	33.099
753.53	33.132
753.97	33.197
754.41	33.280
754.85	33.381
755.30	33.468
755.74	33.563
756.18	33.688
756.63	33.843
757.07	33.994
757.51	34.116
757.95	34.254
758.40	34.413
758.84	34.580
759.28	34.742
759.72	34.901
760.17	35.084
760.61	35.285
761.05	35.480
761.50	35.671
761.94	35.853
762.38	36.038
762.82	36.263
763.26	36.481
763.71	36.694
764.15	36.906
764.59	37.111
765.03	37.311
765.48	37.513
765.92	37.699
766.36	37.881
766.80	38.091
767.25	38.317
767.69	38.537
768.13	38.776
768.57	39.020
769.01	39.272
769.46	39.515
769.90	39.758
770.34	39.988
770.78	40.217
771.22	40.474
771.67	40.743
772.11	40.992
772.55	41.241
772.99	41.474
773.43	41.700
773.87	41.953
774.32	42.214
774.76	42.462
775.20	42.698
775.64	42.945
776.08	43.211
776.52	43.452
776.97	43.688
777.41	43.912
777.85	44.127
778.29	44.349
778.73	44.582
779.17	44.816
779.62	45.047
780.06	45.274
780.50	45.480
780.94	45.674
781.38	45.861
781.82	46.049
782.26	46.253
782.70	46.462
783.15	46.650
783.59	46.846
784.03	47.019
784.47	47.186
784.91	47.330
785.35	47.464
785.79	47.598
786.23	47.736
786.67	47.858
787.11	47.982
787.56	48.091
788.00	48.187
788.44	48.282
788.88	48.380
789.32	48.467
789.76	48.553
790.20	48.640
790.64	48.738
791.08	48.823
791.52	48.894
791.96	48.941
792.40	49.002
792.84	49.064
793.28	49.140
793.73	49.224
794.17	49.304
794.61	49.354
795.05	49.404
795.49	49.422
795.93	49.435
796.37	49.437
796.81	49.445
797.25	49.466
797.69	49.458
798.13	49.440
798.57	49.419
799.01	49.395
799.45	49.338
799.89	49.256
800.33	49.181
800.77	49.123
801.21	49.079
801.65	49.000
802.09	48.902
802.53	48.793
802.97	48.682
803.41	48.580
803.85	48.488
804.29	48.393
804.73	48.323
805.17	48.235
805.61	48.128
806.05	48.004
806.49	47.854
806.93	47.726
807.37	47.599
807.81	47.483
808.25	47.349
808.69	47.215
809.13	47.085
809.57	46.940
810.01	46.781
810.44	46.607
810.88	46.439
811.32	46.279
811.76	46.124
812.20	45.951
812.64	45.770
813.08	45.574
813.52	45.362
813.96	45.142
814.40	44.940
814.84	44.759
815.28	44.576
815.72	44.399
816.16	44.200
816.59	44.011
817.03	43.803
817.47	43.610
817.91	43.437
818.35	43.266
818.79	43.090
819.23	42.907
819.67	42.720
820.11	42.548
820.54	42.338
820.98	42.115
821.42	41.909
821.86	41.700
822.30	41.488
822.74	41.298
823.18	41.093
823.62	40.885
824.05	40.660
824.49	40.465
824.93	40.268
825.37	40.085
825.81	39.895
826.25	39.701
826.69	39.472
827.12	39.231
827.56	38.988
828.00	38.763
828.44	38.555
828.88	38.350
829.32	38.127
829.75	37.927
830.19	37.732
830.63	37.525
831.07	37.324
831.51	37.127
831.94	36.916
832.38	36.729
832.82	36.546
833.26	36.395
833.70	36.227
834.13	36.065
834.57	35.890
835.01	35.716
835.45	35.569
835.89	35.444
836.32	35.320
836.76	35.190
837.20	35.046
837.64	34.915
838.08	34.804
838.51	34.723
838.95	34.641
839.39	34.561
839.83	34.491
840.26	34.432
840.70	34.377
841.14	34.324
841.58	34.267
842.01	34.221
842.45	34.171
842.89	34.118
843.33	34.052
843.76	34.006
844.20	33.971
844.64	33.936
845.08	33.895
845.51	33.869
845.95	33.857
846.39	33.861
846.82	33.840
847.26	33.818
847.70	33.776
848.14	33.750
848.57	33.737
849.01	33.736
849.45	33.729
849.88	33.732
850.32	33.747
850.76	33.777
851.19	33.822
851.63	33.878
852.07	33.932
852.50	34.001
852.94	34.048
853.38	34.094
853.81	34.140
854.25	34.219
854.69	34.300
855.12	34.402
855.56	34.498
856.00	34.607
856.43	34.741
856.87	34.867
857.31	35.010
857.74	35.152
858.18	35.276
858.62	35.412
859.05	35.535
859.49	35.654
859.93	35.772
860.36	35.895
860.80	36.008
861.24	36.134
861.67	36.261
862.11	36.400
862.54	36.540
862.98	36.702
863.42	36.864
863.85	37.043
864.29	37.206
864.72	37.375
865.16	37.547
865.60	37.699
866.03	37.869
866.47	38.016
866.90	38.158
867.34	38.332
867.78	38.523
868.21	38.743
868.65	38.980
869.08	39.218
869.52	39.419
869.95	39.608
870.39	39.804
870.83	40.009
871.26	40.247
871.70	40.500
872.13	40.729
872.57	40.954
873.00	41.143
873.44	41.343
873.87	41.523
874.31	41.708
874.75	41.892
875.18	42.076
875.62	42.275
876.05	42.479
876.49	42.687
876.92	42.909
877.36	43.139
877.79	43.351
878.23	43.540
878.66	43.746
879.10	43.979
879.53	44.209
879.97	44.426
880.40	44.612
880.84	44.792
881.27	44.972
881.71	45.135
882.14	45.314
882.58	45.490
883.01	45.685
883.45	45.884
883.88	46.072
884.32	46.254
884.75	46.435
885.19	46.615
885.62	46.793
886.06	46.954
886.49	47.116
886.92	47.282
887.36	47.454
887.79	47.621
888.23	47.762
888.66	47.904
889.10	48.025
889.53	48.156
889.97	48.288
890.40	48.393
890.83	48.508
891.27	48.619
891.70	48.750
892.14	48.893
892.57	49.040
893.01	49.202
893.44	49.367
893.87	49.515
894.31	49.687
894.74	49.840
895.18	49.959
895.61	50.043
896.04	50.116
896.48	50.182
896.91	50.253
897.35	50.305
897.78	50.345
898.21	50.423
898.65	50.514
899.08	50.592
899.52	50.693
899.95	50.778
900.38	50.886
900.82	50.997
901.25	51.104
901.68	51.185
902.12	51.245
902.55	51.315
902.99	51.410
903.42	51.470
903.85	51.530
904.29	51.600
904.72	51.652
905.15	51.702
905.59	51.752
906.02	51.818
906.45	51.890
906.89	51.951
907.32	52.016
907.75	52.066
908.19	52.082
908.62	52.087
909.05	52.087
909.49	52.069
909.92	52.022
910.35	51.957
910.78	51.871
911.22	51.801
911.65	51.717
912.08	51.608
912.52	51.515
912.95	51.439
913.38	51.342
913.82	51.253
914.25	51.189
914.68	51.116
915.11	51.049
915.55	50.958
915.98	50.889
916.41	50.802
916.84	50.697
917.28	50.606
917.71	50.538
918.14	50.474
918.58	50.413
919.01	50.301
919.44	50.205
919.87	50.157
920.31	50.110
920.74	50.053
921.17	49.961
921.60	49.889
922.03	49.777
922.47	49.665
922.90	49.545
923.33	49.403
923.76	49.290
924.20	49.159
924.63	49.067
925.06	48.931
925.49	48.768
925.92	48.617
926.36	48.493
926.79	48.349
927.22	48.220
927.65	48.059
928.08	47.921
928.52	47.784
928.95	47.620
929.38	47.448
929.81	47.267
930.24	47.122
930.68	46.942
931.11	46.771
931.54	46.601
931.97	46.449
932.40	46.327
932.83	46.186
933.27	46.022
933.70	45.822
934.13	45.664
934.56	45.525
934.99	45.353
935.42	45.182
935.85	45.009
936.29	44.814
936.72	44.642
937.15	44.498
937.58	44.350
938.01	44.185
938.44	44.004
938.87	43.819
939.31	43.674
939.74	43.516
940.17	43.351
940.60	43.184
941.03	43.029
941.46	42.852
941.89	42.680
942.32	42.498
942.75	42.342
943.18	42.184
943.62	41.987
944.05	41.799
944.48	41.568
944.91	41.350
945.34	41.149
945.77	40.929
946.20	40.725
946.63	40.530
947.06	40.322
947.49	40.102
947.92	39.930
948.35	39.705
948.78	39.473
949.22	39.256
949.65	39.054
950.08	38.833
950.51	38.595
950.94	38.344
951.37	38.139
951.80	37.985
952.23	37.805
952.66	37.652
953.09	37.530
953.52	37.429
953.95	37.299
954.38	37.142
954.81	37.033
955.24	36.927
955.67	36.752
956.10	36.620
956.53	36.523
956.96	36.407
957.39	36.283
957.82	36.164
958.25	36.035
958.68	35.940
959.11	35.849
959.54	35.725
959.97	35.654
960.40	35.599
960.83	35.481
961.26	35.349
961.69	35.230
962.12	35.091
962.55	34.935
962.98	34.775
963.41	34.685
963.84	34.586
964.27	34.449
964.70	34.346
965.13	34.260
965.56	34.150
965.99	34.039
966.42	33.906
966.84	33.826
967.27	33.773
967.70	33.681
968.13	33.596
968.56	33.555
968.99	33.483
969.42	33.363
969.85	33.247
970.28	33.129
970.71	33.073
971.14	33.029
971.57	32.966
972.00	32.916
972.42	32.869
972.85	32.791
973.28	32.745
973.71	32.669
974.14	32.590
974.57	32.567
975.00	32.472
975.43	32.462
975.86	32.453
976.28	32.439
976.71	32.387
977.14	32.317
977.57	32.302
978.00	32.305
978.43	32.314
978.86	32.317
979.29	32.382
979.71	32.373
980.14	32.346
980.57	32.363
981.00	32.419
981.43	32.470
981.86	32.514
982.28	32.446
982.71	32.458
983.14	32.489
983.57	32.456
984.00	32.477
984.43	32.519
984.85	32.575
985.28	32.650
985.71	32.725
986.14	32.837
986.57	32.954
986.99	33.002
987.42	32.982
987.85	33.028
988.28	33.088
988.71	33.182
989.13	33.288
989.56	33.427
989.99	33.522
990.42	33.598
990.85	33.676
991.27	33.798
991.70	33.952
992.13	34.018
992.56	34.090
992.98	34.231
993.41	34.317
993.84	34.402
994.27	34.418
994.70	34.526
995.12	34.641
995.55	34.671
995.98	34.748
996.41	34.904
996.83	35.056
997.26	35.206
997.69	35.274
998.11	35.232
998.54	35.266
998.97	35.373
999.40	35.505
999.82	35.625
1000.25	35.865
1000.68	36.088
1001.11	36.199
1001.53	36.328
1001.96	36.516
1002.39	36.703
1002.81	36.722
1003.24	36.801
1003.67	36.940
1004.09	37.024
1004.52	37.090
1004.95	37.142
1005.38	37.211
1005.80	37.330
1006.23	37.370
1006.66	37.446
1007.08	37.652
1007.51	37.772
1007.94	37.907
1008.36	37.845
1008.79	37.922
1009.22	37.928
1009.64	37.843
1010.07	37.927
1010.50	38.071
1010.92	38.169
1011.35	38.188
1011.77	38.355
1012.20	38.420
1012.63	38.517
1013.05	38.573
1013.48	38.667
1013.91	38.820
1014.33	38.965
1014.76	38.997
1015.19	39.039
1015.61	39.026
1016.04	39.208
1016.46	39.287
1016.89	39.227
1017.32	39.402
1017.74	39.530
1018.17	39.681
1018.59	39.831
1019.02	39.905
1019.45	39.990
1019.87	40.100
1020.30	40.168
1020.72	40.198
1021.15	40.475
1021.58	40.593
1022.00	40.587
1022.43	40.615
1022.85	40.719
1023.28	40.880
1023.70	40.891
1024.13	40.941
1024.55	41.214
1024.98	41.221
1025.41	41.134
1025.83	41.162
1026.26	41.241
1026.68	41.214
1027.11	41.116
1027.53	41.055
1027.96	41.150
1028.38	41.295
1028.81	41.190
1029.23	41.153
1029.66	41.288
1030.08	41.361
1030.51	41.376
1030.94	41.508
1031.36	41.643
1031.79	41.651
1032.21	41.620
1032.64	41.671
1033.06	41.638
1033.49	41.608
1033.91	41.503
1034.34	41.563
1034.76	41.666
1035.19	41.710
1035.61	41.602
1036.03	41.467
1036.46	41.399
1036.88	41.512
1037.31	41.170
1037.73	41.112
1038.16	41.290
1038.58	41.335
1039.01	41.029
1039.43	40.907
1039.86	40.995
1040.28	41.041
1040.71	41.026
1041.13	40.832
1041.55	40.815
1041.98	41.080
1042.40	41.173
1042.83	41.202
1043.25	41.157
1043.68	41.401
1044.10	41.275
1044.52	41.267
1044.95	41.538
1045.37	41.879
1045.80	41.773
1046.22	41.851
1046.65	41.835
1047.07	41.792
1047.49	41.842
1047.92	41.918
1048.34	41.752
1048.77	41.789
1049.19	41.544
1049.61	41.342
1050.04	41.298
1050.46	41.393
1050.89	41.157
1051.31	40.822
1051.73	40.585
1052.16	40.648
1052.58	40.257
1053.00	39.898
1053.43	39.648
1053.85	39.736
1054.27	39.503
1054.70	39.189
1055.12	38.907
1055.55	38.980
1055.97	38.926
1056.39	38.640
1056.82	38.576
1057.24	38.834
1057.66	38.694
1058.09	38.668
1058.51	38.660
1058.93	38.645
1059.36	38.417
1059.78	38.234
1060.20	37.642
1060.62	37.777
1061.05	37.721
1061.47	37.360
1061.89	37.484
1062.32	37.367
1062.74	36.921
1063.16	36.642
1063.59	36.294
1064.01	36.311
1064.43	36.068
1064.85	35.417
1065.28	34.709
1065.70	34.181
1066.12	33.632
1066.55	33.220
1066.97	32.897
1067.39	32.609
1067.81	32.134
1068.24	31.344
1068.66	31.011
1069.08	31.023
1069.50	30.470
1069.93	30.034
1070.35	29.472
1070.77	29.244
1071.19	29.030
1071.62	28.559
1072.04	27.883
1072.46	27.177
1072.88	26.859
1073.31	26.409
1073.73	25.813
1074.15	25.254
1074.57	24.979
1075.00	24.613
1075.42	23.708
1075.84	22.337
1076.26	21.676
1076.68	21.356
1077.11	21.111
1077.53	20.792
1077.95	20.312
1078.37	19.912
1078.79	19.209
1079.22	18.590
1079.64	17.801
1080.06	17.642
1080.48	16.026
1080.90	15.661
1081.32	15.667
1081.75	14.855
1082.17	14.074
1082.59	12.951
1083.01	13.172
1083.43	12.253
1083.85	10.796
1084.28	9.073
1084.70	8.972
1085.12	8.781
1085.54	6.926
1085.96	5.093
1086.38	3.298
1086.80	3.181
1087.23	1.536
1087.65	0.256
1088.07	-0.116
1088.49	-1.462
1088.91	-3.618
1089.33	-4.282
1089.75	-6.067
1090.17	-6.671
1090.60	-8.892
1091.02	-10.510
1091.44	-10.557
1091.86	-11.680
1092.28	-13.631
1092.70	-15.139
1093.12	-16.080
1093.54	-18.629
1093.96	-21.145
1094.38	-22.330
1094.81	-24.150
1095.23	-24.117
1095.65	-27.599
1096.07	-29.646
1096.49	-32.714
1096.91	-33.728
1097.33	-35.336
1097.75	-39.444
1098.17	-41.512
1098.59	-43.815
1099.01	-46.927
1099.43	-47.846
1099.85	-52.962
1100.27	-56.275
1100.69	-59.771
1101.11	-61.399
1101.53	-63.284
1101.95	-64.083
1102.38	-57.085
1102.80	-115.493
1103.22	-59.593
1103.64	-63.782
1104.06	-146.881
1104.48	-73.792
1104.90	-91.411
1105.32	-82.874
1105.74	-61.408
1106.16	-96.320
