188.40	-288.481
188.88	-395.039
189.35	452.368
189.83	1180.000
190.30	-1437.255
190.78	-362.500
191.26	-285.024
191.73	1071.698
192.21	-1482.609
192.68	-217.748
193.16	-1087.742
193.63	-1251.985
194.11	-1327.963
194.58	-1225.990
195.06	-1012.200
195.53	-664.618
196.01	-539.449
196.48	-470.672
196.96	-396.502
197.43	-335.425
197.91	-302.393
198.38	-267.560
198.86	-225.157
199.33	-184.892
199.81	-176.152
200.28	-165.394
200.76	-150.809
201.23	-141.712
201.71	-128.650
202.18	-120.639
202.66	-109.667
203.13	-102.576
203.61	-96.795
204.08	-86.942
204.55	-79.137
205.03	-75.118
205.50	-74.414
205.98	-72.216
206.45	-71.261
206.93	-69.891
207.40	-69.822
207.88	-67.041
208.35	-66.006
208.82	-70.376
209.30	-72.583
209.77	-70.589
210.25	-70.715
210.72	-72.453
211.20	-71.618
211.67	-67.006
212.14	-67.239
212.62	-66.754
213.09	-64.362
213.57	-62.065
214.04	-61.947
214.52	-62.500
214.99	-58.791
215.46	-56.603
215.94	-58.445
216.41	-58.311
216.89	-55.782
217.36	-54.090
217.83	-56.090
218.31	-58.606
218.78	-55.372
219.25	-52.407
219.73	-52.635
220.20	-54.310
220.68	-49.735
221.15	-48.644
221.62	-51.587
222.10	-52.850
222.57	-50.248
223.04	-49.440
223.52	-51.670
223.99	-54.272
224.47	-53.625
224.94	-55.278
225.41	-55.833
225.89	-57.781
226.36	-60.091
226.83	-62.013
227.31	-64.585
227.78	-65.241
228.25	-62.733
228.73	-62.326
229.20	-61.930
229.67	-65.167
230.15	-65.622
230.62	-66.295
231.09	-68.648
231.57	-70.371
232.04	-67.115
232.51	-69.119
232.98	-71.367
233.46	-70.319
233.93	-69.571
234.40	-68.026
234.88	-67.125
235.35	-68.970
235.82	-67.280
236.30	-62.892
236.77	-61.688
237.24	-64.115
237.71	-61.751
238.19	-60.360
238.66	-59.501
239.13	-61.921
239.61	-61.622
240.08	-59.643
240.55	-58.033
241.02	-57.505
241.50	-55.453
241.97	-54.476
242.44	-53.181
242.91	-53.330
243.39	-54.451
243.86	-53.294
244.33	-53.253
244.80	-55.345
245.28	-56.003
245.75	-54.304
246.22	-54.757
246.69	-54.944
247.17	-52.705
247.64	-53.724
248.11	-54.261
248.58	-54.790
249.05	-54.661
249.53	-50.610
250.00	-50.340
250.47	-52.760
250.94	-54.624
251.42	-54.766
251.89	-53.223
252.36	-54.606
252.83	-55.496
253.30	-53.682
253.78	-52.356
254.25	-52.604
254.72	-52.460
255.19	-51.896
255.66	-50.754
256.13	-52.027
256.61	-51.398
257.08	-51.325
257.55	-49.634
258.02	-48.159
258.49	-51.264
258.97	-53.114
259.44	-54.424
259.91	-55.018
260.38	-55.701
260.85	-53.479
261.32	-53.333
261.79	-53.309
262.27	-54.543
262.74	-52.625
263.21	-50.479
263.68	-51.911
264.15	-53.008
264.62	-54.023
265.09	-53.950
265.57	-53.952
266.04	-56.226
266.51	-58.247
266.98	-58.597
267.45	-57.848
267.92	-59.961
268.39	-56.459
268.86	-55.206
269.34	-52.443
269.81	-54.754
270.28	-55.151
270.75	-52.092
271.22	-51.133
271.69	-51.333
272.16	-49.176
272.63	-47.938
273.10	-48.703
273.57	-48.840
274.05	-49.766
274.52	-47.111
274.99	-46.281
275.46	-46.956
275.93	-46.400
276.40	-44.406
276.87	-41.942
277.34	-44.521
277.81	-45.633
278.28	-47.836
278.75	-47.558
279.22	-49.984
279.69	-48.491
280.16	-46.398
280.63	-45.451
281.11	-47.185
281.58	-49.229
282.05	-49.951
282.52	-49.409
282.99	-49.753
283.46	-50.743
283.93	-48.246
284.40	-48.096
284.87	-48.684
285.34	-50.302
285.81	-51.208
286.28	-50.386
286.75	-49.112
287.22	-49.482
287.69	-48.567
288.16	-44.773
288.63	-43.565
289.10	-43.407
289.57	-41.990
290.04	-41.197
290.51	-41.972
290.98	-41.269
291.45	-39.832
291.92	-38.840
292.39	-39.151
292.86	-40.452
293.33	-38.932
293.80	-37.903
294.27	-37.591
294.74	-38.601
295.21	-36.978
295.68	-33.917
296.15	-35.365
296.62	-37.258
297.09	-37.405
297.56	-34.973
298.03	-33.430
298.49	-34.633
298.96	-35.807
299.43	-34.661
299.90	-34.526
300.37	-35.270
300.84	-36.274
301.31	-36.119
301.78	-36.015
302.25	-37.289
302.72	-36.320
303.19	-35.995
303.66	-35.259
304.13	-35.702
304.60	-35.691
305.07	-35.169
305.53	-33.818
306.00	-34.142
306.47	-35.345
306.94	-34.267
307.41	-34.052
307.88	-36.098
308.35	-35.775
308.82	-33.688
309.29	-33.096
309.76	-33.949
310.22	-34.140
310.69	-32.338
311.16	-31.058
311.63	-29.757
312.10	-30.284
312.57	-29.701
313.04	-29.306
313.51	-29.650
313.97	-30.149
314.44	-29.380
314.91	-27.237
315.38	-28.097
315.85	-27.241
316.32	-26.197
316.79	-24.132
317.25	-25.178
317.72	-26.418
318.19	-25.942
318.66	-24.627
319.13	-25.013
319.60	-26.213
320.07	-25.013
320.53	-23.534
321.00	-22.843
321.47	-23.322
321.94	-23.060
322.41	-21.990
322.87	-21.587
323.34	-22.333
323.81	-20.938
324.28	-20.460
324.75	-21.991
325.22	-22.076
325.68	-22.361
326.15	-20.882
326.62	-20.342
327.09	-20.475
327.56	-19.602
328.02	-18.073
328.49	-18.520
328.96	-18.178
329.43	-17.543
329.89	-17.712
330.36	-17.339
330.83	-19.051
331.30	-19.545
331.77	-18.737
332.23	-18.309
332.70	-18.420
333.17	-19.095
333.64	-19.356
334.10	-17.674
334.57	-16.937
335.04	-16.986
335.51	-15.840
335.97	-15.289
336.44	-15.867
336.91	-16.228
337.38	-15.515
337.84	-15.352
338.31	-14.889
338.78	-15.667
339.24	-14.658
339.71	-12.825
340.18	-12.615
340.65	-12.136
341.11	-11.256
341.58	-9.884
342.05	-9.651
342.52	-9.140
342.98	-8.450
343.45	-8.025
343.92	-8.118
344.38	-8.696
344.85	-8.189
345.32	-7.578
345.78	-7.599
346.25	-7.300
346.72	-6.694
347.18	-5.702
347.65	-5.538
348.12	-5.548
348.58	-4.633
349.05	-3.804
349.52	-4.125
349.99	-4.495
350.45	-3.975
350.92	-3.514
351.38	-3.315
351.85	-3.392
352.32	-3.127
352.78	-2.085
353.25	-1.606
353.72	-1.701
354.18	-1.351
354.65	-0.862
355.12	-0.874
355.58	-0.731
356.05	-0.712
356.52	-0.350
356.98	-0.303
357.45	-0.296
357.91	-0.243
358.38	-0.043
358.85	-0.091
359.31	-0.191
359.78	-0.084
360.25	-0.116
360.71	-0.007
361.18	-0.038
361.64	0.058
362.11	0.363
362.58	0.274
363.04	0.193
363.51	0.398
363.97	0.610
364.44	0.678
364.91	0.695
365.37	0.741
365.84	1.035
366.30	1.300
366.77	1.098
367.23	1.250
367.70	1.370
368.17	1.431
368.63	1.584
369.10	1.625
369.56	1.838
370.03	2.170
370.49	2.317
370.96	2.330
371.42	2.439
371.89	2.508
372.36	2.561
372.82	2.566
373.29	2.657
373.75	2.859
374.22	2.981
374.68	3.118
375.15	3.181
375.61	3.136
376.08	3.097
376.54	3.139
377.01	3.113
377.47	3.283
377.94	3.319
378.40	3.340
378.87	3.324
379.33	3.359
379.80	3.307
380.26	3.220
380.73	3.360
381.19	3.487
381.66	3.500
382.12	3.505
382.59	3.588
383.05	3.657
383.52	3.642
383.98	3.548
384.45	3.539
384.91	3.635
385.38	3.718
385.84	3.746
386.31	3.710
386.77	3.765
387.24	3.748
387.70	3.754
388.16	3.766
388.63	3.932
389.09	4.018
389.56	4.062
390.02	4.090
390.49	4.095
390.95	4.109
391.42	4.124
391.88	4.215
392.34	4.301
392.81	4.403
393.27	4.532
393.74	4.643
394.20	4.760
394.67	4.835
395.13	4.914
395.59	5.011
396.06	5.151
396.52	5.247
396.99	5.308
397.45	5.325
397.91	5.360
398.38	5.300
398.84	5.288
399.31	5.288
399.77	5.308
400.23	5.355
400.70	5.330
401.16	5.282
401.63	5.241
402.09	5.228
402.55	5.145
403.02	5.001
403.48	4.916
403.94	4.877
404.41	4.794
404.87	4.710
405.33	4.666
405.80	4.668
406.26	4.612
406.73	4.574
407.19	4.609
407.65	4.657
408.12	4.745
408.58	4.809
409.04	4.899
409.51	5.010
409.97	5.077
410.43	5.208
410.90	5.377
411.36	5.562
411.82	5.718
412.29	5.903
412.75	6.141
413.21	6.374
413.67	6.582
414.14	6.814
414.60	7.046
415.06	7.267
415.53	7.468
415.99	7.690
416.45	7.902
416.92	8.086
417.38	8.230
417.84	8.372
418.30	8.448
418.77	8.538
419.23	8.607
419.69	8.628
420.16	8.635
420.62	8.626
421.08	8.570
421.54	8.524
422.01	8.445
422.47	8.348
422.93	8.236
423.39	8.078
423.86	7.932
424.32	7.795
424.78	7.640
425.24	7.491
425.71	7.323
426.17	7.181
426.63	7.019
427.09	6.883
427.56	6.756
428.02	6.664
428.48	6.572
428.94	6.459
429.41	6.349
429.87	6.295
430.33	6.366
430.79	6.475
431.25	6.615
431.72	6.813
432.18	7.026
432.64	7.277
433.10	7.574
433.56	7.881
434.03	8.220
434.49	8.571
434.95	8.937
435.41	9.329
435.87	9.733
436.34	10.152
436.80	10.580
437.26	10.999
437.72	11.440
438.18	11.867
438.64	12.324
439.11	12.771
439.57	13.197
440.03	13.524
440.49	13.813
440.95	14.066
441.41	14.274
441.88	14.468
442.34	14.636
442.80	14.759
443.26	14.840
443.72	14.880
444.18	14.880
444.64	14.849
445.11	14.796
445.57	14.692
446.03	14.566
446.49	14.408
446.95	14.242
447.41	14.029
447.87	13.809
448.33	13.566
448.79	13.329
449.26	13.072
449.72	12.821
450.18	12.588
450.64	12.366
451.10	12.150
451.56	11.931
452.02	11.737
452.48	11.572
452.94	11.426
453.40	11.321
453.87	11.258
454.33	11.221
454.79	11.214
455.25	11.245
455.71	11.317
456.17	11.435
456.63	11.594
457.09	11.793
457.55	12.033
458.01	12.316
458.47	12.646
458.93	13.004
459.39	13.391
459.85	13.801
460.31	14.226
460.77	14.675
461.24	15.157
461.70	15.667
462.16	16.175
462.62	16.690
463.08	17.202
463.54	17.725
464.00	18.241
464.46	18.738
464.92	19.225
465.38	19.701
465.84	20.147
466.30	20.568
466.76	20.963
467.22	21.326
467.68	21.659
468.14	21.948
468.60	22.205
469.06	22.428
469.52	22.604
469.98	22.742
470.44	22.850
470.90	22.914
471.36	22.927
471.82	22.904
472.28	22.847
472.74	22.754
473.20	22.620
473.66	22.457
474.12	22.273
474.58	22.050
475.04	21.799
475.50	21.528
475.95	21.235
476.41	20.928
476.87	20.608
477.33	20.275
477.79	19.941
478.25	19.607
478.71	19.276
479.17	18.947
479.63	18.632
480.09	18.327
480.55	18.034
481.01	17.764
481.47	17.517
481.93	17.301
482.39	17.118
482.84	16.962
483.30	16.846
483.76	16.767
484.22	16.722
484.68	16.710
485.14	16.747
485.60	16.822
486.06	16.940
486.52	17.098
486.98	17.295
487.44	17.537
487.89	17.812
488.35	18.121
488.81	18.464
489.27	18.837
489.73	19.242
490.19	19.679
490.65	20.142
491.11	20.631
491.56	21.134
492.02	21.648
492.48	22.176
492.94	22.712
493.40	23.253
493.86	23.797
494.32	24.338
494.77	24.872
495.23	25.401
495.69	25.917
496.15	26.414
496.61	26.902
497.07	27.367
497.52	27.818
497.98	28.237
498.44	28.640
498.90	29.024
499.36	29.376
499.82	29.687
500.27	29.967
500.73	30.215
501.19	30.431
501.65	30.613
502.11	30.766
502.56	30.884
503.02	30.959
503.48	31.002
503.94	31.022
504.40	31.009
504.85	30.957
505.31	30.878
505.77	30.774
506.23	30.638
506.69	30.466
507.14	30.273
507.60	30.056
508.06	29.809
508.52	29.533
508.97	29.237
509.43	28.931
509.89	28.598
510.35	28.258
510.80	27.908
511.26	27.557
511.72	27.198
512.18	26.831
512.63	26.467
513.09	26.104
513.55	25.739
514.01	25.382
514.46	25.034
514.92	24.702
515.38	24.381
515.84	24.077
516.29	23.802
516.75	23.540
517.21	23.309
517.66	23.099
518.12	22.919
518.58	22.768
519.04	22.653
519.49	22.576
519.95	22.526
520.41	22.507
520.86	22.522
521.32	22.570
521.78	22.651
522.23	22.768
522.69	22.923
523.15	23.121
523.61	23.348
524.06	23.609
524.52	23.899
524.98	24.222
525.43	24.570
525.89	24.935
526.35	25.322
526.80	25.735
527.26	26.164
527.72	26.616
528.17	27.083
528.63	27.564
529.09	28.053
529.54	28.551
530.00	29.057
530.45	29.562
530.91	30.070
531.37	30.575
531.82	31.075
532.28	31.574
532.74	32.055
533.19	32.525
533.65	32.973
534.10	33.405
534.56	33.816
535.02	34.211
535.47	34.590
535.93	34.955
536.39	35.295
536.84	35.613
537.30	35.907
537.75	36.174
538.21	36.406
538.67	36.614
539.12	36.802
539.58	36.962
540.03	37.094
540.49	37.205
540.94	37.293
541.40	37.356
541.86	37.379
542.31	37.379
542.77	37.358
543.22	37.322
543.68	37.264
544.13	37.181
544.59	37.076
545.05	36.943
545.50	36.787
545.96	36.602
546.41	36.406
546.87	36.191
547.32	35.952
547.78	35.700
548.23	35.432
548.69	35.146
549.14	34.844
549.60	34.530
550.06	34.200
550.51	33.864
550.97	33.519
551.42	33.166
551.88	32.806
552.33	32.435
552.79	32.063
553.24	31.693
553.70	31.331
554.15	30.974
554.61	30.629
555.06	30.286
555.52	29.954
555.97	29.631
556.43	29.322
556.88	29.032
557.34	28.762
557.79	28.513
558.25	28.282
558.70	28.077
559.15	27.892
559.61	27.730
560.06	27.591
560.52	27.481
560.97	27.405
561.43	27.355
561.88	27.344
562.34	27.357
562.79	27.391
563.25	27.452
563.70	27.538
564.16	27.658
564.61	27.813
565.06	27.993
565.52	28.201
565.97	28.433
566.43	28.692
566.88	28.977
567.34	29.284
567.79	29.613
568.24	29.961
568.70	30.330
569.15	30.714
569.61	31.114
570.06	31.523
570.51	31.949
570.97	32.395
571.42	32.840
571.88	33.310
572.33	33.779
572.78	34.256
573.24	34.737
573.69	35.212
574.15	35.690
574.60	36.164
575.05	36.638
575.51	37.114
575.96	37.583
576.42	38.054
576.87	38.516
577.32	38.975
577.78	39.416
578.23	39.853
578.68	40.284
579.14	40.701
579.59	41.102
580.04	41.478
580.50	41.837
580.95	42.178
581.40	42.494
581.86	42.805
582.31	43.092
582.76	43.370
583.22	43.629
583.67	43.863
584.12	44.084
584.58	44.280
585.03	44.445
585.48	44.587
585.94	44.695
586.39	44.777
586.84	44.843
587.30	44.898
587.75	44.926
588.20	44.939
588.66	44.926
589.11	44.892
589.56	44.842
590.01	44.770
590.47	44.679
590.92	44.571
591.37	44.440
591.83	44.288
592.28	44.109
592.73	43.918
593.18	43.710
593.64	43.483
594.09	43.235
594.54	42.985
594.99	42.728
595.45	42.457
595.90	42.169
596.35	41.866
596.80	41.545
597.26	41.213
597.71	40.860
598.16	40.503
598.61	40.146
599.07	39.783
599.52	39.409
599.97	39.032
600.42	38.651
600.88	38.267
601.33	37.882
601.78	37.501
602.23	37.113
602.69	36.729
603.14	36.345
603.59	35.971
604.04	35.599
604.49	35.223
604.95	34.852
605.40	34.510
605.85	34.178
606.30	33.857
606.75	33.551
607.21	33.260
607.66	32.992
608.11	32.734
608.56	32.487
609.01	32.265
609.46	32.062
609.92	31.873
610.37	31.707
610.82	31.567
611.27	31.449
611.72	31.357
612.17	31.286
612.63	31.238
613.08	31.208
613.53	31.202
613.98	31.229
614.43	31.282
614.88	31.351
615.34	31.435
615.79	31.533
616.24	31.656
616.69	31.806
617.14	31.972
617.59	32.155
618.04	32.360
618.49	32.587
618.95	32.826
619.40	33.083
619.85	33.365
620.30	33.657
620.75	33.955
621.20	34.269
621.65	34.595
622.10	34.930
622.55	35.278
623.00	35.640
623.46	36.007
623.91	36.371
624.36	36.744
624.81	37.124
625.26	37.510
625.71	37.900
626.16	38.301
626.61	38.697
627.06	39.097
627.51	39.497
627.96	39.893
628.41	40.287
628.86	40.675
629.32	41.056
629.77	41.434
630.22	41.810
630.67	42.178
631.12	42.546
631.57	42.914
632.02	43.272
632.47	43.609
632.92	43.947
633.37	44.288
633.82	44.612
634.27	44.921
634.72	45.226
635.17	45.512
635.62	45.773
636.07	46.024
636.52	46.255
636.97	46.482
637.42	46.686
637.87	46.881
638.32	47.057
638.77	47.229
639.22	47.389
639.67	47.531
640.12	47.659
640.57	47.773
641.02	47.866
641.47	47.941
641.92	48.010
642.37	48.052
642.82	48.063
643.27	48.060
643.72	48.049
644.17	48.018
644.62	47.978
645.07	47.920
645.52	47.859
645.97	47.794
646.42	47.700
646.87	47.602
647.32	47.511
647.77	47.419
648.22	47.300
648.66	47.158
649.11	46.991
649.56	46.811
650.01	46.618
650.46	46.416
650.91	46.217
651.36	45.991
651.81	45.758
652.26	45.532
652.71	45.279
653.16	45.019
653.61	44.746
654.06	44.471
654.50	44.188
654.95	43.887
655.40	43.579
655.85	43.266
656.30	42.948
656.75	42.603
657.20	42.252
657.65	41.900
658.10	41.541
658.55	41.205
658.99	40.873
659.44	40.536
659.89	40.197
660.34	39.846
660.79	39.501
661.24	39.161
661.69	38.821
662.13	38.499
662.58	38.169
663.03	37.854
663.48	37.531
663.93	37.220
664.38	36.916
664.83	36.621
665.27	36.330
665.72	36.036
666.17	35.757
666.62	35.482
667.07	35.218
667.52	34.971
667.96	34.715
668.41	34.465
668.86	34.233
669.31	34.014
669.76	33.815
670.21	33.628
670.65	33.455
671.10	33.291
671.55	33.144
672.00	33.015
672.45	32.895
672.89	32.793
673.34	32.701
673.79	32.621
674.24	32.551
674.68	32.497
675.13	32.463
675.58	32.450
676.03	32.447
676.48	32.453
676.92	32.473
677.37	32.516
677.82	32.572
678.27	32.632
678.71	32.708
679.16	32.795
679.61	32.897
680.06	33.012
680.50	33.136
680.95	33.286
681.40	33.442
681.85	33.596
682.29	33.768
682.74	33.955
683.19	34.153
683.64	34.357
684.08	34.580
684.53	34.817
684.98	35.066
685.43	35.322
685.87	35.592
686.32	35.865
686.77	36.131
687.21	36.391
687.66	36.680
688.11	36.977
688.55	37.271
689.00	37.564
689.45	37.875
689.90	38.196
690.34	38.503
690.79	38.807
691.24	39.134
691.68	39.455
692.13	39.767
692.58	40.063
693.02	40.380
693.47	40.690
693.92	40.989
694.36	41.271
694.81	41.575
695.26	41.868
695.70	42.152
696.15	42.444
696.60	42.746
697.04	43.034
697.49	43.298
697.94	43.548
698.38	43.818
698.83	44.074
699.27	44.329
699.72	44.560
700.17	44.799
700.61	45.030
701.06	45.263
701.51	45.486
701.95	45.722
702.40	45.946
702.84	46.156
703.29	46.363
703.74	46.556
704.18	46.734
704.63	46.907
705.07	47.075
705.52	47.233
705.97	47.379
706.41	47.504
706.86	47.623
707.30	47.759
707.75	47.880
708.20	47.985
708.64	48.063
709.09	48.133
709.53	48.196
709.98	48.254
710.42	48.280
710.87	48.288
711.32	48.289
711.76	48.274
712.21	48.258
712.65	48.233
713.10	48.214
713.54	48.179
713.99	48.137
714.43	48.090
714.88	48.019
715.33	47.928
715.77	47.847
716.22	47.767
716.66	47.666
717.11	47.551
717.55	47.437
718.00	47.321
718.44	47.205
718.89	47.061
719.33	46.920
719.78	46.785
720.22	46.653
720.67	46.505
721.11	46.357
721.56	46.204
722.00	46.026
722.45	45.838
722.89	45.645
723.34	45.449
723.78	45.266
724.23	45.085
724.67	44.899
725.12	44.690
725.56	44.474
726.01	44.255
726.45	44.025
726.90	43.774
727.34	43.519
727.78	43.277
728.23	43.039
728.67	42.778
729.12	42.513
729.56	42.254
730.01	41.990
730.45	41.703
730.90	41.403
731.34	41.136
731.79	40.867
732.23	40.585
732.67	40.290
733.12	39.979
733.56	39.697
734.01	39.421
734.45	39.133
734.89	38.861
735.34	38.607
735.78	38.352
736.23	38.087
736.67	37.825
737.12	37.563
737.56	37.303
738.00	37.049
738.45	36.807
738.89	36.568
739.34	36.346
739.78	36.158
740.22	35.966
740.67	35.756
741.11	35.544
741.55	35.352
742.00	35.170
742.44	34.985
742.89	34.790
743.33	34.610
743.77	34.460
744.22	34.308
744.66	34.140
745.10	33.974
745.55	33.827
745.99	33.706
746.43	33.594
746.88	33.485
747.32	33.372
747.76	33.275
748.21	33.201
748.65	33.119
749.09	33.025
749.54	32.938
749.98	32.877
750.42	32.837
750.87	32.789
751.31	32.739
751.75	32.723
752.20	32.728
752.64	32.743
753.08	32.750
753.53	32.752
753.97	32.780
754.41	32.826
754.85	32.887
755.30	32.939
755.74	32.996
756.18	33.087
756.63	33.206
757.07	33.328
757.51	33.422
757.95	33.535
758.40	33.669
758.84	33.816
759.28	33.959
759.72	34.102
760.17	34.262
760.61	34.445
761.05	34.616
761.50	34.786
761.94	34.950
762.38	35.122
762.82	35.323
763.26	35.522
763.71	35.719
764.15	35.914
764.59	36.106
765.03	36.298
765.48	36.484
765.92	36.661
766.36	36.831
766.80	37.032
767.25	37.243
767.69	37.451
768.13	37.672
768.57	37.911
769.01	38.148
769.46	38.381
769.90	38.607
770.34	38.837
770.78	39.066
771.22	39.315
771.67	39.586
772.11	39.848
772.55	40.100
772.99	40.331
773.43	40.556
773.87	40.815
774.32	41.087
774.76	41.344
775.20	41.588
775.64	41.842
776.08	42.114
776.52	42.366
776.97	42.614
777.41	42.849
777.85	43.071
778.29	43.301
778.73	43.550
779.17	43.800
779.62	44.044
780.06	44.277
780.50	44.500
780.94	44.709
781.38	44.912
781.82	45.116
782.26	45.341
782.70	45.569
783.15	45.781
783.59	45.982
784.03	46.174
784.47	46.365
784.91	46.541
785.35	46.694
785.79	46.858
786.23	47.020
786.67	47.173
787.11	47.319
787.56	47.454
788.00	47.574
788.44	47.700
788.88	47.824
789.32	47.941
789.76	48.053
790.20	48.169
790.64	48.288
791.08	48.411
791.52	48.513
791.96	48.594
792.40	48.672
792.84	48.759
793.28	48.861
793.73	48.965
794.17	49.055
794.61	49.136
795.05	49.212
795.49	49.264
795.93	49.309
796.37	49.337
796.81	49.371
797.25	49.417
797.69	49.437
798.13	49.444
798.57	49.447
799.01	49.449
799.45	49.419
799.89	49.363
800.33	49.311
800.77	49.279
801.21	49.259
801.65	49.207
802.09	49.129
802.53	49.044
802.97	48.954
803.41	48.871
803.85	48.801
804.29	48.720
804.73	48.661
805.17	48.580
805.61	48.488
806.05	48.387
806.49	48.256
806.93	48.143
807.37	48.037
807.81	47.951
808.25	47.839
808.69	47.719
809.13	47.598
809.57	47.466
810.01	47.328
810.44	47.167
810.88	47.014
811.32	46.871
811.76	46.722
812.20	46.564
812.64	46.401
813.08	46.218
813.52	46.018
813.96	45.806
814.40	45.622
814.84	45.460
815.28	45.284
815.72	45.111
816.16	44.927
816.59	44.738
817.03	44.537
817.47	44.343
817.91	44.175
818.35	44.013
818.79	43.839
819.23	43.654
819.67	43.465
820.11	43.282
820.54	43.080
820.98	42.862
821.42	42.660
821.86	42.449
822.30	42.244
822.74	42.059
823.18	41.859
823.62	41.640
824.05	41.419
824.49	41.219
824.93	41.020
825.37	40.823
825.81	40.627
826.25	40.417
826.69	40.175
827.12	39.915
827.56	39.670
828.00	39.439
828.44	39.221
828.88	39.012
829.32	38.788
829.75	38.581
830.19	38.375
830.63	38.161
831.07	37.961
831.51	37.743
831.94	37.516
832.38	37.299
832.82	37.103
833.26	36.925
833.70	36.745
834.13	36.555
834.57	36.363
835.01	36.176
835.45	36.004
835.89	35.863
836.32	35.736
836.76	35.586
837.20	35.410
837.64	35.248
838.08	35.110
838.51	35.017
838.95	34.901
839.39	34.799
839.83	34.702
840.26	34.609
840.70	34.536
841.14	34.458
841.58	34.392
842.01	34.332
842.45	34.267
842.89	34.189
843.33	34.119
843.76	34.057
844.20	34.001
844.64	33.941
845.08	33.882
845.51	33.829
845.95	33.790
846.39	33.773
846.82	33.745
847.26	33.701
847.70	33.630
848.14	33.583
848.57	33.547
849.01	33.525
849.45	33.492
849.88	33.457
850.32	33.454
850.76	33.455
851.19	33.469
851.63	33.483
852.07	33.509
852.50	33.547
852.94	33.567
853.38	33.582
853.81	33.621
854.25	33.674
854.69	33.729
855.12	33.802
855.56	33.873
856.00	33.960
856.43	34.070
856.87	34.176
857.31	34.298
857.74	34.417
858.18	34.520
858.62	34.631
859.05	34.738
859.49	34.844
859.93	34.951
860.36	35.060
860.80	35.170
861.24	35.284
861.67	35.394
862.11	35.507
862.54	35.629
862.98	35.763
863.42	35.916
863.85	36.064
864.29	36.215
864.72	36.382
865.16	36.538
865.60	36.685
866.03	36.831
866.47	36.980
866.90	37.122
867.34	37.290
867.78	37.479
868.21	37.699
868.65	37.920
869.08	38.137
869.52	38.341
869.95	38.526
870.39	38.717
870.83	38.920
871.26	39.159
871.70	39.412
872.13	39.633
872.57	39.841
873.00	40.037
873.44	40.236
873.87	40.426
874.31	40.612
874.75	40.781
875.18	40.984
875.62	41.174
876.05	41.376
876.49	41.586
876.92	41.815
877.36	42.053
877.79	42.265
878.23	42.459
878.66	42.653
879.10	42.876
879.53	43.105
879.97	43.325
880.40	43.517
880.84	43.710
881.27	43.899
881.71	44.074
882.14	44.259
882.58	44.436
883.01	44.630
883.45	44.835
883.88	45.052
884.32	45.233
884.75	45.418
885.19	45.609
885.62	45.801
886.06	45.977
886.49	46.151
886.92	46.323
887.36	46.519
887.79	46.713
888.23	46.883
888.66	47.041
889.10	47.185
889.53	47.337
889.97	47.477
890.40	47.607
890.83	47.747
891.27	47.892
891.70	48.054
892.14	48.198
892.57	48.350
893.01	48.530
893.44	48.707
893.87	48.870
894.31	49.051
894.74	49.196
895.18	49.325
895.61	49.402
896.04	49.477
896.48	49.551
896.91	49.612
897.35	49.654
897.78	49.697
898.21	49.770
898.65	49.869
899.08	49.959
899.52	50.063
899.95	50.167
900.38	50.275
900.82	50.382
901.25	50.488
901.68	50.592
902.12	50.665
902.55	50.747
902.99	50.868
903.42	50.945
903.85	51.021
904.29	51.098
904.72	51.187
905.15	51.277
905.59	51.346
906.02	51.445
906.45	51.556
906.89	51.659
907.32	51.758
907.75	51.830
908.19	51.878
908.62	51.919
909.05	51.937
909.49	51.933
909.92	51.897
910.35	51.866
910.78	51.796
911.22	51.729
911.65	51.643
912.08	51.551
912.52	51.497
912.95	51.440
913.38	51.359
913.82	51.289
914.25	51.243
914.68	51.193
915.11	51.121
915.55	51.054
915.98	51.002
916.41	50.912
916.84	50.807
917.28	50.720
917.71	50.665
918.14	50.627
918.58	50.567
919.01	50.488
919.44	50.401
919.87	50.353
920.31	50.309
920.74	50.278
921.17	50.191
921.60	50.088
922.03	49.993
922.47	49.874
922.90	49.747
923.33	49.600
923.76	49.474
924.20	49.356
924.63	49.251
925.06	49.108
925.49	48.964
925.92	48.832
926.36	48.729
926.79	48.588
927.22	48.436
927.65	48.277
928.08	48.163
928.52	48.045
928.95	47.892
929.38	47.718
929.81	47.561
930.24	47.429
930.68	47.291
931.11	47.119
931.54	46.983
931.97	46.863
932.40	46.742
932.83	46.616
933.27	46.486
933.70	46.303
934.13	46.142
934.56	45.999
934.99	45.830
935.42	45.649
935.85	45.454
936.29	45.264
936.72	45.118
937.15	44.969
937.58	44.806
938.01	44.631
938.44	44.469
938.87	44.299
939.31	44.123
939.74	43.953
940.17	43.793
940.60	43.638
941.03	43.459
941.46	43.267
941.89	43.084
942.32	42.889
942.75	42.714
943.18	42.532
943.62	42.323
944.05	42.132
944.48	41.907
944.91	41.705
945.34	41.505
945.77	41.325
946.20	41.109
946.63	40.879
947.06	40.691
947.49	40.496
947.92	40.295
948.35	40.077
948.78	39.809
949.22	39.586
949.65	39.339
950.08	39.091
950.51	38.862
950.94	38.618
951.37	38.404
951.80	38.227
952.23	38.043
952.66	37.899
953.09	37.760
953.52	37.622
953.95	37.464
954.38	37.327
954.81	37.157
955.24	36.986
955.67	36.837
956.10	36.699
956.53	36.554
956.96	36.404
957.39	36.271
957.82	36.178
958.25	36.066
958.68	35.943
959.11	35.804
959.54	35.704
959.97	35.617
960.40	35.481
960.83	35.388
961.26	35.294
961.69	35.152
962.12	34.987
962.55	34.808
962.98	34.670
963.41	34.531
963.84	34.410
964.27	34.277
964.70	34.162
965.13	34.029
965.56	33.897
965.99	33.791
966.42	33.672
966.84	33.581
967.27	33.450
967.70	33.358
968.13	33.325
968.56	33.256
968.99	33.136
969.42	33.046
969.85	32.919
970.28	32.805
970.71	32.729
971.14	32.660
971.57	32.609
972.00	32.561
972.42	32.500
972.85	32.406
973.28	32.338
973.71	32.271
974.14	32.228
974.57	32.181
975.00	32.105
975.43	32.043
975.86	31.983
976.28	31.968
976.71	31.933
977.14	31.864
977.57	31.811
978.00	31.786
978.43	31.775
978.86	31.724
979.29	31.686
979.71	31.667
980.14	31.621
980.57	31.590
981.00	31.566
981.43	31.552
981.86	31.530
982.28	31.545
982.71	31.506
983.14	31.430
983.57	31.382
984.00	31.397
984.43	31.430
984.85	31.443
985.28	31.442
985.71	31.494
986.14	31.554
986.57	31.598
986.99	31.621
987.42	31.618
987.85	31.666
988.28	31.725
988.71	31.729
989.13	31.851
989.56	31.985
989.99	32.052
990.42	32.090
990.85	32.229
991.27	32.294
991.70	32.404
992.13	32.529
992.56	32.671
992.98	32.706
993.41	32.842
993.84	32.894
994.27	32.978
994.70	33.057
995.12	33.118
995.55	33.133
995.98	33.216
996.41	33.358
996.83	33.474
997.26	33.599
997.69	33.730
998.11	33.702
998.54	33.697
998.97	33.761
999.40	33.897
999.82	34.047
1000.25	34.138
1000.68	34.229
1001.11	34.308
1001.53	34.447
1001.96	34.576
1002.39	34.532
1002.81	34.624
1003.24	34.718
1003.67	34.786
1004.09	34.826
1004.52	34.932
1004.95	35.072
1005.38	35.096
1005.80	35.188
1006.23	35.253
1006.66	35.333
1007.08	35.525
1007.51	35.662
1007.94	35.809
1008.36	35.884
1008.79	35.853
1009.22	35.839
1009.64	35.873
1010.07	35.922
1010.50	35.951
1010.92	36.014
1011.35	36.165
1011.77	36.315
1012.20	36.328
1012.63	36.386
1013.05	36.414
1013.48	36.510
1013.91	36.599
1014.33	36.663
1014.76	36.680
1015.19	36.742
1015.61	36.778
1016.04	36.842
1016.46	36.872
1016.89	36.956
1017.32	37.112
1017.74	37.062
1018.17	37.201
1018.59	37.358
1019.02	37.484
1019.45	37.514
1019.87	37.480
1020.30	37.546
1020.72	37.613
1021.15	37.719
1021.58	37.924
1022.00	38.089
1022.43	38.219
1022.85	38.272
1023.28	38.359
1023.70	38.501
1024.13	38.546
1024.55	38.651
1024.98	38.583
1025.41	38.589
1025.83	38.571
1026.26	38.458
1026.68	38.542
1027.11	38.600
1027.53	38.608
1027.96	38.525
1028.38	38.533
1028.81	38.627
1029.23	38.712
1029.66	38.650
1030.08	38.770
1030.51	38.717
1030.94	38.795
1031.36	38.668
1031.79	38.639
1032.21	38.638
1032.64	38.698
1033.06	38.587
1033.49	38.433
1033.91	38.448
1034.34	38.547
1034.76	38.378
1035.19	38.399
1035.61	38.479
1036.03	38.533
1036.46	38.563
1036.88	38.558
1037.31	38.565
1037.73	38.692
1038.16	38.682
1038.58	38.660
1039.01	38.715
1039.43	38.682
1039.86	38.757
1040.28	38.678
1040.71	38.640
1041.13	38.969
1041.55	38.766
1041.98	38.826
1042.40	38.851
1042.83	38.846
1043.25	38.694
1043.68	38.820
1044.10	38.808
1044.52	38.996
1044.95	38.890
1045.37	38.802
1045.80	38.831
1046.22	38.754
1046.65	38.702
1047.07	38.541
1047.49	38.459
1047.92	38.263
1048.34	38.366
1048.77	38.097
1049.19	37.855
1049.61	37.743
1050.04	37.370
1050.46	37.262
1050.89	37.136
1051.31	36.998
1051.73	37.039
1052.16	37.134
1052.58	36.843
1053.00	36.574
1053.43	36.280
1053.85	36.180
1054.27	35.765
1054.70	35.610
1055.12	35.557
1055.55	35.510
1055.97	35.063
1056.39	35.051
1056.82	35.117
1057.24	34.573
1057.66	34.199
1058.09	34.305
1058.51	34.396
1058.93	33.897
1059.36	33.630
1059.78	33.182
1060.20	33.165
1060.62	32.801
1061.05	32.536
1061.47	32.293
1061.89	32.248
1062.32	31.884
1062.74	31.463
1063.16	31.416
1063.59	31.421
1064.01	31.222
1064.43	30.597
1064.85	30.518
1065.28	29.965
1065.70	29.357
1066.12	28.512
1066.55	28.061
1066.97	28.006
1067.39	27.453
1067.81	27.083
1068.24	26.695
1068.66	26.774
1069.08	26.338
1069.50	25.900
1069.93	25.113
1070.35	25.073
1070.77	24.506
1071.19	23.715
1071.62	23.093
1072.04	22.635
1072.46	21.946
1072.88	21.204
1073.31	20.827
1073.73	20.440
1074.15	19.911
1074.57	18.465
1075.00	18.201
1075.42	17.775
1075.84	16.780
1076.26	15.489
1076.68	14.874
1077.11	14.508
1077.53	13.892
1077.95	12.993
1078.37	10.979
1078.79	10.355
1079.22	9.367
1079.64	8.178
1080.06	7.315
1080.48	6.512
1080.90	5.780
1081.32	4.355
1081.75	2.727
1082.17	1.831
1082.59	0.914
1083.01	0.299
1083.43	-0.367
1083.85	-0.927
1084.28	-2.208
1084.70	-4.432
1085.12	-5.330
1085.54	-6.937
1085.96	-8.374
1086.38	-10.596
1086.80	-12.092
1087.23	-11.560
1087.65	-11.784
1088.07	-12.995
1088.49	-15.006
1088.91	-16.449
1089.33	-16.918
1089.75	-19.109
1090.17	-21.392
1090.60	-23.133
1091.02	-25.417
1091.44	-27.487
1091.86	-30.602
1092.28	-31.568
1092.70	-32.807
1093.12	-35.334
1093.54	-36.371
1093.96	-38.644
1094.38	-39.706
1094.81	-43.817
1095.23	-47.191
1095.65	-49.853
1096.07	-50.518
1096.49	-56.104
1096.91	-59.684
1097.33	-61.101
1097.75	-64.332
1098.17	-67.233
1098.59	-70.624
1099.01	-71.292
1099.43	-72.007
1099.85	-77.219
1100.27	-81.894
1100.69	-84.788
1101.11	-87.486
1101.53	-91.079
1101.95	-96.328
1102.38	-38.084
1102.80	-184.123
1103.22	-79.651
1103.64	-72.168
1104.06	-196.435
1104.48	-128.469
1104.90	-177.546
1105.32	-115.517
1105.74	-70.610
1106.16	-280.320
