188.40	-271.119
188.88	-430.548
189.35	315.320
189.83	1564.348
190.30	-1382.353
190.78	-409.615
191.26	-413.527
191.73	998.113
192.21	-1847.826
192.68	-307.443
193.16	-1208.185
193.63	-1410.342
194.11	-1491.528
194.58	-1364.178
195.06	-1113.176
195.53	-740.468
196.01	-593.383
196.48	-516.846
196.96	-436.577
197.43	-373.210
197.91	-332.246
198.38	-290.347
198.86	-242.477
199.33	-208.851
199.81	-198.545
200.28	-189.059
200.76	-171.133
201.23	-156.809
201.71	-143.512
202.18	-132.621
202.66	-118.679
203.13	-112.869
203.61	-106.587
204.08	-97.445
204.55	-91.876
205.03	-85.566
205.50	-85.009
205.98	-84.794
206.45	-85.533
206.93	-82.752
207.40	-81.224
207.88	-79.379
208.35	-79.998
208.82	-82.420
209.30	-84.178
209.77	-80.809
210.25	-77.644
210.72	-77.855
211.20	-76.887
211.67	-73.595
212.14	-75.269
212.62	-76.507
213.09	-75.885
213.57	-69.954
214.04	-71.050
214.52	-72.488
214.99	-71.245
215.46	-71.350
215.94	-71.523
216.41	-69.000
216.89	-68.419
217.36	-66.485
217.83	-69.265
218.31	-70.872
218.78	-67.164
219.25	-63.698
219.73	-64.405
220.20	-67.635
220.68	-66.607
221.15	-65.708
221.62	-66.949
222.10	-68.748
222.57	-66.086
223.04	-63.916
223.52	-69.182
223.99	-70.351
224.47	-69.679
224.94	-70.172
225.41	-70.224
225.89	-72.489
226.36	-74.829
226.83	-78.328
227.31	-78.910
227.78	-77.993
228.25	-77.060
228.73	-77.200
229.20	-78.530
229.67	-82.111
230.15	-80.689
230.62	-80.146
231.09	-84.047
231.57	-86.066
232.04	-85.365
232.51	-83.985
232.98	-86.698
233.46	-85.452
233.93	-85.321
234.40	-83.667
234.88	-81.290
235.35	-82.087
235.82	-82.382
236.30	-78.740
236.77	-77.662
237.24	-81.233
237.71	-80.017
238.19	-80.175
238.66	-78.129
239.13	-79.695
239.61	-81.324
240.08	-78.507
240.55	-78.109
241.02	-76.082
241.50	-74.400
241.97	-74.155
242.44	-73.600
242.91	-72.782
243.39	-73.568
243.86	-70.200
244.33	-69.547
244.80	-73.066
245.28	-73.348
245.75	-69.630
246.22	-68.954
246.69	-68.750
247.17	-68.930
247.64	-68.976
248.11	-68.689
248.58	-69.534
249.05	-70.104
249.53	-66.303
250.00	-65.727
250.47	-67.949
250.94	-70.017
251.42	-68.328
251.89	-65.958
252.36	-66.931
252.83	-68.014
253.30	-65.312
253.78	-62.141
254.25	-64.197
254.72	-65.886
255.19	-66.419
255.66	-66.581
256.13	-68.246
256.61	-67.319
257.08	-66.798
257.55	-64.358
258.02	-63.525
258.49	-66.224
258.97	-66.666
259.44	-67.320
259.91	-68.845
260.38	-68.684
260.85	-67.824
261.32	-66.651
261.79	-66.186
262.27	-67.809
262.74	-65.761
263.21	-65.225
263.68	-70.239
264.15	-72.490
264.62	-73.768
265.09	-70.710
265.57	-72.019
266.04	-73.926
266.51	-74.811
266.98	-74.754
267.45	-75.028
267.92	-78.276
268.39	-78.845
268.86	-74.907
269.34	-71.845
269.81	-73.533
270.28	-74.056
270.75	-69.525
271.22	-68.942
271.69	-68.924
272.16	-69.239
272.63	-67.676
273.10	-67.622
273.57	-66.784
274.05	-64.741
274.52	-60.809
274.99	-59.323
275.46	-59.249
275.93	-59.097
276.40	-57.333
276.87	-55.294
277.34	-56.372
277.81	-55.294
278.28	-54.233
278.75	-54.153
279.22	-56.372
279.69	-55.890
280.16	-53.712
280.63	-54.806
281.11	-56.894
281.58	-59.459
282.05	-57.933
282.52	-55.722
282.99	-56.849
283.46	-59.087
283.93	-57.859
284.40	-58.586
284.87	-58.936
285.34	-60.015
285.81	-59.622
286.28	-56.615
286.75	-56.166
287.22	-58.221
287.69	-57.222
288.16	-53.409
288.63	-54.009
289.10	-54.332
289.57	-53.011
290.04	-50.060
290.51	-50.235
290.98	-50.438
291.45	-48.507
291.92	-48.192
292.39	-48.752
292.86	-50.022
293.33	-48.855
293.80	-47.207
294.27	-46.491
294.74	-49.292
295.21	-46.665
295.68	-46.284
296.15	-48.872
296.62	-50.077
297.09	-49.228
297.56	-45.881
298.03	-46.823
298.49	-48.274
298.96	-48.258
299.43	-47.560
299.90	-49.617
300.37	-49.665
300.84	-49.806
301.31	-48.115
301.78	-47.072
302.25	-47.676
302.72	-46.084
303.19	-44.700
303.66	-42.405
304.13	-42.691
304.60	-42.783
305.07	-41.381
305.53	-38.386
306.00	-38.960
306.47	-38.912
306.94	-37.488
307.41	-37.727
307.88	-38.447
308.35	-38.561
308.82	-35.186
309.29	-34.213
309.76	-33.030
310.22	-33.785
310.69	-34.467
311.16	-32.622
311.63	-31.893
312.10	-34.029
312.57	-33.079
313.04	-33.377
313.51	-34.775
313.97	-34.566
314.44	-34.274
314.91	-33.545
315.38	-35.206
315.85	-34.705
316.32	-33.483
316.79	-31.689
317.25	-32.736
317.72	-32.870
318.19	-32.451
318.66	-31.342
319.13	-31.203
319.60	-33.535
320.07	-31.410
320.53	-30.079
321.00	-30.439
321.47	-31.263
321.94	-30.642
322.41	-28.841
322.87	-27.778
323.34	-29.120
323.81	-28.407
324.28	-27.052
324.75	-27.400
325.22	-26.841
325.68	-27.412
326.15	-25.763
326.62	-26.172
327.09	-26.782
327.56	-26.676
328.02	-24.953
328.49	-25.913
328.96	-27.004
329.43	-27.199
329.89	-26.859
330.36	-26.041
330.83	-28.068
331.30	-28.579
331.77	-27.819
332.23	-28.072
332.70	-28.075
333.17	-28.576
333.64	-27.676
334.10	-26.143
334.57	-26.189
335.04	-26.169
335.51	-24.755
335.97	-24.025
336.44	-24.038
336.91	-24.853
337.38	-23.046
337.84	-22.527
338.31	-22.326
338.78	-22.106
339.24	-20.826
339.71	-19.059
340.18	-18.345
340.65	-17.715
341.11	-15.551
341.58	-14.404
342.05	-14.019
342.52	-13.765
342.98	-12.313
343.45	-11.399
343.92	-11.501
344.38	-12.025
344.85	-11.144
345.32	-10.097
345.78	-10.297
346.25	-10.240
346.72	-9.048
347.18	-8.317
347.65	-8.263
348.12	-8.520
348.58	-7.483
349.05	-6.575
349.52	-6.591
349.99	-6.819
350.45	-6.537
350.92	-6.308
351.38	-6.055
351.85	-6.111
352.32	-5.392
352.78	-4.865
353.25	-4.589
353.72	-4.388
354.18	-4.037
354.65	-3.360
355.12	-3.617
355.58	-3.423
356.05	-3.066
356.52	-2.681
356.98	-2.635
357.45	-2.516
357.91	-2.342
358.38	-1.929
358.85	-1.786
359.31	-1.968
359.78	-1.612
360.25	-1.262
360.71	-1.022
361.18	-0.904
361.64	-0.908
362.11	-0.623
362.58	-0.749
363.04	-0.864
363.51	-0.574
363.97	-0.232
364.44	-0.256
364.91	-0.138
365.37	-0.300
365.84	0.051
366.30	0.146
366.77	0.073
367.23	0.319
367.70	0.429
368.17	0.598
368.63	0.689
369.10	0.626
369.56	0.768
370.03	0.832
370.49	0.760
370.96	0.653
371.42	0.800
371.89	0.950
372.36	1.156
372.82	1.166
373.29	1.207
373.75	1.379
374.22	1.509
374.68	1.665
375.15	1.859
375.61	1.934
376.08	2.100
376.54	2.027
377.01	2.081
377.47	2.343
377.94	2.286
378.40	2.393
378.87	2.539
379.33	2.712
379.80	2.816
380.26	2.724
380.73	2.945
381.19	3.062
381.66	3.043
382.12	3.000
382.59	3.038
383.05	3.214
383.52	3.202
383.98	3.129
384.45	3.195
384.91	3.226
385.38	3.266
385.84	3.239
386.31	3.284
386.77	3.355
387.24	3.322
387.70	3.319
388.16	3.351
388.63	3.444
389.09	3.484
389.56	3.517
390.02	3.601
390.49	3.619
390.95	3.641
391.42	3.665
391.88	3.813
392.34	3.904
392.81	3.945
393.27	4.038
393.74	4.094
394.20	4.199
394.67	4.283
395.13	4.341
395.59	4.458
396.06	4.551
396.52	4.651
396.99	4.709
397.45	4.758
397.91	4.845
398.38	4.787
398.84	4.792
399.31	4.832
399.77	4.855
400.23	4.897
400.70	4.898
401.16	4.833
401.63	4.799
402.09	4.793
402.55	4.701
403.02	4.615
403.48	4.562
403.94	4.543
404.41	4.523
404.87	4.455
405.33	4.419
405.80	4.418
406.26	4.326
406.73	4.334
407.19	4.337
407.65	4.354
408.12	4.440
408.58	4.475
409.04	4.585
409.51	4.660
409.97	4.720
410.43	4.846
410.90	4.989
411.36	5.179
411.82	5.334
412.29	5.510
412.75	5.738
413.21	5.976
413.67	6.163
414.14	6.374
414.60	6.584
415.06	6.831
415.53	7.055
415.99	7.279
416.45	7.505
416.92	7.703
417.38	7.860
417.84	8.039
418.30	8.166
418.77	8.278
419.23	8.397
419.69	8.455
420.16	8.523
420.62	8.548
421.08	8.509
421.54	8.484
422.01	8.422
422.47	8.351
422.93	8.260
423.39	8.121
423.86	8.006
424.32	7.880
424.78	7.714
425.24	7.550
425.71	7.385
426.17	7.238
426.63	7.097
427.09	6.960
427.56	6.818
428.02	6.702
428.48	6.572
428.94	6.437
429.41	6.290
429.87	6.194
430.33	6.235
430.79	6.308
431.25	6.447
431.72	6.621
432.18	6.815
432.64	7.044
433.10	7.309
433.56	7.600
434.03	7.922
434.49	8.266
434.95	8.636
435.41	9.023
435.87	9.414
436.34	9.816
436.80	10.233
437.26	10.670
437.72	11.108
438.18	11.550
438.64	12.017
439.11	12.499
439.57	12.955
440.03	13.300
440.49	13.621
440.95	13.910
441.41	14.155
441.88	14.352
442.34	14.555
442.80	14.711
443.26	14.828
443.72	14.900
444.18	14.923
444.64	14.925
445.11	14.891
445.57	14.810
446.03	14.718
446.49	14.581
446.95	14.416
447.41	14.227
447.87	14.011
448.33	13.802
448.79	13.560
449.26	13.298
449.72	13.057
450.18	12.805
450.64	12.565
451.10	12.322
451.56	12.104
452.02	11.901
452.48	11.706
452.94	11.516
453.40	11.377
453.87	11.273
454.33	11.212
454.79	11.176
455.25	11.172
455.71	11.207
456.17	11.281
456.63	11.406
457.09	11.570
457.55	11.778
458.01	12.019
458.47	12.302
458.93	12.625
459.39	12.992
459.85	13.376
460.31	13.771
460.77	14.211
461.24	14.681
461.70	15.173
462.16	15.680
462.62	16.202
463.08	16.727
463.54	17.242
464.00	17.760
464.46	18.281
464.92	18.788
465.38	19.282
465.84	19.748
466.30	20.192
466.76	20.614
467.22	20.998
467.68	21.360
468.14	21.688
468.60	21.980
469.06	22.249
469.52	22.467
469.98	22.656
470.44	22.806
470.90	22.900
471.36	22.955
471.82	22.972
472.28	22.956
472.74	22.901
473.20	22.814
473.66	22.689
474.12	22.518
474.58	22.312
475.04	22.085
475.50	21.835
475.95	21.557
476.41	21.272
476.87	20.970
477.33	20.646
477.79	20.321
478.25	19.987
478.71	19.643
479.17	19.303
479.63	18.966
480.09	18.647
480.55	18.331
481.01	18.036
481.47	17.764
481.93	17.513
482.39	17.293
482.84	17.101
483.30	16.942
483.76	16.833
484.22	16.747
484.68	16.698
485.14	16.692
485.60	16.728
486.06	16.804
486.52	16.914
486.98	17.068
487.44	17.268
487.89	17.504
488.35	17.772
488.81	18.079
489.27	18.424
489.73	18.804
490.19	19.214
490.65	19.645
491.11	20.112
491.56	20.597
492.02	21.093
492.48	21.610
492.94	22.140
493.40	22.673
493.86	23.214
494.32	23.758
494.77	24.301
495.23	24.836
495.69	25.364
496.15	25.883
496.61	26.397
497.07	26.889
497.52	27.358
497.98	27.811
498.44	28.250
498.90	28.660
499.36	29.037
499.82	29.388
500.27	29.703
500.73	29.987
501.19	30.240
501.65	30.461
502.11	30.652
502.56	30.809
503.02	30.925
503.48	31.013
503.94	31.067
504.40	31.093
504.85	31.081
505.31	31.034
505.77	30.964
506.23	30.852
506.69	30.708
507.14	30.545
507.60	30.352
508.06	30.123
508.52	29.868
508.97	29.591
509.43	29.299
509.89	28.987
510.35	28.662
510.80	28.322
511.26	27.976
511.72	27.623
512.18	27.257
512.63	26.886
513.09	26.516
513.55	26.146
514.01	25.776
514.46	25.415
514.92	25.060
515.38	24.720
515.84	24.397
516.29	24.096
516.75	23.810
517.21	23.544
517.66	23.304
518.12	23.092
518.58	22.905
519.04	22.756
519.49	22.638
519.95	22.544
520.41	22.483
520.86	22.459
521.32	22.465
521.78	22.509
522.23	22.589
522.69	22.708
523.15	22.858
523.61	23.049
524.06	23.272
524.52	23.530
524.98	23.816
525.43	24.125
525.89	24.458
526.35	24.817
526.80	25.202
527.26	25.611
527.72	26.044
528.17	26.493
528.63	26.957
529.09	27.432
529.54	27.923
530.00	28.424
530.45	28.929
530.91	29.437
531.37	29.940
531.82	30.446
532.28	30.950
532.74	31.444
533.19	31.923
533.65	32.387
534.10	32.841
534.56	33.274
535.02	33.690
535.47	34.090
535.93	34.478
536.39	34.848
536.84	35.197
537.30	35.524
537.75	35.824
538.21	36.090
538.67	36.333
539.12	36.553
539.58	36.752
540.03	36.920
540.49	37.069
540.94	37.195
541.40	37.288
541.86	37.348
542.31	37.388
542.77	37.407
543.22	37.405
543.68	37.375
544.13	37.320
544.59	37.250
545.05	37.152
545.50	37.032
545.96	36.875
546.41	36.699
546.87	36.507
547.32	36.292
547.78	36.060
548.23	35.810
548.69	35.541
549.14	35.251
549.60	34.945
550.06	34.621
550.51	34.290
550.97	33.953
551.42	33.601
551.88	33.240
552.33	32.867
552.79	32.498
553.24	32.122
553.70	31.751
554.15	31.386
554.61	31.029
555.06	30.670
555.52	30.327
555.97	29.988
556.43	29.660
556.88	29.343
557.34	29.047
557.79	28.775
558.25	28.517
558.70	28.280
559.15	28.064
559.61	27.877
560.06	27.708
560.52	27.562
560.97	27.454
561.43	27.372
561.88	27.321
562.34	27.294
562.79	27.292
563.25	27.322
563.70	27.371
564.16	27.455
564.61	27.565
565.06	27.704
565.52	27.871
565.97	28.069
566.43	28.299
566.88	28.555
567.34	28.831
567.79	29.131
568.24	29.453
568.70	29.801
569.15	30.153
569.61	30.528
570.06	30.921
570.51	31.330
570.97	31.756
571.42	32.188
571.88	32.640
572.33	33.102
572.78	33.569
573.24	34.045
573.69	34.515
574.15	34.994
574.60	35.475
575.05	35.955
575.51	36.436
575.96	36.915
576.42	37.395
576.87	37.870
577.32	38.336
577.78	38.791
578.23	39.243
578.68	39.689
579.14	40.126
579.59	40.543
580.04	40.944
580.50	41.319
580.95	41.683
581.40	42.025
581.86	42.360
582.31	42.676
582.76	42.983
583.22	43.272
583.67	43.536
584.12	43.786
584.58	44.009
585.03	44.200
585.48	44.371
585.94	44.506
586.39	44.612
586.84	44.712
587.30	44.801
587.75	44.860
588.20	44.902
588.66	44.918
589.11	44.918
589.56	44.893
590.01	44.852
590.47	44.790
590.92	44.710
591.37	44.606
591.83	44.475
592.28	44.318
592.73	44.150
593.18	43.960
593.64	43.756
594.09	43.531
594.54	43.300
594.99	43.059
595.45	42.805
595.90	42.532
596.35	42.242
596.80	41.931
597.26	41.612
597.71	41.274
598.16	40.930
598.61	40.579
599.07	40.221
599.52	39.852
599.97	39.478
600.42	39.096
600.88	38.712
601.33	38.326
601.78	37.943
602.23	37.552
602.69	37.163
603.14	36.768
603.59	36.387
604.04	36.009
604.49	35.621
604.95	35.236
605.40	34.879
605.85	34.530
606.30	34.189
606.75	33.855
607.21	33.548
607.66	33.255
608.11	32.973
608.56	32.703
609.01	32.453
609.46	32.222
609.92	32.008
610.37	31.808
610.82	31.634
611.27	31.484
611.72	31.361
612.17	31.261
612.63	31.179
613.08	31.118
613.53	31.077
613.98	31.074
614.43	31.098
614.88	31.134
615.34	31.187
615.79	31.259
616.24	31.356
616.69	31.470
617.14	31.602
617.59	31.751
618.04	31.927
618.49	32.123
618.95	32.335
619.40	32.564
619.85	32.821
620.30	33.091
620.75	33.366
621.20	33.660
621.65	33.967
622.10	34.290
622.55	34.625
623.00	34.972
623.46	35.323
623.91	35.678
624.36	36.044
624.81	36.410
625.26	36.790
625.71	37.173
626.16	37.569
626.61	37.962
627.06	38.361
627.51	38.766
627.96	39.168
628.41	39.566
628.86	39.961
629.32	40.354
629.77	40.745
630.22	41.137
630.67	41.514
631.12	41.890
631.57	42.261
632.02	42.629
632.47	42.978
632.92	43.329
633.37	43.682
633.82	44.020
634.27	44.345
634.72	44.667
635.17	44.969
635.62	45.253
636.07	45.533
636.52	45.788
636.97	46.033
637.42	46.258
637.87	46.473
638.32	46.676
638.77	46.870
639.22	47.048
639.67	47.205
640.12	47.356
640.57	47.491
641.02	47.610
641.47	47.706
641.92	47.800
642.37	47.864
642.82	47.903
643.27	47.924
643.72	47.942
644.17	47.937
644.62	47.924
645.07	47.891
645.52	47.849
645.97	47.801
646.42	47.728
646.87	47.651
647.32	47.584
647.77	47.512
648.22	47.410
648.66	47.285
649.11	47.142
649.56	46.981
650.01	46.809
650.46	46.631
650.91	46.449
651.36	46.245
651.81	46.029
652.26	45.809
652.71	45.574
653.16	45.328
653.61	45.070
654.06	44.807
654.50	44.532
654.95	44.240
655.40	43.942
655.85	43.639
656.30	43.331
656.75	42.994
657.20	42.650
657.65	42.304
658.10	41.956
658.55	41.625
658.99	41.297
659.44	40.966
659.89	40.624
660.34	40.270
660.79	39.917
661.24	39.575
661.69	39.240
662.13	38.915
662.58	38.580
663.03	38.252
663.48	37.921
663.93	37.596
664.38	37.280
664.83	36.974
665.27	36.670
665.72	36.366
666.17	36.071
666.62	35.779
667.07	35.501
667.52	35.234
667.96	34.957
668.41	34.686
668.86	34.428
669.31	34.188
669.76	33.971
670.21	33.764
670.65	33.569
671.10	33.377
671.55	33.204
672.00	33.050
672.45	32.908
672.89	32.782
673.34	32.664
673.79	32.555
674.24	32.460
674.68	32.383
675.13	32.323
675.58	32.280
676.03	32.253
676.48	32.236
676.92	32.230
677.37	32.249
677.82	32.289
678.27	32.327
678.71	32.378
679.16	32.441
679.61	32.520
680.06	32.614
680.50	32.716
680.95	32.847
681.40	32.986
681.85	33.123
682.29	33.281
682.74	33.459
683.19	33.649
683.64	33.845
684.08	34.054
684.53	34.277
684.98	34.515
685.43	34.766
685.87	35.020
686.32	35.285
686.77	35.544
687.21	35.791
687.66	36.070
688.11	36.363
688.55	36.652
689.00	36.941
689.45	37.256
689.90	37.575
690.34	37.875
690.79	38.182
691.24	38.506
691.68	38.828
692.13	39.138
692.58	39.439
693.02	39.760
693.47	40.077
693.92	40.382
694.36	40.669
694.81	40.964
695.26	41.267
695.70	41.562
696.15	41.860
696.60	42.172
697.04	42.472
697.49	42.752
697.94	43.020
698.38	43.303
698.83	43.568
699.27	43.834
699.72	44.076
700.17	44.328
700.61	44.567
701.06	44.800
701.51	45.036
701.95	45.277
702.40	45.508
702.84	45.728
703.29	45.942
703.74	46.155
704.18	46.356
704.63	46.540
705.07	46.718
705.52	46.893
705.97	47.055
706.41	47.193
706.86	47.323
707.30	47.468
707.75	47.606
708.20	47.726
708.64	47.825
709.09	47.922
709.53	47.996
709.98	48.071
710.42	48.123
710.87	48.151
711.32	48.177
711.76	48.179
712.21	48.179
712.65	48.174
713.10	48.173
713.54	48.148
713.99	48.121
714.43	48.089
714.88	48.030
715.33	47.955
715.77	47.890
716.22	47.823
716.66	47.739
717.11	47.633
717.55	47.525
718.00	47.419
718.44	47.305
718.89	47.178
719.33	47.053
719.78	46.931
720.22	46.813
720.67	46.676
721.11	46.537
721.56	46.398
722.00	46.232
722.45	46.050
722.89	45.872
723.34	45.687
723.78	45.516
724.23	45.340
724.67	45.156
725.12	44.960
725.56	44.751
726.01	44.538
726.45	44.315
726.90	44.072
727.34	43.823
727.78	43.590
728.23	43.348
728.67	43.086
729.12	42.818
729.56	42.554
730.01	42.282
730.45	41.993
730.90	41.690
731.34	41.419
731.79	41.151
732.23	40.865
732.67	40.572
733.12	40.266
733.56	39.988
734.01	39.714
734.45	39.424
734.89	39.150
735.34	38.891
735.78	38.638
736.23	38.379
736.67	38.117
737.12	37.853
737.56	37.590
738.00	37.335
738.45	37.088
738.89	36.846
739.34	36.633
739.78	36.440
740.22	36.242
740.67	36.025
741.11	35.800
741.55	35.603
742.00	35.404
742.44	35.202
742.89	34.992
743.33	34.800
743.77	34.638
744.22	34.469
744.66	34.283
745.10	34.103
745.55	33.928
745.99	33.784
746.43	33.654
746.88	33.528
747.32	33.399
747.76	33.287
748.21	33.198
748.65	33.096
749.09	32.981
749.54	32.881
749.98	32.808
750.42	32.756
750.87	32.685
751.31	32.625
751.75	32.594
752.20	32.587
752.64	32.588
753.08	32.571
753.53	32.559
753.97	32.577
754.41	32.605
754.85	32.651
755.30	32.691
755.74	32.739
756.18	32.819
756.63	32.926
757.07	33.028
757.51	33.100
757.95	33.195
758.40	33.314
758.84	33.439
759.28	33.571
759.72	33.700
760.17	33.849
760.61	34.018
761.05	34.179
761.50	34.329
761.94	34.475
762.38	34.633
762.82	34.828
763.26	35.018
763.71	35.210
764.15	35.403
764.59	35.585
765.03	35.770
765.48	35.953
765.92	36.121
766.36	36.293
766.80	36.495
767.25	36.701
767.69	36.907
768.13	37.132
768.57	37.367
769.01	37.600
769.46	37.824
769.90	38.050
770.34	38.276
770.78	38.507
771.22	38.752
771.67	39.029
772.11	39.286
772.55	39.533
772.99	39.762
773.43	39.988
773.87	40.247
774.32	40.510
774.76	40.761
775.20	41.004
775.64	41.257
776.08	41.528
776.52	41.786
776.97	42.038
777.41	42.275
777.85	42.497
778.29	42.742
778.73	43.001
779.17	43.264
779.62	43.505
780.06	43.742
780.50	43.981
780.94	44.202
781.38	44.418
781.82	44.632
782.26	44.868
782.70	45.106
783.15	45.332
783.59	45.545
784.03	45.749
784.47	45.955
784.91	46.142
785.35	46.314
785.79	46.478
786.23	46.651
786.67	46.816
787.11	46.979
787.56	47.121
788.00	47.258
788.44	47.390
788.88	47.542
789.32	47.682
789.76	47.817
790.20	47.944
790.64	48.077
791.08	48.212
791.52	48.318
791.96	48.413
792.40	48.501
792.84	48.602
793.28	48.722
793.73	48.837
794.17	48.934
794.61	49.016
795.05	49.112
795.49	49.178
795.93	49.233
796.37	49.268
796.81	49.315
797.25	49.367
797.69	49.391
798.13	49.389
798.57	49.394
799.01	49.393
799.45	49.368
799.89	49.317
800.33	49.273
800.77	49.253
801.21	49.237
801.65	49.195
802.09	49.126
802.53	49.052
802.97	48.971
803.41	48.905
803.85	48.852
804.29	48.783
804.73	48.738
805.17	48.662
805.61	48.579
806.05	48.484
806.49	48.360
806.93	48.261
807.37	48.179
807.81	48.109
808.25	48.016
808.69	47.904
809.13	47.786
809.57	47.670
810.01	47.539
810.44	47.389
810.88	47.244
811.32	47.115
811.76	46.976
812.20	46.824
812.64	46.666
813.08	46.493
813.52	46.297
813.96	46.081
814.40	45.912
814.84	45.759
815.28	45.592
815.72	45.426
816.16	45.244
816.59	45.068
817.03	44.867
817.47	44.676
817.91	44.514
818.35	44.353
818.79	44.187
819.23	44.006
819.67	43.822
820.11	43.646
820.54	43.441
820.98	43.227
821.42	43.020
821.86	42.810
822.30	42.598
822.74	42.403
823.18	42.204
823.62	41.990
824.05	41.767
824.49	41.566
824.93	41.359
825.37	41.162
825.81	40.958
826.25	40.736
826.69	40.476
827.12	40.212
827.56	39.960
828.00	39.708
828.44	39.482
828.88	39.267
829.32	39.034
829.75	38.813
830.19	38.592
830.63	38.374
831.07	38.166
831.51	37.948
831.94	37.712
832.38	37.496
832.82	37.294
833.26	37.097
833.70	36.900
834.13	36.721
834.57	36.524
835.01	36.323
835.45	36.154
835.89	36.006
836.32	35.874
836.76	35.719
837.20	35.543
837.64	35.380
838.08	35.232
838.51	35.122
838.95	35.007
839.39	34.894
839.83	34.798
840.26	34.687
840.70	34.586
841.14	34.511
841.58	34.434
842.01	34.358
842.45	34.286
842.89	34.195
843.33	34.101
843.76	34.025
844.20	33.955
844.64	33.875
845.08	33.806
845.51	33.737
845.95	33.687
846.39	33.653
846.82	33.617
847.26	33.567
847.70	33.490
848.14	33.426
848.57	33.390
849.01	33.354
849.45	33.315
849.88	33.287
850.32	33.268
850.76	33.255
851.19	33.254
851.63	33.259
852.07	33.283
852.50	33.312
852.94	33.322
853.38	33.326
853.81	33.353
854.25	33.391
854.69	33.435
855.12	33.494
855.56	33.556
856.00	33.622
856.43	33.705
856.87	33.795
857.31	33.903
857.74	34.005
858.18	34.091
858.62	34.188
859.05	34.283
859.49	34.387
859.93	34.480
860.36	34.574
860.80	34.679
861.24	34.781
861.67	34.879
862.11	34.982
862.54	35.103
862.98	35.252
863.42	35.400
863.85	35.540
864.29	35.683
864.72	35.837
865.16	35.987
865.60	36.135
866.03	36.285
866.47	36.443
866.90	36.579
867.34	36.749
867.78	36.940
868.21	37.160
868.65	37.370
869.08	37.587
869.52	37.783
869.95	37.967
870.39	38.148
870.83	38.340
871.26	38.571
871.70	38.816
872.13	39.026
872.57	39.243
873.00	39.432
873.44	39.634
873.87	39.820
874.31	40.005
874.75	40.187
875.18	40.383
875.62	40.566
876.05	40.758
876.49	40.949
876.92	41.200
877.36	41.417
877.79	41.631
878.23	41.831
878.66	42.034
879.10	42.260
879.53	42.487
879.97	42.721
880.40	42.927
880.84	43.134
881.27	43.319
881.71	43.496
882.14	43.703
882.58	43.900
883.01	44.104
883.45	44.306
883.88	44.519
884.32	44.708
884.75	44.893
885.19	45.110
885.62	45.316
886.06	45.491
886.49	45.679
886.92	45.855
887.36	46.065
887.79	46.252
888.23	46.419
888.66	46.592
889.10	46.729
889.53	46.884
889.97	47.014
890.40	47.136
890.83	47.278
891.27	47.406
891.70	47.558
892.14	47.699
892.57	47.857
893.01	48.047
893.44	48.227
893.87	48.384
894.31	48.572
894.74	48.737
895.18	48.864
895.61	48.965
896.04	49.048
896.48	49.115
896.91	49.207
897.35	49.272
897.78	49.345
898.21	49.442
898.65	49.554
899.08	49.648
899.52	49.757
899.95	49.867
900.38	49.987
900.82	50.096
901.25	50.242
901.68	50.367
902.12	50.459
902.55	50.558
902.99	50.702
903.42	50.800
903.85	50.884
904.29	50.957
904.72	51.051
905.15	51.149
905.59	51.234
906.02	51.321
906.45	51.420
906.89	51.534
907.32	51.638
907.75	51.702
908.19	51.767
908.62	51.831
909.05	51.863
909.49	51.865
909.92	51.842
910.35	51.803
910.78	51.738
911.22	51.647
911.65	51.572
912.08	51.481
912.52	51.412
912.95	51.350
913.38	51.279
913.82	51.228
914.25	51.191
914.68	51.138
915.11	51.090
915.55	51.043
915.98	50.989
916.41	50.904
916.84	50.812
917.28	50.757
917.71	50.697
918.14	50.650
918.58	50.599
919.01	50.523
919.44	50.454
919.87	50.385
920.31	50.344
920.74	50.318
921.17	50.245
921.60	50.160
922.03	50.078
922.47	49.992
922.90	49.883
923.33	49.746
923.76	49.617
924.20	49.516
924.63	49.410
925.06	49.269
925.49	49.120
925.92	48.987
926.36	48.871
926.79	48.731
927.22	48.569
927.65	48.437
928.08	48.323
928.52	48.203
928.95	48.056
929.38	47.891
929.81	47.759
930.24	47.625
930.68	47.433
931.11	47.281
931.54	47.131
931.97	46.976
932.40	46.838
932.83	46.716
933.27	46.586
933.70	46.400
934.13	46.238
934.56	46.109
934.99	45.955
935.42	45.771
935.85	45.584
936.29	45.409
936.72	45.283
937.15	45.124
937.58	44.936
938.01	44.801
938.44	44.652
938.87	44.455
939.31	44.252
939.74	44.091
940.17	43.936
940.60	43.759
941.03	43.580
941.46	43.399
941.89	43.230
942.32	43.017
942.75	42.827
943.18	42.626
943.62	42.447
944.05	42.237
944.48	42.020
944.91	41.796
945.34	41.601
945.77	41.399
946.20	41.188
946.63	40.986
947.06	40.785
947.49	40.569
947.92	40.337
948.35	40.136
948.78	39.917
949.22	39.691
949.65	39.434
950.08	39.186
950.51	38.990
950.94	38.746
951.37	38.521
951.80	38.349
952.23	38.155
952.66	37.980
953.09	37.837
953.52	37.674
953.95	37.585
954.38	37.446
954.81	37.257
955.24	37.080
955.67	36.919
956.10	36.776
956.53	36.632
956.96	36.484
957.39	36.360
957.82	36.251
958.25	36.083
958.68	35.982
959.11	35.859
959.54	35.705
959.97	35.573
960.40	35.443
960.83	35.348
961.26	35.237
961.69	35.091
962.12	34.908
962.55	34.742
962.98	34.582
963.41	34.419
963.84	34.262
964.27	34.157
964.70	34.047
965.13	33.931
965.56	33.778
965.99	33.660
966.42	33.541
966.84	33.408
967.27	33.294
967.70	33.180
968.13	33.112
968.56	33.057
968.99	32.960
969.42	32.863
969.85	32.773
970.28	32.663
970.71	32.560
971.14	32.522
971.57	32.458
972.00	32.345
972.42	32.275
972.85	32.191
973.28	32.156
973.71	32.060
974.14	31.914
974.57	31.897
975.00	31.844
975.43	31.800
975.86	31.724
976.28	31.655
976.71	31.651
977.14	31.568
977.57	31.469
978.00	31.446
978.43	31.398
978.86	31.331
979.29	31.258
979.71	31.159
980.14	31.154
980.57	31.152
981.00	31.141
981.43	31.135
981.86	31.135
982.28	31.112
982.71	31.064
983.14	31.021
983.57	30.964
984.00	30.932
984.43	30.918
984.85	30.933
985.28	31.004
985.71	31.046
986.14	31.038
986.57	31.048
986.99	31.073
987.42	31.040
987.85	31.033
988.28	31.090
988.71	31.168
989.13	31.188
989.56	31.204
989.99	31.206
990.42	31.286
990.85	31.360
991.27	31.424
991.70	31.471
992.13	31.582
992.56	31.680
992.98	31.743
993.41	31.752
993.84	31.849
994.27	31.899
994.70	31.946
995.12	32.007
995.55	32.063
995.98	32.211
996.41	32.311
996.83	32.350
997.26	32.478
997.69	32.573
998.11	32.606
998.54	32.675
998.97	32.769
999.40	32.862
999.82	32.930
1000.25	32.964
1000.68	33.156
1001.11	33.262
1001.53	33.402
1001.96	33.440
1002.39	33.512
1002.81	33.650
1003.24	33.751
1003.67	33.754
1004.09	33.857
1004.52	34.018
1004.95	34.063
1005.38	34.124
1005.80	34.209
1006.23	34.439
1006.66	34.528
1007.08	34.594
1007.51	34.648
1007.94	34.785
1008.36	34.894
1008.79	34.929
1009.22	34.918
1009.64	35.025
1010.07	35.080
1010.50	35.082
1010.92	35.245
1011.35	35.344
1011.77	35.399
1012.20	35.292
1012.63	35.277
1013.05	35.422
1013.48	35.416
1013.91	35.384
1014.33	35.431
1014.76	35.527
1015.19	35.524
1015.61	35.496
1016.04	35.540
1016.46	35.767
1016.89	35.862
1017.32	35.928
1017.74	35.982
1018.17	36.096
1018.59	36.280
1019.02	36.350
1019.45	36.321
1019.87	36.387
1020.30	36.482
1020.72	36.565
1021.15	36.748
1021.58	36.971
1022.00	37.224
1022.43	37.201
1022.85	37.276
1023.28	37.516
1023.70	37.649
1024.13	37.724
1024.55	37.746
1024.98	37.726
1025.41	37.765
1025.83	37.635
1026.26	37.491
1026.68	37.600
1027.11	37.632
1027.53	37.474
1027.96	37.354
1028.38	37.425
1028.81	37.601
1029.23	37.663
1029.66	37.578
1030.08	37.625
1030.51	37.658
1030.94	37.599
1031.36	37.646
1031.79	37.489
1032.21	37.629
1032.64	37.575
1033.06	37.257
1033.49	37.230
1033.91	37.284
1034.34	37.314
1034.76	37.376
1035.19	37.358
1035.61	37.514
1036.03	37.509
1036.46	37.304
1036.88	37.333
1037.31	37.344
1037.73	37.391
1038.16	37.273
1038.58	36.996
1039.01	37.148
1039.43	37.122
1039.86	36.911
1040.28	36.835
1040.71	37.163
1041.13	37.119
1041.55	36.862
1041.98	36.802
1042.40	37.116
1042.83	37.141
1043.25	36.893
1043.68	36.824
1044.10	36.796
1044.52	36.804
1044.95	36.610
1045.37	36.637
1045.80	36.742
1046.22	36.762
1046.65	36.612
1047.07	36.347
1047.49	36.520
1047.92	36.562
1048.34	36.295
1048.77	35.899
1049.19	35.834
1049.61	35.377
1050.04	35.035
1050.46	34.849
1050.89	34.839
1051.31	34.724
1051.73	34.410
1052.16	34.236
1052.58	34.325
1053.00	34.241
1053.43	33.899
1053.85	33.729
1054.27	33.318
1054.70	33.230
1055.12	32.838
1055.55	32.073
1055.97	32.245
1056.39	32.270
1056.82	31.797
1057.24	31.459
1057.66	31.429
1058.09	31.674
1058.51	31.291
1058.93	30.492
1059.36	30.619
1059.78	30.290
1060.20	29.848
1060.62	29.397
1061.05	28.722
1061.47	28.488
1061.89	27.996
1062.32	27.352
1062.74	27.049
1063.16	26.811
1063.59	26.897
1064.01	26.497
1064.43	25.967
1064.85	26.077
1065.28	25.460
1065.70	24.758
1066.12	24.115
1066.55	23.819
1066.97	23.689
1067.39	23.418
1067.81	23.047
1068.24	22.806
1068.66	22.530
1069.08	21.674
1069.50	21.085
1069.93	20.916
1070.35	20.252
1070.77	19.528
1071.19	18.294
1071.62	18.396
1072.04	18.231
1072.46	16.738
1072.88	15.977
1073.31	15.852
1073.73	14.655
1074.15	13.317
1074.57	11.717
1075.00	12.120
1075.42	11.445
1075.84	9.401
1076.26	7.991
1076.68	7.274
1077.11	6.822
1077.53	5.820
1077.95	4.926
1078.37	4.751
1078.79	3.995
1079.22	2.792
1079.64	1.346
1080.06	1.145
1080.48	0.016
1080.90	-1.894
1081.32	-3.131
1081.75	-3.415
1082.17	-4.317
1082.59	-6.181
1083.01	-7.171
1083.43	-7.710
1083.85	-9.066
1084.28	-11.857
1084.70	-14.253
1085.12	-14.646
1085.54	-15.245
1085.96	-17.475
1086.38	-20.021
1086.80	-21.456
1087.23	-20.815
1087.65	-22.382
1088.07	-24.994
1088.49	-24.943
1088.91	-26.401
1089.33	-28.101
1089.75	-31.381
1090.17	-33.997
1090.60	-34.457
1091.02	-37.733
1091.44	-39.451
1091.86	-41.387
1092.28	-42.726
1092.70	-44.024
1093.12	-46.390
1093.54	-49.352
1093.96	-49.403
1094.38	-52.533
1094.81	-57.561
1095.23	-59.231
1095.65	-60.942
1096.07	-63.427
1096.49	-68.625
1096.91	-73.085
1097.33	-75.589
1097.75	-81.495
1098.17	-86.331
1098.59	-87.232
1099.01	-87.336
1099.43	-91.181
1099.85	-97.014
1100.27	-102.939
1100.69	-103.195
1101.11	-105.792
1101.53	-111.670
1101.95	-114.400
1102.38	-80.757
1102.80	-225.608
1103.22	-85.465
1103.64	-59.500
1104.06	-287.701
1104.48	-169.168
1104.90	-118.405
1105.32	-146.782
1105.74	-89.014
1106.16	-261.120
