188.40	-68.781
188.88	-33.681
189.35	16.156
189.83	466.957
190.30	-439.216
190.78	-15.865
191.26	-54.106
191.73	541.509
192.21	256.522
192.68	36.450
193.16	-140.569
193.63	-158.541
194.11	-177.424
194.58	-185.753
195.06	-133.221
195.53	-53.135
196.01	-38.593
196.48	-34.194
196.96	-20.615
197.43	-16.787
197.91	-18.878
198.38	-15.377
198.86	-5.926
199.33	1.054
199.81	0.344
200.28	-1.610
200.76	0.082
201.23	2.176
201.71	4.819
202.18	1.327
202.66	1.879
203.13	5.481
203.61	8.336
204.08	9.936
204.55	10.735
205.03	14.126
205.50	11.030
205.98	9.668
206.45	9.672
206.93	11.069
207.40	10.801
207.88	11.631
208.35	11.151
208.82	10.940
209.30	10.634
209.77	11.934
210.25	14.291
210.72	14.829
211.20	14.311
211.67	12.644
212.14	13.052
212.62	14.957
213.09	15.533
213.57	15.264
214.04	15.001
214.52	16.469
214.99	15.076
215.46	14.095
215.94	13.435
216.41	16.633
216.89	16.078
217.36	17.534
217.83	16.936
218.31	17.224
218.78	18.183
219.25	18.004
219.73	15.152
220.20	13.640
220.68	14.177
221.15	14.433
221.62	14.321
222.10	14.604
222.57	14.801
223.04	13.624
223.52	12.554
223.99	13.549
224.47	11.796
224.94	9.898
225.41	10.587
225.89	11.596
226.36	9.923
226.83	9.281
227.31	6.223
227.78	6.331
228.25	6.804
228.73	7.908
229.20	9.951
229.67	9.141
230.15	10.528
230.62	11.286
231.09	10.092
231.57	10.442
232.04	12.099
232.51	12.472
232.98	10.435
233.46	9.419
233.93	10.481
234.40	12.185
234.88	12.804
235.35	12.552
235.82	12.331
236.30	13.427
236.77	12.623
237.24	11.651
237.71	14.635
238.19	14.858
238.66	13.250
239.13	11.421
239.61	13.908
240.08	14.955
240.55	13.866
241.02	14.046
241.50	15.331
241.97	14.737
242.44	13.289
242.91	13.648
243.39	13.894
243.86	13.975
244.33	13.177
244.80	11.927
245.28	12.494
245.75	14.168
246.22	13.600
246.69	13.979
247.17	16.116
247.64	15.127
248.11	15.579
248.58	15.605
249.05	16.954
249.53	18.137
250.00	17.090
250.47	17.707
250.94	16.411
251.42	16.810
251.89	18.122
252.36	19.699
252.83	21.385
253.30	22.286
253.78	21.832
254.25	22.898
254.72	23.137
255.19	24.785
255.66	24.400
256.13	22.998
256.61	24.688
257.08	25.021
257.55	24.339
258.02	24.091
258.49	21.886
258.97	20.837
259.44	19.864
259.91	19.854
260.38	18.543
260.85	20.425
261.32	19.502
261.79	18.577
262.27	17.353
262.74	17.497
263.21	18.669
263.68	17.949
264.15	17.607
264.62	19.111
265.09	17.454
265.57	16.313
266.04	14.934
266.51	13.967
266.98	13.925
267.45	13.148
267.92	11.446
268.39	13.786
268.86	13.555
269.34	11.419
269.81	9.520
270.28	10.369
270.75	9.634
271.22	8.911
271.69	9.727
272.16	9.767
272.63	9.994
273.10	9.460
273.57	9.996
274.05	11.152
274.52	10.082
274.99	9.982
275.46	11.125
275.93	12.461
276.40	12.883
276.87	11.609
277.34	11.744
277.81	13.993
278.28	13.678
278.75	12.600
279.22	13.478
279.69	13.890
280.16	15.057
280.63	15.055
281.11	14.833
281.58	14.465
282.05	14.808
282.52	13.177
282.99	12.351
283.46	11.279
283.93	10.458
284.40	11.043
284.87	11.676
285.34	12.707
285.81	14.062
286.28	14.074
286.75	15.389
287.22	15.261
287.69	14.946
288.16	15.976
288.63	17.193
289.10	17.618
289.57	18.140
290.04	17.565
290.51	17.963
290.98	18.452
291.45	19.939
291.92	20.168
292.39	20.743
292.86	21.180
293.33	21.908
293.80	22.011
294.27	21.861
294.74	21.013
295.21	20.330
295.68	19.689
296.15	19.712
296.62	19.380
297.09	19.602
297.56	20.232
298.03	20.074
298.49	19.304
298.96	19.683
299.43	19.534
299.90	19.060
300.37	18.624
300.84	19.010
301.31	19.080
301.78	19.527
302.25	19.971
302.72	21.308
303.19	21.724
303.66	22.327
304.13	22.051
304.60	22.170
305.07	22.039
305.53	21.898
306.00	20.955
306.47	22.777
306.94	24.181
307.41	24.174
307.88	23.370
308.35	23.748
308.82	25.058
309.29	25.084
309.76	25.788
310.22	27.357
310.69	27.485
311.16	26.778
311.63	26.681
312.10	25.925
312.57	25.089
313.04	22.951
313.51	23.147
313.97	23.677
314.44	23.982
314.91	24.244
315.38	23.762
315.85	23.939
316.32	22.396
316.79	20.676
317.25	19.172
317.72	18.846
318.19	18.983
318.66	18.789
319.13	19.299
319.60	17.881
320.07	17.874
320.53	17.573
321.00	16.908
321.47	16.770
321.94	17.655
322.41	17.600
322.87	18.514
323.34	17.962
323.81	17.993
324.28	17.418
324.75	16.446
325.22	17.257
325.68	17.272
326.15	18.287
326.62	18.864
327.09	19.177
327.56	19.745
328.02	19.817
328.49	19.201
328.96	18.975
329.43	19.203
329.89	18.606
330.36	18.280
330.83	17.697
331.30	17.398
331.77	16.674
332.23	16.065
332.70	15.755
333.17	14.827
333.64	14.336
334.10	14.737
334.57	15.146
335.04	14.908
335.51	14.912
335.97	14.351
336.44	14.240
336.91	13.114
337.38	12.548
337.84	12.709
338.31	12.447
338.78	12.799
339.24	12.564
339.71	12.806
340.18	13.138
340.65	13.596
341.11	13.799
341.58	13.631
342.05	13.764
342.52	13.840
342.98	14.210
343.45	14.532
343.92	14.404
344.38	14.070
344.85	13.966
345.32	14.125
345.78	13.623
346.25	13.707
346.72	14.044
347.18	14.232
347.65	13.754
348.12	13.624
348.58	13.386
349.05	13.415
349.52	13.040
349.99	12.926
350.45	12.548
350.92	12.469
351.38	12.584
351.85	12.321
352.32	12.349
352.78	12.125
353.25	11.976
353.72	12.012
354.18	11.870
354.65	12.031
355.12	11.659
355.58	11.744
356.05	11.503
356.52	11.548
356.98	11.239
357.45	11.248
357.91	11.106
358.38	10.674
358.85	10.376
359.31	10.154
359.78	9.893
360.25	9.815
360.71	9.607
361.18	9.542
361.64	9.272
362.11	9.065
362.58	8.750
363.04	8.516
363.51	8.385
363.97	8.288
364.44	7.976
364.91	8.007
365.37	7.775
365.84	7.734
366.30	7.575
366.77	7.532
367.23	7.553
367.70	7.433
368.17	7.531
368.63	7.669
369.10	7.547
369.56	7.552
370.03	7.524
370.49	7.447
370.96	7.323
371.42	7.344
371.89	7.416
372.36	7.714
372.82	7.741
373.29	7.626
373.75	7.668
374.22	7.661
374.68	7.699
375.15	7.671
375.61	7.671
376.08	7.580
376.54	7.516
377.01	7.390
377.47	7.355
377.94	7.242
378.40	7.222
378.87	7.218
379.33	7.185
379.80	7.194
380.26	7.077
380.73	7.111
381.19	7.071
381.66	6.956
382.12	6.799
382.59	6.706
383.05	6.698
383.52	6.605
383.98	6.512
384.45	6.459
384.91	6.412
385.38	6.302
385.84	6.364
386.31	6.297
386.77	6.241
387.24	6.280
387.70	6.349
388.16	6.338
388.63	6.377
389.09	6.392
389.56	6.427
390.02	6.490
390.49	6.484
390.95	6.486
391.42	6.515
391.88	6.554
392.34	6.536
392.81	6.553
393.27	6.616
393.74	6.664
394.20	6.667
394.67	6.721
395.13	6.778
395.59	6.827
396.06	6.865
396.52	6.903
396.99	6.897
397.45	6.882
397.91	6.854
398.38	6.738
398.84	6.667
399.31	6.604
399.77	6.533
400.23	6.503
400.70	6.496
401.16	6.421
401.63	6.327
402.09	6.355
402.55	6.279
403.02	6.234
403.48	6.161
403.94	6.120
404.41	6.060
404.87	6.031
405.33	5.966
405.80	5.960
406.26	5.935
406.73	5.955
407.19	5.960
407.65	6.009
408.12	6.121
408.58	6.235
409.04	6.320
409.51	6.424
409.97	6.523
410.43	6.694
410.90	6.867
411.36	7.076
411.82	7.208
412.29	7.401
412.75	7.569
413.21	7.744
413.67	7.933
414.14	8.158
414.60	8.322
415.06	8.485
415.53	8.645
415.99	8.830
416.45	8.979
416.92	9.077
417.38	9.167
417.84	9.253
418.30	9.282
418.77	9.308
419.23	9.354
419.69	9.323
420.16	9.248
420.62	9.168
421.08	9.052
421.54	8.964
422.01	8.839
422.47	8.702
422.93	8.583
423.39	8.410
423.86	8.261
424.32	8.098
424.78	7.942
425.24	7.828
425.71	7.685
426.17	7.551
426.63	7.458
427.09	7.374
427.56	7.303
428.02	7.235
428.48	7.191
428.94	7.110
429.41	7.072
429.87	7.077
430.33	7.213
430.79	7.400
431.25	7.626
431.72	7.878
432.18	8.134
432.64	8.431
433.10	8.775
433.56	9.104
434.03	9.468
434.49	9.857
434.95	10.227
435.41	10.603
435.87	11.002
436.34	11.402
436.80	11.790
437.26	12.183
437.72	12.580
438.18	12.960
438.64	13.360
439.11	13.736
439.57	14.083
440.03	14.325
440.49	14.536
440.95	14.686
441.41	14.796
441.88	14.898
442.34	14.975
442.80	14.999
443.26	14.985
443.72	14.944
444.18	14.869
444.64	14.766
445.11	14.634
445.57	14.453
446.03	14.290
446.49	14.082
446.95	13.861
447.41	13.624
447.87	13.381
448.33	13.138
448.79	12.883
449.26	12.632
449.72	12.416
450.18	12.203
450.64	12.015
451.10	11.846
451.56	11.702
452.02	11.587
452.48	11.483
452.94	11.416
453.40	11.401
453.87	11.414
454.33	11.463
454.79	11.558
455.25	11.691
455.71	11.847
456.17	12.064
456.63	12.313
457.09	12.599
457.55	12.926
458.01	13.279
458.47	13.679
458.93	14.106
459.39	14.549
459.85	14.997
460.31	15.457
460.77	15.944
461.24	16.446
461.70	16.942
462.16	17.444
462.62	17.947
463.08	18.432
463.54	18.912
464.00	19.379
464.46	19.820
464.92	20.250
465.38	20.646
465.84	21.007
466.30	21.339
466.76	21.651
467.22	21.910
467.68	22.143
468.14	22.329
468.60	22.479
469.06	22.591
469.52	22.654
469.98	22.694
470.44	22.693
470.90	22.642
471.36	22.566
471.82	22.457
472.28	22.312
472.74	22.137
473.20	21.929
473.66	21.698
474.12	21.452
474.58	21.168
475.04	20.875
475.50	20.571
475.95	20.257
476.41	19.932
476.87	19.609
477.33	19.284
477.79	18.974
478.25	18.669
478.71	18.364
479.17	18.082
479.63	17.816
480.09	17.567
480.55	17.350
481.01	17.157
481.47	16.998
481.93	16.870
482.39	16.776
482.84	16.727
483.30	16.715
483.76	16.746
484.22	16.804
484.68	16.903
485.14	17.048
485.60	17.233
486.06	17.456
486.52	17.716
486.98	18.015
487.44	18.346
487.89	18.705
488.35	19.100
488.81	19.519
489.27	19.963
489.73	20.428
490.19	20.913
490.65	21.420
491.11	21.943
491.56	22.469
492.02	23.000
492.48	23.532
492.94	24.067
493.40	24.591
493.86	25.122
494.32	25.641
494.77	26.144
495.23	26.618
495.69	27.075
496.15	27.512
496.61	27.928
497.07	28.317
497.52	28.684
497.98	29.025
498.44	29.348
498.90	29.635
499.36	29.896
499.82	30.113
500.27	30.292
500.73	30.438
501.19	30.553
501.65	30.635
502.11	30.682
502.56	30.695
503.02	30.670
503.48	30.619
503.94	30.541
504.40	30.430
504.85	30.298
505.31	30.139
505.77	29.953
506.23	29.740
506.69	29.501
507.14	29.240
507.60	28.961
508.06	28.656
508.52	28.337
508.97	28.001
509.43	27.665
509.89	27.314
510.35	26.959
510.80	26.604
511.26	26.256
511.72	25.908
512.18	25.563
512.63	25.223
513.09	24.890
513.55	24.565
514.01	24.257
514.46	23.970
514.92	23.705
515.38	23.462
515.84	23.242
516.29	23.050
516.75	22.889
517.21	22.754
517.66	22.644
518.12	22.567
518.58	22.528
519.04	22.524
519.49	22.552
519.95	22.611
520.41	22.700
520.86	22.820
521.32	22.977
521.78	23.172
522.23	23.394
522.69	23.656
523.15	23.944
523.61	24.263
524.06	24.606
524.52	24.972
524.98	25.363
525.43	25.775
525.89	26.204
526.35	26.646
526.80	27.100
527.26	27.569
527.72	28.048
528.17	28.534
528.63	29.025
529.09	29.519
529.54	30.016
530.00	30.518
530.45	31.013
530.91	31.498
531.37	31.970
531.82	32.441
532.28	32.897
532.74	33.333
533.19	33.750
533.65	34.144
534.10	34.516
534.56	34.857
535.02	35.177
535.47	35.479
535.93	35.756
536.39	36.019
536.84	36.250
537.30	36.464
537.75	36.643
538.21	36.791
538.67	36.913
539.12	37.014
539.58	37.085
540.03	37.129
540.49	37.154
540.94	37.154
541.40	37.120
541.86	37.051
542.31	36.965
542.77	36.859
543.22	36.734
543.68	36.591
544.13	36.432
544.59	36.257
545.05	36.058
545.50	35.839
545.96	35.592
546.41	35.338
546.87	35.068
547.32	34.785
547.78	34.487
548.23	34.180
548.69	33.855
549.14	33.523
549.60	33.182
550.06	32.834
550.51	32.482
550.97	32.134
551.42	31.786
551.88	31.437
552.33	31.085
552.79	30.742
553.24	30.404
553.70	30.080
554.15	29.762
554.61	29.463
555.06	29.176
555.52	28.902
555.97	28.644
556.43	28.404
556.88	28.182
557.34	27.990
557.79	27.820
558.25	27.677
558.70	27.559
559.15	27.466
559.61	27.404
560.06	27.367
560.52	27.352
560.97	27.373
561.43	27.428
561.88	27.513
562.34	27.620
562.79	27.754
563.25	27.921
563.70	28.109
564.16	28.328
564.61	28.569
565.06	28.840
565.52	29.130
565.97	29.444
566.43	29.789
566.88	30.148
567.34	30.528
567.79	30.921
568.24	31.334
568.70	31.759
569.15	32.193
569.61	32.634
570.06	33.088
570.51	33.554
570.97	34.026
571.42	34.498
571.88	34.985
572.33	35.469
572.78	35.943
573.24	36.422
573.69	36.884
574.15	37.349
574.60	37.806
575.05	38.255
575.51	38.702
575.96	39.137
576.42	39.569
576.87	39.989
577.32	40.398
577.78	40.783
578.23	41.165
578.68	41.528
579.14	41.882
579.59	42.212
580.04	42.519
580.50	42.797
580.95	43.058
581.40	43.298
581.86	43.530
582.31	43.742
582.76	43.942
583.22	44.124
583.67	44.285
584.12	44.422
584.58	44.537
585.03	44.622
585.48	44.679
585.94	44.703
586.39	44.696
586.84	44.686
587.30	44.664
587.75	44.611
588.20	44.543
588.66	44.453
589.11	44.346
589.56	44.219
590.01	44.084
590.47	43.925
590.92	43.748
591.37	43.549
591.83	43.329
592.28	43.086
592.73	42.834
593.18	42.564
593.64	42.286
594.09	41.988
594.54	41.691
594.99	41.388
595.45	41.075
595.90	40.758
596.35	40.421
596.80	40.070
597.26	39.718
597.71	39.354
598.16	38.989
598.61	38.622
599.07	38.256
599.52	37.880
599.97	37.513
600.42	37.143
600.88	36.773
601.33	36.406
601.78	36.048
602.23	35.685
602.69	35.332
603.14	34.982
603.59	34.649
604.04	34.320
604.49	33.997
604.95	33.687
605.40	33.397
605.85	33.128
606.30	32.871
606.75	32.629
607.21	32.416
607.66	32.216
608.11	32.034
608.56	31.868
609.01	31.727
609.46	31.602
609.92	31.502
610.37	31.424
610.82	31.374
611.27	31.346
611.72	31.344
612.17	31.366
612.63	31.408
613.08	31.468
613.53	31.555
613.98	31.668
614.43	31.802
614.88	31.956
615.34	32.123
615.79	32.307
616.24	32.509
616.69	32.722
617.14	32.959
617.59	33.211
618.04	33.478
618.49	33.757
618.95	34.054
619.40	34.364
619.85	34.694
620.30	35.031
620.75	35.372
621.20	35.725
621.65	36.091
622.10	36.468
622.55	36.856
623.00	37.247
623.46	37.638
623.91	38.028
624.36	38.423
624.81	38.813
625.26	39.209
625.71	39.600
626.16	40.002
626.61	40.394
627.06	40.781
627.51	41.174
627.96	41.557
628.41	41.936
628.86	42.300
629.32	42.656
629.77	43.005
630.22	43.347
630.67	43.684
631.12	44.012
631.57	44.333
632.02	44.639
632.47	44.923
632.92	45.208
633.37	45.492
633.82	45.754
634.27	46.000
634.72	46.240
635.17	46.467
635.62	46.669
636.07	46.865
636.52	47.038
636.97	47.196
637.42	47.340
637.87	47.467
638.32	47.581
638.77	47.687
639.22	47.779
639.67	47.854
640.12	47.913
640.57	47.952
641.02	47.968
641.47	47.973
641.92	47.979
642.37	47.954
642.82	47.904
643.27	47.844
643.72	47.775
644.17	47.684
644.62	47.586
645.07	47.472
645.52	47.351
645.97	47.230
646.42	47.084
646.87	46.934
647.32	46.793
647.77	46.652
648.22	46.481
648.66	46.293
649.11	46.080
649.56	45.849
650.01	45.615
650.46	45.382
650.91	45.144
651.36	44.884
651.81	44.611
652.26	44.349
652.71	44.066
653.16	43.782
653.61	43.491
654.06	43.193
654.50	42.885
654.95	42.563
655.40	42.234
655.85	41.910
656.30	41.576
656.75	41.223
657.20	40.861
657.65	40.506
658.10	40.153
658.55	39.823
658.99	39.502
659.44	39.179
659.89	38.853
660.34	38.516
660.79	38.187
661.24	37.877
661.69	37.561
662.13	37.265
662.58	36.959
663.03	36.670
663.48	36.379
663.93	36.101
664.38	35.835
664.83	35.581
665.27	35.335
665.72	35.091
666.17	34.858
666.62	34.637
667.07	34.427
667.52	34.229
667.96	34.027
668.41	33.833
668.86	33.657
669.31	33.492
669.76	33.349
670.21	33.226
670.65	33.114
671.10	33.014
671.55	32.928
672.00	32.862
672.45	32.810
672.89	32.776
673.34	32.752
673.79	32.739
674.24	32.731
674.68	32.738
675.13	32.770
675.58	32.823
676.03	32.886
676.48	32.953
676.92	33.029
677.37	33.129
677.82	33.244
678.27	33.358
678.71	33.487
679.16	33.630
679.61	33.780
680.06	33.939
680.50	34.108
680.95	34.307
681.40	34.512
681.85	34.710
682.29	34.925
682.74	35.155
683.19	35.393
683.64	35.643
684.08	35.909
684.53	36.181
684.98	36.457
685.43	36.744
685.87	37.035
686.32	37.331
686.77	37.625
687.21	37.905
687.66	38.211
688.11	38.530
688.55	38.836
689.00	39.139
689.45	39.469
689.90	39.804
690.34	40.110
690.79	40.416
691.24	40.743
691.68	41.061
692.13	41.364
692.58	41.652
693.02	41.952
693.47	42.238
693.92	42.512
694.36	42.778
694.81	43.051
695.26	43.328
695.70	43.594
696.15	43.857
696.60	44.138
697.04	44.394
697.49	44.629
697.94	44.856
698.38	45.089
698.83	45.301
699.27	45.511
699.72	45.701
700.17	45.899
700.61	46.087
701.06	46.267
701.51	46.443
701.95	46.630
702.40	46.813
702.84	46.991
703.29	47.164
703.74	47.318
704.18	47.455
704.63	47.585
705.07	47.704
705.52	47.816
705.97	47.909
706.41	47.991
706.86	48.059
707.30	48.138
707.75	48.225
708.20	48.291
708.64	48.324
709.09	48.358
709.53	48.379
709.98	48.392
710.42	48.377
710.87	48.345
711.32	48.312
711.76	48.248
712.21	48.184
712.65	48.108
713.10	48.036
713.54	47.955
713.99	47.861
714.43	47.773
714.88	47.662
715.33	47.528
715.77	47.401
716.22	47.284
716.66	47.148
717.11	46.986
717.55	46.826
718.00	46.669
718.44	46.509
718.89	46.327
719.33	46.150
719.78	45.987
720.22	45.823
720.67	45.633
721.11	45.449
721.56	45.263
722.00	45.061
722.45	44.853
722.89	44.638
723.34	44.425
723.78	44.226
724.23	44.029
724.67	43.828
725.12	43.616
725.56	43.385
726.01	43.155
726.45	42.912
726.90	42.652
727.34	42.390
727.78	42.137
728.23	41.888
728.67	41.617
729.12	41.350
729.56	41.094
730.01	40.829
730.45	40.549
730.90	40.250
731.34	39.981
731.79	39.713
732.23	39.433
732.67	39.141
733.12	38.843
733.56	38.567
734.01	38.305
734.45	38.031
734.89	37.769
735.34	37.524
735.78	37.291
736.23	37.056
736.67	36.818
737.12	36.585
737.56	36.355
738.00	36.132
738.45	35.913
738.89	35.700
739.34	35.517
739.78	35.359
740.22	35.199
740.67	35.021
741.11	34.846
741.55	34.697
742.00	34.554
742.44	34.402
742.89	34.247
743.33	34.105
743.77	33.994
744.22	33.894
744.66	33.774
745.10	33.654
745.55	33.546
745.99	33.467
746.43	33.397
746.88	33.330
747.32	33.266
747.76	33.220
748.21	33.198
748.65	33.159
749.09	33.111
749.54	33.078
749.98	33.068
750.42	33.077
750.87	33.073
751.31	33.076
751.75	33.104
752.20	33.152
752.64	33.211
753.08	33.263
753.53	33.311
753.97	33.385
754.41	33.473
754.85	33.575
755.30	33.674
755.74	33.772
756.18	33.896
756.63	34.051
757.07	34.205
757.51	34.324
757.95	34.464
758.40	34.629
758.84	34.800
759.28	34.973
759.72	35.134
760.17	35.319
760.61	35.523
761.05	35.724
761.50	35.915
761.94	36.099
762.38	36.292
762.82	36.507
763.26	36.730
763.71	36.939
764.15	37.148
764.59	37.350
765.03	37.555
765.48	37.771
765.92	37.960
766.36	38.143
766.80	38.359
767.25	38.585
767.69	38.807
768.13	39.042
768.57	39.282
769.01	39.526
769.46	39.761
769.90	39.988
770.34	40.209
770.78	40.428
771.22	40.671
771.67	40.932
772.11	41.188
772.55	41.428
772.99	41.658
773.43	41.883
773.87	42.138
774.32	42.400
774.76	42.637
775.20	42.864
775.64	43.100
776.08	43.354
776.52	43.588
776.97	43.813
777.41	44.024
777.85	44.236
778.29	44.459
778.73	44.691
779.17	44.927
779.62	45.145
780.06	45.366
780.50	45.572
780.94	45.765
781.38	45.949
781.82	46.131
782.26	46.332
782.70	46.534
783.15	46.722
783.59	46.899
784.03	47.055
784.47	47.216
784.91	47.354
785.35	47.481
785.79	47.619
786.23	47.764
786.67	47.895
787.11	48.023
787.56	48.138
788.00	48.240
788.44	48.333
788.88	48.440
789.32	48.539
789.76	48.628
790.20	48.707
790.64	48.789
791.08	48.874
791.52	48.939
791.96	48.978
792.40	49.020
792.84	49.068
793.28	49.149
793.73	49.221
794.17	49.283
794.61	49.322
795.05	49.358
795.49	49.366
795.93	49.373
796.37	49.359
796.81	49.348
797.25	49.356
797.69	49.342
798.13	49.305
798.57	49.270
799.01	49.230
799.45	49.166
799.89	49.080
800.33	48.992
800.77	48.924
801.21	48.879
801.65	48.800
802.09	48.704
802.53	48.592
802.97	48.478
803.41	48.382
803.85	48.291
804.29	48.196
804.73	48.116
805.17	48.008
805.61	47.885
806.05	47.756
806.49	47.580
806.93	47.448
807.37	47.333
807.81	47.216
808.25	47.088
808.69	46.959
809.13	46.820
809.57	46.682
810.01	46.530
810.44	46.353
810.88	46.182
811.32	46.020
811.76	45.860
812.20	45.693
812.64	45.519
813.08	45.329
813.52	45.113
813.96	44.881
814.40	44.692
814.84	44.522
815.28	44.340
815.72	44.173
816.16	43.980
816.59	43.784
817.03	43.589
817.47	43.397
817.91	43.217
818.35	43.047
818.79	42.875
819.23	42.694
819.67	42.513
820.11	42.343
820.54	42.149
820.98	41.937
821.42	41.735
821.86	41.515
822.30	41.308
822.74	41.121
823.18	40.925
823.62	40.712
824.05	40.493
824.49	40.307
824.93	40.113
825.37	39.920
825.81	39.728
826.25	39.526
826.69	39.296
827.12	39.054
827.56	38.818
828.00	38.594
828.44	38.381
828.88	38.176
829.32	37.961
829.75	37.755
830.19	37.570
830.63	37.370
831.07	37.192
831.51	37.002
831.94	36.789
832.38	36.596
832.82	36.414
833.26	36.249
833.70	36.086
834.13	35.931
834.57	35.771
835.01	35.618
835.45	35.471
835.89	35.351
836.32	35.243
836.76	35.113
837.20	34.973
837.64	34.847
838.08	34.742
838.51	34.668
838.95	34.591
839.39	34.504
839.83	34.440
840.26	34.374
840.70	34.323
841.14	34.284
841.58	34.255
842.01	34.228
842.45	34.197
842.89	34.141
843.33	34.085
843.76	34.042
844.20	34.013
844.64	33.984
845.08	33.957
845.51	33.937
845.95	33.941
846.39	33.947
846.82	33.945
847.26	33.932
847.70	33.901
848.14	33.881
848.57	33.876
849.01	33.878
849.45	33.878
849.88	33.877
850.32	33.899
850.76	33.934
851.19	33.987
851.63	34.040
852.07	34.108
852.50	34.186
852.94	34.249
853.38	34.297
853.81	34.357
854.25	34.431
854.69	34.522
855.12	34.615
855.56	34.714
856.00	34.816
856.43	34.940
856.87	35.065
857.31	35.212
857.74	35.359
858.18	35.497
858.62	35.640
859.05	35.771
859.49	35.907
859.93	36.029
860.36	36.157
860.80	36.288
861.24	36.420
861.67	36.546
862.11	36.680
862.54	36.819
862.98	36.984
863.42	37.150
863.85	37.316
864.29	37.481
864.72	37.650
865.16	37.829
865.60	37.997
866.03	38.168
866.47	38.320
866.90	38.471
867.34	38.644
867.78	38.833
868.21	39.066
868.65	39.295
869.08	39.522
869.52	39.723
869.95	39.908
870.39	40.102
870.83	40.307
871.26	40.535
871.70	40.783
872.13	41.013
872.57	41.236
873.00	41.431
873.44	41.626
873.87	41.810
874.31	42.002
874.75	42.183
875.18	42.353
875.62	42.540
876.05	42.732
876.49	42.936
876.92	43.165
877.36	43.385
877.79	43.583
878.23	43.771
878.66	43.959
879.10	44.185
879.53	44.406
879.97	44.613
880.40	44.806
880.84	44.986
881.27	45.166
881.71	45.334
882.14	45.505
882.58	45.689
883.01	45.880
883.45	46.070
883.88	46.260
884.32	46.437
884.75	46.623
885.19	46.808
885.62	46.980
886.06	47.136
886.49	47.291
886.92	47.456
887.36	47.631
887.79	47.792
888.23	47.936
888.66	48.076
889.10	48.209
889.53	48.331
889.97	48.451
890.40	48.555
890.83	48.672
891.27	48.801
891.70	48.950
892.14	49.090
892.57	49.219
893.01	49.378
893.44	49.546
893.87	49.697
894.31	49.860
894.74	49.994
895.18	50.111
895.61	50.200
896.04	50.272
896.48	50.332
896.91	50.410
897.35	50.476
897.78	50.512
898.21	50.573
898.65	50.667
899.08	50.759
899.52	50.834
899.95	50.912
900.38	51.007
900.82	51.097
901.25	51.192
901.68	51.294
902.12	51.367
902.55	51.456
902.99	51.547
903.42	51.593
903.85	51.646
904.29	51.702
904.72	51.740
905.15	51.787
905.59	51.837
906.02	51.886
906.45	51.947
906.89	52.024
907.32	52.086
907.75	52.131
908.19	52.152
908.62	52.163
909.05	52.144
909.49	52.098
909.92	52.036
910.35	51.967
910.78	51.858
911.22	51.751
911.65	51.630
912.08	51.510
912.52	51.430
912.95	51.378
913.38	51.281
913.82	51.208
914.25	51.142
914.68	51.078
915.11	51.010
915.55	50.927
915.98	50.848
916.41	50.771
916.84	50.670
917.28	50.586
917.71	50.522
918.14	50.477
918.58	50.413
919.01	50.318
919.44	50.229
919.87	50.178
920.31	50.131
920.74	50.086
921.17	49.979
921.60	49.879
922.03	49.747
922.47	49.643
922.90	49.504
923.33	49.351
923.76	49.225
924.20	49.100
924.63	48.974
925.06	48.842
925.49	48.657
925.92	48.497
926.36	48.348
926.79	48.203
927.22	48.073
927.65	47.941
928.08	47.819
928.52	47.720
928.95	47.548
929.38	47.381
929.81	47.218
930.24	47.090
930.68	46.948
931.11	46.792
931.54	46.620
931.97	46.495
932.40	46.387
932.83	46.258
933.27	46.118
933.70	45.941
934.13	45.785
934.56	45.674
934.99	45.522
935.42	45.353
935.85	45.178
936.29	44.988
936.72	44.797
937.15	44.632
937.58	44.434
938.01	44.276
938.44	44.106
938.87	43.938
939.31	43.790
939.74	43.626
940.17	43.475
940.60	43.313
941.03	43.165
941.46	42.992
941.89	42.798
942.32	42.607
942.75	42.439
943.18	42.261
943.62	42.060
944.05	41.869
944.48	41.671
944.91	41.461
945.34	41.252
945.77	41.084
946.20	40.902
946.63	40.738
947.06	40.557
947.49	40.356
947.92	40.174
948.35	39.950
948.78	39.735
949.22	39.506
949.65	39.305
950.08	39.080
950.51	38.867
950.94	38.666
951.37	38.484
951.80	38.318
952.23	38.147
952.66	38.006
953.09	37.895
953.52	37.792
953.95	37.664
954.38	37.534
954.81	37.409
955.24	37.257
955.67	37.091
956.10	36.962
956.53	36.848
956.96	36.751
957.39	36.629
957.82	36.496
958.25	36.414
958.68	36.309
959.11	36.222
959.54	36.106
959.97	36.004
960.40	35.918
960.83	35.838
961.26	35.721
961.69	35.593
962.12	35.404
962.55	35.222
962.98	35.096
963.41	34.984
963.84	34.887
964.27	34.792
964.70	34.685
965.13	34.567
965.56	34.478
965.99	34.376
966.42	34.309
966.84	34.269
967.27	34.230
967.70	34.173
968.13	34.091
968.56	34.060
968.99	34.017
969.42	33.957
969.85	33.883
970.28	33.811
970.71	33.804
971.14	33.792
971.57	33.784
972.00	33.751
972.42	33.739
972.85	33.713
973.28	33.640
973.71	33.579
974.14	33.582
974.57	33.575
975.00	33.525
975.43	33.515
975.86	33.526
976.28	33.473
976.71	33.471
977.14	33.429
977.57	33.422
978.00	33.404
978.43	33.375
978.86	33.336
979.29	33.382
979.71	33.389
980.14	33.423
980.57	33.383
981.00	33.430
981.43	33.456
981.86	33.471
982.28	33.546
982.71	33.621
983.14	33.658
983.57	33.622
984.00	33.631
984.43	33.705
984.85	33.717
985.28	33.818
985.71	33.909
986.14	33.977
986.57	34.051
986.99	34.109
987.42	34.133
987.85	34.237
988.28	34.340
988.71	34.409
989.13	34.495
989.56	34.603
989.99	34.761
990.42	34.862
990.85	34.973
991.27	35.106
991.70	35.235
992.13	35.279
992.56	35.384
992.98	35.503
993.41	35.615
993.84	35.737
994.27	35.805
994.70	35.882
995.12	36.028
995.55	36.087
995.98	36.177
996.41	36.323
996.83	36.469
997.26	36.547
997.69	36.659
998.11	36.755
998.54	36.916
998.97	36.987
999.40	37.099
999.82	37.224
1000.25	37.382
1000.68	37.570
1001.11	37.781
1001.53	37.957
1001.96	38.115
1002.39	38.291
1002.81	38.403
1003.24	38.450
1003.67	38.592
1004.09	38.719
1004.52	38.852
1004.95	38.999
1005.38	39.154
1005.80	39.350
1006.23	39.526
1006.66	39.513
1007.08	39.672
1007.51	39.810
1007.94	39.971
1008.36	40.063
1008.79	40.170
1009.22	40.233
1009.64	40.280
1010.07	40.372
1010.50	40.613
1010.92	40.771
1011.35	40.812
1011.77	40.878
1012.20	41.004
1012.63	41.103
1013.05	41.168
1013.48	41.261
1013.91	41.344
1014.33	41.479
1014.76	41.536
1015.19	41.556
1015.61	41.666
1016.04	41.863
1016.46	41.988
1016.89	42.007
1017.32	42.219
1017.74	42.254
1018.17	42.408
1018.59	42.515
1019.02	42.513
1019.45	42.539
1019.87	42.611
1020.30	42.750
1020.72	42.939
1021.15	43.124
1021.58	43.288
1022.00	43.431
1022.43	43.477
1022.85	43.663
1023.28	43.724
1023.70	43.751
1024.13	43.820
1024.55	43.996
1024.98	43.949
1025.41	43.952
1025.83	43.975
1026.26	43.976
1026.68	44.118
1027.11	44.167
1027.53	44.184
1027.96	44.444
1028.38	44.526
1028.81	44.539
1029.23	44.450
1029.66	44.689
1030.08	44.823
1030.51	44.930
1030.94	44.911
1031.36	45.038
1031.79	45.283
1032.21	45.302
1032.64	45.361
1033.06	45.356
1033.49	45.483
1033.91	45.475
1034.34	45.605
1034.76	45.701
1035.19	45.811
1035.61	45.809
1036.03	45.715
1036.46	45.790
1036.88	45.671
1037.31	45.608
1037.73	45.641
1038.16	45.818
1038.58	45.696
1039.01	45.615
1039.43	45.627
1039.86	45.820
1040.28	45.945
1040.71	45.834
1041.13	45.900
1041.55	45.826
1041.98	46.223
1042.40	46.238
1042.83	46.285
1043.25	46.358
1043.68	46.336
1044.10	46.358
1044.52	46.425
1044.95	46.561
1045.37	46.627
1045.80	46.411
1046.22	46.494
1046.65	46.665
1047.07	46.473
1047.49	46.428
1047.92	46.539
1048.34	46.347
1048.77	46.444
1049.19	46.270
1049.61	46.017
1050.04	45.875
1050.46	45.938
1050.89	45.894
1051.31	45.767
1051.73	45.765
1052.16	45.868
1052.58	45.767
1053.00	45.492
1053.43	45.404
1053.85	45.272
1054.27	45.504
1054.70	45.544
1055.12	45.510
1055.55	45.486
1055.97	45.435
1056.39	45.490
1056.82	45.365
1057.24	45.386
1057.66	45.330
1058.09	45.581
1058.51	45.730
1058.93	46.111
1059.36	45.983
1059.78	45.580
1060.20	45.422
1060.62	45.505
1061.05	45.210
1061.47	45.378
1061.89	45.301
1062.32	45.123
1062.74	45.294
1063.16	44.979
1063.59	45.088
1064.01	45.052
1064.43	44.838
1064.85	44.948
1065.28	44.515
1065.70	44.530
1066.12	44.318
1066.55	44.197
1066.97	43.870
1067.39	43.574
1067.81	42.857
1068.24	42.716
1068.66	42.710
1069.08	42.798
1069.50	42.387
1069.93	42.085
1070.35	41.720
1070.77	41.318
1071.19	41.543
1071.62	41.087
1072.04	40.778
1072.46	40.756
1072.88	40.619
1073.31	40.475
1073.73	39.734
1074.15	39.064
1074.57	38.555
1075.00	38.185
1075.42	37.836
1075.84	37.167
1076.26	36.955
1076.68	37.456
1077.11	36.966
1077.53	36.802
1077.95	37.195
1078.37	36.609
1078.79	36.224
1079.22	36.058
1079.64	36.774
1080.06	36.207
1080.48	35.688
1080.90	35.166
1081.32	34.840
1081.75	34.341
1082.17	34.163
1082.59	34.468
1083.01	35.533
1083.43	35.949
1083.85	35.869
1084.28	34.593
1084.70	34.650
1085.12	34.131
1085.54	33.099
1085.96	32.763
1086.38	31.475
1086.80	30.436
1087.23	30.686
1087.65	31.149
1088.07	30.924
1088.49	28.926
1088.91	28.280
1089.33	28.508
1089.75	27.447
1090.17	27.452
1090.60	25.985
1091.02	24.198
1091.44	23.510
1091.86	21.972
1092.28	20.793
1092.70	19.410
1093.12	18.056
1093.54	17.217
1093.96	16.399
1094.38	15.984
1094.81	15.856
1095.23	16.016
1095.65	13.868
1096.07	13.211
1096.49	10.549
1096.91	10.580
1097.33	10.402
1097.75	8.542
1098.17	7.292
1098.59	6.550
1099.01	5.063
1099.43	5.801
1099.85	3.676
1100.27	3.215
1100.69	3.859
1101.11	2.154
1101.53	2.458
1101.95	2.383
1102.38	22.625
1102.80	-41.485
1103.22	7.849
1103.64	20.071
1104.06	-86.275
1104.48	6.578
1104.90	21.718
1105.32	-7.241
1105.74	5.634
1106.16	-69.120
