188.40	-305.843
188.88	-511.488
189.35	549.861
189.83	2388.696
190.30	-1952.941
190.78	-352.885
191.26	-463.768
191.73	2009.434
192.21	-2346.377
192.68	-396.756
193.16	-1646.936
193.63	-1920.683
194.11	-2057.248
194.58	-1927.128
195.06	-1561.224
195.53	-1029.161
196.01	-852.995
196.48	-756.854
196.96	-630.361
197.43	-536.069
197.91	-483.587
198.38	-440.790
198.86	-364.245
199.33	-314.216
199.81	-301.557
200.28	-286.071
200.76	-256.278
201.23	-231.392
201.71	-213.898
202.18	-204.303
202.66	-187.987
203.13	-177.953
203.61	-172.222
204.08	-158.274
204.55	-146.957
205.03	-138.256
205.50	-138.277
205.98	-142.374
206.45	-139.950
206.93	-135.052
207.40	-136.366
207.88	-135.112
208.35	-131.810
208.82	-134.605
209.30	-135.863
209.77	-135.981
210.25	-133.509
210.72	-133.265
211.20	-136.238
211.67	-133.073
212.14	-130.244
212.62	-127.105
213.09	-124.353
213.57	-120.097
214.04	-120.235
214.52	-119.250
214.99	-116.324
215.46	-118.730
215.94	-117.421
216.41	-114.806
216.89	-113.820
217.36	-111.830
217.83	-113.051
218.31	-112.703
218.78	-109.409
219.25	-108.844
219.73	-109.130
220.20	-110.148
220.68	-106.978
221.15	-107.213
221.62	-107.913
222.10	-108.593
222.57	-107.727
223.04	-107.486
223.52	-111.970
223.99	-113.874
224.47	-112.507
224.94	-116.592
225.41	-114.974
225.89	-114.601
226.36	-117.598
226.83	-121.396
227.31	-125.662
227.78	-124.592
228.25	-122.112
228.73	-124.155
229.20	-122.257
229.67	-124.661
230.15	-122.735
230.62	-122.869
231.09	-126.821
231.57	-127.427
232.04	-124.634
232.51	-125.107
232.98	-127.587
233.46	-125.307
233.93	-124.101
234.40	-122.492
234.88	-122.507
235.35	-122.775
235.82	-121.229
236.30	-117.528
236.77	-117.737
237.24	-117.602
237.71	-115.300
238.19	-116.069
238.66	-116.124
239.13	-117.418
239.61	-116.341
240.08	-116.779
240.55	-116.252
241.02	-112.777
241.50	-108.246
241.97	-107.763
242.44	-108.340
242.91	-108.553
243.39	-108.354
243.86	-106.142
244.33	-107.619
244.80	-107.444
245.28	-107.929
245.75	-106.658
246.22	-109.725
246.69	-107.268
247.17	-105.381
247.64	-106.045
248.11	-107.144
248.58	-106.936
249.05	-108.061
249.53	-107.282
250.00	-109.324
250.47	-112.126
250.94	-116.229
251.42	-117.417
251.89	-115.267
252.36	-115.295
252.83	-112.438
253.30	-108.519
253.78	-108.369
254.25	-108.038
254.72	-108.039
255.19	-107.018
255.66	-105.833
256.13	-105.608
256.61	-103.843
257.08	-103.552
257.55	-103.035
258.02	-100.559
258.49	-102.482
258.97	-102.879
259.44	-102.941
259.91	-100.609
260.38	-98.754
260.85	-95.256
261.32	-97.139
261.79	-96.641
262.27	-97.588
262.74	-97.614
263.21	-98.875
263.68	-101.630
264.15	-103.434
264.62	-105.690
265.09	-107.181
265.57	-108.134
266.04	-109.313
266.51	-110.895
266.98	-112.179
267.45	-113.108
267.92	-115.876
268.39	-114.727
268.86	-112.744
269.34	-107.385
269.81	-108.036
270.28	-109.244
270.75	-105.939
271.22	-106.346
271.69	-106.036
272.16	-104.703
272.63	-103.982
273.10	-102.209
273.57	-101.725
274.05	-100.740
274.52	-96.305
274.99	-94.634
275.46	-93.903
275.93	-93.339
276.40	-94.218
276.87	-90.783
277.34	-90.080
277.81	-89.838
278.28	-89.135
278.75	-90.898
279.22	-93.377
279.69	-94.135
280.16	-92.570
280.63	-92.235
281.11	-93.017
281.58	-94.936
282.05	-94.021
282.52	-94.934
282.99	-94.962
283.46	-96.000
283.93	-93.787
284.40	-94.237
284.87	-93.027
285.34	-93.109
285.81	-93.445
286.28	-90.405
286.75	-88.814
287.22	-90.237
287.69	-89.353
288.16	-86.200
288.63	-84.638
289.10	-83.822
289.57	-82.147
290.04	-81.226
290.51	-81.084
290.98	-81.494
291.45	-81.024
291.92	-81.956
292.39	-80.927
292.86	-82.147
293.33	-80.158
293.80	-80.704
294.27	-80.354
294.74	-83.333
295.21	-82.205
295.68	-80.201
296.15	-82.269
296.62	-83.794
297.09	-82.387
297.56	-80.611
298.03	-79.421
298.49	-79.589
298.96	-80.771
299.43	-79.713
299.90	-80.615
300.37	-79.747
300.84	-79.084
301.31	-77.780
301.78	-76.192
302.25	-75.701
302.72	-75.819
303.19	-76.220
303.66	-73.141
304.13	-72.483
304.60	-72.538
305.07	-72.094
305.53	-69.843
306.00	-69.427
306.47	-70.030
306.94	-69.063
307.41	-69.005
307.88	-70.510
308.35	-70.490
308.82	-68.671
309.29	-67.928
309.76	-66.364
310.22	-68.035
310.69	-68.304
311.16	-67.430
311.63	-65.705
312.10	-67.593
312.57	-66.661
313.04	-64.699
313.51	-65.840
313.97	-66.088
314.44	-64.321
314.91	-65.207
315.38	-65.035
315.85	-65.016
316.32	-63.253
316.79	-62.042
317.25	-61.438
317.72	-62.299
318.19	-62.986
318.66	-63.025
319.13	-61.905
319.60	-63.598
320.07	-62.459
320.53	-59.333
321.00	-58.470
321.47	-58.443
321.94	-58.214
322.41	-57.219
322.87	-55.922
323.34	-56.836
323.81	-55.517
324.28	-54.245
324.75	-53.240
325.22	-53.664
325.68	-53.925
326.15	-53.753
326.62	-52.708
327.09	-53.306
327.56	-52.128
328.02	-48.978
328.49	-48.969
328.96	-48.879
329.43	-48.948
329.89	-50.248
330.36	-49.310
330.83	-51.027
331.30	-52.021
331.77	-50.495
332.23	-49.328
332.70	-48.806
333.17	-49.602
333.64	-49.012
334.10	-47.003
334.57	-46.037
335.04	-45.907
335.51	-44.456
335.97	-43.430
336.44	-42.556
336.91	-42.527
337.38	-42.244
337.84	-42.415
338.31	-41.311
338.78	-41.657
339.24	-40.183
339.71	-36.358
340.18	-35.175
340.65	-33.738
341.11	-32.568
341.58	-30.511
342.05	-29.913
342.52	-29.961
342.98	-28.202
343.45	-27.422
343.92	-26.858
344.38	-27.088
344.85	-26.625
345.32	-25.574
345.78	-24.668
346.25	-24.309
346.72	-23.202
347.18	-22.128
347.65	-21.071
348.12	-20.776
348.58	-20.029
349.05	-18.755
349.52	-18.656
349.99	-18.463
350.45	-18.302
350.92	-17.387
351.38	-16.691
351.85	-16.500
352.32	-15.914
352.78	-14.929
353.25	-14.019
353.72	-13.597
354.18	-13.091
354.65	-11.924
355.12	-11.234
355.58	-10.936
356.05	-10.744
356.52	-10.148
356.98	-9.674
357.45	-9.226
357.91	-8.705
358.38	-8.302
358.85	-7.868
359.31	-7.696
359.78	-7.675
360.25	-7.082
360.71	-6.527
361.18	-6.314
361.64	-6.371
362.11	-6.083
362.58	-5.817
363.04	-5.836
363.51	-5.599
363.97	-5.130
364.44	-4.987
364.91	-4.824
365.37	-4.866
365.84	-4.590
366.30	-4.282
366.77	-4.119
367.23	-3.900
367.70	-3.776
368.17	-3.523
368.63	-3.285
369.10	-3.247
369.56	-2.951
370.03	-2.679
370.49	-2.625
370.96	-2.631
371.42	-2.217
371.89	-1.903
372.36	-1.603
372.82	-1.500
373.29	-1.484
373.75	-1.172
374.22	-1.055
374.68	-0.889
375.15	-0.649
375.61	-0.465
376.08	-0.308
376.54	-0.306
377.01	-0.254
377.47	-0.040
377.94	0.126
378.40	0.123
378.87	0.220
379.33	0.411
379.80	0.583
380.26	0.632
380.73	0.778
381.19	0.926
381.66	1.015
382.12	1.060
382.59	1.074
383.05	1.214
383.52	1.221
383.98	1.267
384.45	1.328
384.91	1.430
385.38	1.538
385.84	1.574
386.31	1.609
386.77	1.666
387.24	1.776
387.70	1.847
388.16	1.935
388.63	2.093
389.09	2.123
389.56	2.125
390.02	2.154
390.49	2.222
390.95	2.293
391.42	2.331
391.88	2.368
392.34	2.485
392.81	2.631
393.27	2.750
393.74	2.843
394.20	2.916
394.67	3.056
395.13	3.125
395.59	3.203
396.06	3.346
396.52	3.441
396.99	3.514
397.45	3.522
397.91	3.564
398.38	3.558
398.84	3.608
399.31	3.705
399.77	3.761
400.23	3.823
400.70	3.857
401.16	3.841
401.63	3.842
402.09	3.884
402.55	3.833
403.02	3.768
403.48	3.738
403.94	3.755
404.41	3.714
404.87	3.655
405.33	3.589
405.80	3.598
406.26	3.574
406.73	3.532
407.19	3.560
407.65	3.641
408.12	3.756
408.58	3.827
409.04	3.861
409.51	3.968
409.97	4.050
410.43	4.146
410.90	4.311
411.36	4.484
411.82	4.672
412.29	4.850
412.75	5.071
413.21	5.301
413.67	5.514
414.14	5.738
414.60	5.982
415.06	6.276
415.53	6.512
415.99	6.751
416.45	6.997
416.92	7.233
417.38	7.422
417.84	7.580
418.30	7.719
418.77	7.863
419.23	8.002
419.69	8.078
420.16	8.125
420.62	8.153
421.08	8.157
421.54	8.116
422.01	8.076
422.47	8.007
422.93	7.939
423.39	7.795
423.86	7.676
424.32	7.557
424.78	7.399
425.24	7.244
425.71	7.086
426.17	6.933
426.63	6.775
427.09	6.618
427.56	6.454
428.02	6.311
428.48	6.191
428.94	6.027
429.41	5.868
429.87	5.783
430.33	5.815
430.79	5.877
431.25	5.987
431.72	6.137
432.18	6.312
432.64	6.520
433.10	6.787
433.56	7.054
434.03	7.370
434.49	7.709
434.95	8.072
435.41	8.451
435.87	8.859
436.34	9.268
436.80	9.694
437.26	10.143
437.72	10.611
438.18	11.058
438.64	11.544
439.11	12.035
439.57	12.496
440.03	12.871
440.49	13.209
440.95	13.513
441.41	13.783
441.88	14.033
442.34	14.248
442.80	14.435
443.26	14.591
443.72	14.691
444.18	14.749
444.64	14.766
445.11	14.765
445.57	14.705
446.03	14.642
446.49	14.529
446.95	14.396
447.41	14.215
447.87	14.014
448.33	13.799
448.79	13.570
449.26	13.325
449.72	13.068
450.18	12.820
450.64	12.583
451.10	12.345
451.56	12.106
452.02	11.896
452.48	11.690
452.94	11.489
453.40	11.335
453.87	11.202
454.33	11.114
454.79	11.051
455.25	11.007
455.71	10.998
456.17	11.051
456.63	11.153
457.09	11.304
457.55	11.490
458.01	11.712
458.47	11.988
458.93	12.289
459.39	12.638
459.85	13.011
460.31	13.401
460.77	13.823
461.24	14.284
461.70	14.766
462.16	15.264
462.62	15.784
463.08	16.298
463.54	16.831
464.00	17.364
464.46	17.893
464.92	18.422
465.38	18.934
465.84	19.423
466.30	19.883
466.76	20.327
467.22	20.752
467.68	21.145
468.14	21.493
468.60	21.817
469.06	22.114
469.52	22.365
469.98	22.572
470.44	22.748
470.90	22.876
471.36	22.969
471.82	23.015
472.28	23.022
472.74	23.002
473.20	22.938
473.66	22.831
474.12	22.693
474.58	22.512
475.04	22.316
475.50	22.080
475.95	21.818
476.41	21.535
476.87	21.236
477.33	20.922
477.79	20.603
478.25	20.274
478.71	19.931
479.17	19.582
479.63	19.245
480.09	18.907
480.55	18.586
481.01	18.273
481.47	17.990
481.93	17.724
482.39	17.481
482.84	17.272
483.30	17.094
483.76	16.949
484.22	16.839
484.68	16.754
485.14	16.723
485.60	16.725
486.06	16.768
486.52	16.853
486.98	16.972
487.44	17.139
487.89	17.344
488.35	17.585
488.81	17.868
489.27	18.194
489.73	18.556
490.19	18.943
490.65	19.364
491.11	19.812
491.56	20.286
492.02	20.774
492.48	21.283
492.94	21.808
493.40	22.337
493.86	22.874
494.32	23.424
494.77	23.974
495.23	24.525
495.69	25.069
496.15	25.599
496.61	26.130
497.07	26.631
497.52	27.120
497.98	27.592
498.44	28.052
498.90	28.479
499.36	28.885
499.82	29.263
500.27	29.604
500.73	29.911
501.19	30.191
501.65	30.442
502.11	30.657
502.56	30.848
503.02	31.001
503.48	31.122
503.94	31.206
504.40	31.257
504.85	31.273
505.31	31.252
505.77	31.200
506.23	31.114
506.69	31.006
507.14	30.866
507.60	30.698
508.06	30.495
508.52	30.266
508.97	30.006
509.43	29.729
509.89	29.428
510.35	29.116
510.80	28.784
511.26	28.444
511.72	28.091
512.18	27.724
512.63	27.351
513.09	26.976
513.55	26.600
514.01	26.220
514.46	25.844
514.92	25.476
515.38	25.121
515.84	24.779
516.29	24.451
516.75	24.140
517.21	23.852
517.66	23.580
518.12	23.334
518.58	23.123
519.04	22.939
519.49	22.791
519.95	22.667
520.41	22.579
520.86	22.521
521.32	22.500
521.78	22.509
522.23	22.555
522.69	22.644
523.15	22.769
523.61	22.926
524.06	23.122
524.52	23.352
524.98	23.613
525.43	23.903
525.89	24.219
526.35	24.561
526.80	24.932
527.26	25.329
527.72	25.749
528.17	26.184
528.63	26.638
529.09	27.106
529.54	27.592
530.00	28.087
530.45	28.590
530.91	29.095
531.37	29.603
531.82	30.112
532.28	30.618
532.74	31.117
533.19	31.611
533.65	32.091
534.10	32.561
534.56	33.014
535.02	33.447
535.47	33.870
535.93	34.280
536.39	34.672
536.84	35.044
537.30	35.397
537.75	35.721
538.21	36.010
538.67	36.282
539.12	36.532
539.58	36.756
540.03	36.957
540.49	37.137
540.94	37.295
541.40	37.422
541.86	37.516
542.31	37.583
542.77	37.628
543.22	37.648
543.68	37.646
544.13	37.614
544.59	37.572
545.05	37.497
545.50	37.393
545.96	37.256
546.41	37.097
546.87	36.919
547.32	36.716
547.78	36.503
548.23	36.262
548.69	36.004
549.14	35.726
549.60	35.427
550.06	35.112
550.51	34.784
550.97	34.451
551.42	34.103
551.88	33.749
552.33	33.376
552.79	33.001
553.24	32.618
553.70	32.242
554.15	31.862
554.61	31.493
555.06	31.126
555.52	30.763
555.97	30.413
556.43	30.072
556.88	29.743
557.34	29.430
557.79	29.136
558.25	28.861
558.70	28.602
559.15	28.363
559.61	28.149
560.06	27.951
560.52	27.776
560.97	27.632
561.43	27.513
561.88	27.430
562.34	27.370
562.79	27.338
563.25	27.336
563.70	27.356
564.16	27.404
564.61	27.485
565.06	27.598
565.52	27.740
565.97	27.911
566.43	28.113
566.88	28.339
567.34	28.592
567.79	28.864
568.24	29.163
568.70	29.486
569.15	29.823
569.61	30.181
570.06	30.560
570.51	30.958
570.97	31.377
571.42	31.800
571.88	32.245
572.33	32.697
572.78	33.161
573.24	33.632
573.69	34.103
574.15	34.590
574.60	35.072
575.05	35.557
575.51	36.040
575.96	36.527
576.42	37.021
576.87	37.506
577.32	37.990
577.78	38.459
578.23	38.927
578.68	39.385
579.14	39.841
579.59	40.272
580.04	40.692
580.50	41.092
580.95	41.484
581.40	41.857
581.86	42.217
582.31	42.556
582.76	42.886
583.22	43.200
583.67	43.488
584.12	43.760
584.58	44.002
585.03	44.226
585.48	44.415
585.94	44.571
586.39	44.701
586.84	44.822
587.30	44.931
587.75	45.004
588.20	45.068
588.66	45.105
589.11	45.124
589.56	45.120
590.01	45.097
590.47	45.049
590.92	44.984
591.37	44.898
591.83	44.788
592.28	44.651
592.73	44.498
593.18	44.323
593.64	44.134
594.09	43.933
594.54	43.719
594.99	43.499
595.45	43.264
595.90	43.011
596.35	42.732
596.80	42.438
597.26	42.136
597.71	41.811
598.16	41.474
598.61	41.131
599.07	40.775
599.52	40.404
599.97	40.033
600.42	39.656
600.88	39.274
601.33	38.887
601.78	38.503
602.23	38.108
602.69	37.714
603.14	37.319
603.59	36.919
604.04	36.523
604.49	36.122
604.95	35.725
605.40	35.348
605.85	34.989
606.30	34.631
606.75	34.285
607.21	33.959
607.66	33.641
608.11	33.336
608.56	33.048
609.01	32.780
609.46	32.526
609.92	32.288
610.37	32.067
610.82	31.868
611.27	31.695
611.72	31.547
612.17	31.417
612.63	31.305
613.08	31.217
613.53	31.150
613.98	31.122
614.43	31.116
614.88	31.126
615.34	31.153
615.79	31.199
616.24	31.269
616.69	31.356
617.14	31.471
617.59	31.601
618.04	31.756
618.49	31.936
618.95	32.130
619.40	32.342
619.85	32.578
620.30	32.829
620.75	33.083
621.20	33.361
621.65	33.655
622.10	33.964
622.55	34.286
623.00	34.621
623.46	34.959
623.91	35.306
624.36	35.663
624.81	36.020
625.26	36.389
625.71	36.760
626.16	37.153
626.61	37.548
627.06	37.951
627.51	38.355
627.96	38.755
628.41	39.159
628.86	39.557
629.32	39.956
629.77	40.355
630.22	40.752
630.67	41.142
631.12	41.524
631.57	41.909
632.02	42.286
632.47	42.650
632.92	43.012
633.37	43.378
633.82	43.731
634.27	44.070
634.72	44.406
635.17	44.733
635.62	45.039
636.07	45.331
636.52	45.604
636.97	45.870
637.42	46.118
637.87	46.352
638.32	46.574
638.77	46.789
639.22	46.988
639.67	47.172
640.12	47.340
640.57	47.495
641.02	47.636
641.47	47.761
641.92	47.878
642.37	47.968
642.82	48.022
643.27	48.060
643.72	48.095
644.17	48.112
644.62	48.118
645.07	48.104
645.52	48.080
645.97	48.045
646.42	47.988
646.87	47.925
647.32	47.870
647.77	47.815
648.22	47.731
648.66	47.622
649.11	47.493
649.56	47.347
650.01	47.192
650.46	47.027
650.91	46.854
651.36	46.657
651.81	46.451
652.26	46.252
652.71	46.031
653.16	45.797
653.61	45.553
654.06	45.290
654.50	45.022
654.95	44.739
655.40	44.454
655.85	44.160
656.30	43.854
656.75	43.523
657.20	43.176
657.65	42.831
658.10	42.484
658.55	42.153
658.99	41.822
659.44	41.489
659.89	41.144
660.34	40.793
660.79	40.445
661.24	40.098
661.69	39.750
662.13	39.418
662.58	39.074
663.03	38.739
663.48	38.408
663.93	38.078
664.38	37.751
664.83	37.431
665.27	37.109
665.72	36.792
666.17	36.486
666.62	36.183
667.07	35.888
667.52	35.610
667.96	35.318
668.41	35.033
668.86	34.762
669.31	34.502
669.76	34.263
670.21	34.035
670.65	33.822
671.10	33.614
671.55	33.421
672.00	33.254
672.45	33.093
672.89	32.946
673.34	32.805
673.79	32.682
674.24	32.572
674.68	32.478
675.13	32.401
675.58	32.342
676.03	32.298
676.48	32.260
676.92	32.233
677.37	32.233
677.82	32.252
678.27	32.275
678.71	32.309
679.16	32.359
679.61	32.422
680.06	32.500
680.50	32.590
680.95	32.704
681.40	32.826
681.85	32.951
682.29	33.089
682.74	33.250
683.19	33.420
683.64	33.600
684.08	33.797
684.53	34.005
684.98	34.220
685.43	34.455
685.87	34.702
686.32	34.955
686.77	35.207
687.21	35.455
687.66	35.734
688.11	36.022
688.55	36.302
689.00	36.583
689.45	36.887
689.90	37.204
690.34	37.503
690.79	37.811
691.24	38.129
691.68	38.451
692.13	38.767
692.58	39.077
693.02	39.402
693.47	39.726
693.92	40.034
694.36	40.333
694.81	40.641
695.26	40.947
695.70	41.240
696.15	41.539
696.60	41.854
697.04	42.151
697.49	42.435
697.94	42.710
698.38	43.001
698.83	43.276
699.27	43.550
699.72	43.808
700.17	44.063
700.61	44.316
701.06	44.564
701.51	44.805
701.95	45.060
702.40	45.301
702.84	45.523
703.29	45.748
703.74	45.967
704.18	46.174
704.63	46.375
705.07	46.573
705.52	46.763
705.97	46.934
706.41	47.088
706.86	47.237
707.30	47.397
707.75	47.557
708.20	47.693
708.64	47.807
709.09	47.911
709.53	48.008
709.98	48.105
710.42	48.174
710.87	48.224
711.32	48.262
711.76	48.275
712.21	48.296
712.65	48.316
713.10	48.331
713.54	48.325
713.99	48.315
714.43	48.301
714.88	48.256
715.33	48.192
715.77	48.142
716.22	48.088
716.66	48.016
717.11	47.921
717.55	47.829
718.00	47.729
718.44	47.630
718.89	47.512
719.33	47.385
719.78	47.269
720.22	47.152
720.67	47.024
721.11	46.895
721.56	46.753
722.00	46.587
722.45	46.404
722.89	46.220
723.34	46.033
723.78	45.858
724.23	45.689
724.67	45.514
725.12	45.315
725.56	45.109
726.01	44.901
726.45	44.685
726.90	44.452
727.34	44.220
727.78	43.993
728.23	43.754
728.67	43.496
729.12	43.235
729.56	42.972
730.01	42.696
730.45	42.412
730.90	42.123
731.34	41.862
731.79	41.606
732.23	41.332
732.67	41.046
733.12	40.746
733.56	40.474
734.01	40.204
734.45	39.916
734.89	39.636
735.34	39.374
735.78	39.109
736.23	38.836
736.67	38.554
737.12	38.277
737.56	38.013
738.00	37.754
738.45	37.499
738.89	37.251
739.34	37.032
739.78	36.832
740.22	36.624
740.67	36.394
741.11	36.159
741.55	35.950
742.00	35.740
742.44	35.524
742.89	35.299
743.33	35.091
743.77	34.912
744.22	34.740
744.66	34.541
745.10	34.349
745.55	34.168
745.99	34.014
746.43	33.867
746.88	33.723
747.32	33.576
747.76	33.449
748.21	33.347
748.65	33.228
749.09	33.100
749.54	32.979
749.98	32.883
750.42	32.819
750.87	32.738
751.31	32.664
751.75	32.622
752.20	32.603
752.64	32.589
753.08	32.566
753.53	32.539
753.97	32.543
754.41	32.560
754.85	32.592
755.30	32.621
755.74	32.655
756.18	32.720
756.63	32.817
757.07	32.912
757.51	32.985
757.95	33.067
758.40	33.170
758.84	33.290
759.28	33.413
759.72	33.529
760.17	33.664
760.61	33.820
761.05	33.972
761.50	34.110
761.94	34.246
762.38	34.396
762.82	34.580
763.26	34.761
763.71	34.937
764.15	35.118
764.59	35.297
765.03	35.479
765.48	35.655
765.92	35.817
766.36	35.976
766.80	36.168
767.25	36.375
767.69	36.580
768.13	36.800
768.57	37.026
769.01	37.257
769.46	37.489
769.90	37.716
770.34	37.940
770.78	38.168
771.22	38.424
771.67	38.698
772.11	38.956
772.55	39.205
772.99	39.440
773.43	39.674
773.87	39.934
774.32	40.197
774.76	40.452
775.20	40.702
775.64	40.962
776.08	41.238
776.52	41.498
776.97	41.758
777.41	42.002
777.85	42.241
778.29	42.491
778.73	42.749
779.17	43.019
779.62	43.278
780.06	43.529
780.50	43.767
780.94	43.995
781.38	44.213
781.82	44.439
782.26	44.687
782.70	44.931
783.15	45.161
783.59	45.389
784.03	45.609
784.47	45.824
784.91	46.021
785.35	46.203
785.79	46.381
786.23	46.558
786.67	46.726
787.11	46.886
787.56	47.028
788.00	47.165
788.44	47.295
788.88	47.443
789.32	47.593
789.76	47.733
790.20	47.869
790.64	48.015
791.08	48.154
791.52	48.274
791.96	48.375
792.40	48.481
792.84	48.596
793.28	48.726
793.73	48.854
794.17	48.965
794.61	49.058
795.05	49.164
795.49	49.236
795.93	49.301
796.37	49.356
796.81	49.410
797.25	49.474
797.69	49.507
798.13	49.519
798.57	49.526
799.01	49.534
799.45	49.510
799.89	49.464
800.33	49.421
800.77	49.402
801.21	49.390
801.65	49.347
802.09	49.278
802.53	49.203
802.97	49.129
803.41	49.077
803.85	49.020
804.29	48.952
804.73	48.917
805.17	48.859
805.61	48.789
806.05	48.723
806.49	48.616
806.93	48.532
807.37	48.463
807.81	48.404
808.25	48.318
808.69	48.220
809.13	48.123
809.57	48.028
810.01	47.903
810.44	47.766
810.88	47.636
811.32	47.519
811.76	47.389
812.20	47.246
812.64	47.092
813.08	46.930
813.52	46.751
813.96	46.548
814.40	46.378
814.84	46.220
815.28	46.046
815.72	45.886
816.16	45.707
816.59	45.517
817.03	45.323
817.47	45.134
817.91	44.972
818.35	44.809
818.79	44.636
819.23	44.465
819.67	44.288
820.11	44.108
820.54	43.900
820.98	43.681
821.42	43.465
821.86	43.236
822.30	43.013
822.74	42.812
823.18	42.606
823.62	42.389
824.05	42.168
824.49	41.959
824.93	41.752
825.37	41.560
825.81	41.357
826.25	41.127
826.69	40.869
827.12	40.604
827.56	40.348
828.00	40.101
828.44	39.861
828.88	39.643
829.32	39.404
829.75	39.175
830.19	38.952
830.63	38.727
831.07	38.509
831.51	38.286
831.94	38.047
832.38	37.820
832.82	37.612
833.26	37.416
833.70	37.218
834.13	37.018
834.57	36.805
835.01	36.597
835.45	36.418
835.89	36.268
836.32	36.121
836.76	35.955
837.20	35.768
837.64	35.600
838.08	35.440
838.51	35.318
838.95	35.198
839.39	35.078
839.83	34.960
840.26	34.858
840.70	34.756
841.14	34.663
841.58	34.577
842.01	34.485
842.45	34.393
842.89	34.294
843.33	34.191
843.76	34.105
844.20	34.032
844.64	33.952
845.08	33.872
845.51	33.785
845.95	33.727
846.39	33.680
846.82	33.622
847.26	33.550
847.70	33.466
848.14	33.394
848.57	33.351
849.01	33.316
849.45	33.271
849.88	33.247
850.32	33.227
850.76	33.211
851.19	33.210
851.63	33.212
852.07	33.225
852.50	33.244
852.94	33.237
853.38	33.230
853.81	33.251
854.25	33.274
854.69	33.317
855.12	33.371
855.56	33.428
856.00	33.493
856.43	33.589
856.87	33.679
857.31	33.785
857.74	33.875
858.18	33.949
858.62	34.038
859.05	34.111
859.49	34.189
859.93	34.267
860.36	34.357
860.80	34.450
861.24	34.549
861.67	34.649
862.11	34.760
862.54	34.880
862.98	34.999
863.42	35.144
863.85	35.289
864.29	35.419
864.72	35.569
865.16	35.709
865.60	35.843
866.03	35.987
866.47	36.116
866.90	36.244
867.34	36.411
867.78	36.594
868.21	36.806
868.65	37.015
869.08	37.237
869.52	37.434
869.95	37.620
870.39	37.805
870.83	38.005
871.26	38.238
871.70	38.482
872.13	38.707
872.57	38.917
873.00	39.120
873.44	39.321
873.87	39.503
874.31	39.687
874.75	39.866
875.18	40.063
875.62	40.252
876.05	40.456
876.49	40.666
876.92	40.899
877.36	41.138
877.79	41.362
878.23	41.564
878.66	41.781
879.10	42.003
879.53	42.235
879.97	42.459
880.40	42.659
880.84	42.858
881.27	43.046
881.71	43.227
882.14	43.416
882.58	43.619
883.01	43.829
883.45	44.048
883.88	44.265
884.32	44.459
884.75	44.648
885.19	44.850
885.62	45.065
886.06	45.242
886.49	45.429
886.92	45.608
887.36	45.805
887.79	45.976
888.23	46.149
888.66	46.316
889.10	46.477
889.53	46.613
889.97	46.751
890.40	46.894
890.83	47.058
891.27	47.199
891.70	47.339
892.14	47.495
892.57	47.658
893.01	47.835
893.44	48.010
893.87	48.198
894.31	48.387
894.74	48.545
895.18	48.680
895.61	48.778
896.04	48.878
896.48	48.947
896.91	49.025
897.35	49.088
897.78	49.148
898.21	49.237
898.65	49.369
899.08	49.466
899.52	49.572
899.95	49.650
900.38	49.767
900.82	49.903
901.25	50.025
901.68	50.158
902.12	50.253
902.55	50.368
902.99	50.497
903.42	50.591
903.85	50.680
904.29	50.774
904.72	50.863
905.15	50.967
905.59	51.069
906.02	51.178
906.45	51.315
906.89	51.426
907.32	51.517
907.75	51.608
908.19	51.676
908.62	51.736
909.05	51.784
909.49	51.803
909.92	51.802
910.35	51.776
910.78	51.719
911.22	51.654
911.65	51.572
912.08	51.504
912.52	51.453
912.95	51.402
913.38	51.343
913.82	51.291
914.25	51.261
914.68	51.227
915.11	51.186
915.55	51.133
915.98	51.077
916.41	51.022
916.84	50.941
917.28	50.884
917.71	50.844
918.14	50.816
918.58	50.781
919.01	50.716
919.44	50.646
919.87	50.593
920.31	50.563
920.74	50.551
921.17	50.476
921.60	50.410
922.03	50.316
922.47	50.238
922.90	50.122
923.33	49.975
923.76	49.854
924.20	49.736
924.63	49.626
925.06	49.512
925.49	49.362
925.92	49.224
926.36	49.084
926.79	48.921
927.22	48.777
927.65	48.620
928.08	48.470
928.52	48.328
928.95	48.185
929.38	48.034
929.81	47.871
930.24	47.725
930.68	47.557
931.11	47.406
931.54	47.229
931.97	47.102
932.40	46.976
932.83	46.858
933.27	46.712
933.70	46.537
934.13	46.366
934.56	46.231
934.99	46.090
935.42	45.931
935.85	45.779
936.29	45.592
936.72	45.436
937.15	45.310
937.58	45.188
938.01	45.021
938.44	44.844
938.87	44.639
939.31	44.439
939.74	44.281
940.17	44.106
940.60	43.936
941.03	43.769
941.46	43.585
941.89	43.399
942.32	43.204
942.75	42.998
943.18	42.826
943.62	42.606
944.05	42.375
944.48	42.138
944.91	41.916
945.34	41.719
945.77	41.496
946.20	41.263
946.63	41.028
947.06	40.818
947.49	40.598
947.92	40.396
948.35	40.165
948.78	39.924
949.22	39.664
949.65	39.414
950.08	39.137
950.51	38.892
950.94	38.613
951.37	38.363
951.80	38.181
952.23	37.988
952.66	37.812
953.09	37.651
953.52	37.521
953.95	37.362
954.38	37.199
954.81	37.042
955.24	36.854
955.67	36.677
956.10	36.496
956.53	36.342
956.96	36.200
957.39	36.095
957.82	35.940
958.25	35.814
958.68	35.669
959.11	35.552
959.54	35.403
959.97	35.318
960.40	35.217
960.83	35.092
961.26	34.958
961.69	34.808
962.12	34.642
962.55	34.473
962.98	34.248
963.41	34.101
963.84	33.982
964.27	33.862
964.70	33.738
965.13	33.604
965.56	33.465
965.99	33.360
966.42	33.198
966.84	33.080
967.27	32.978
967.70	32.895
968.13	32.807
968.56	32.687
968.99	32.576
969.42	32.483
969.85	32.357
970.28	32.207
970.71	32.146
971.14	32.044
971.57	31.961
972.00	31.922
972.42	31.800
972.85	31.672
973.28	31.564
973.71	31.422
974.14	31.312
974.57	31.242
975.00	31.135
975.43	31.049
975.86	30.978
976.28	30.904
976.71	30.832
977.14	30.734
977.57	30.661
978.00	30.544
978.43	30.502
978.86	30.407
979.29	30.366
979.71	30.279
980.14	30.258
980.57	30.186
981.00	30.113
981.43	30.089
981.86	30.025
982.28	29.986
982.71	29.982
983.14	29.965
983.57	29.899
984.00	29.846
984.43	29.827
984.85	29.808
985.28	29.847
985.71	29.836
986.14	29.805
986.57	29.873
986.99	29.923
987.42	29.854
987.85	29.857
988.28	29.858
988.71	29.854
989.13	29.829
989.56	29.886
989.99	29.976
990.42	30.039
990.85	30.175
991.27	30.207
991.70	30.280
992.13	30.363
992.56	30.410
992.98	30.429
993.41	30.497
993.84	30.563
994.27	30.547
994.70	30.592
995.12	30.669
995.55	30.734
995.98	30.792
996.41	30.875
996.83	30.959
997.26	31.094
997.69	31.191
998.11	31.204
998.54	31.227
998.97	31.265
999.40	31.331
999.82	31.347
1000.25	31.440
1000.68	31.523
1001.11	31.648
1001.53	31.757
1001.96	31.830
1002.39	31.901
1002.81	31.985
1003.24	31.963
1003.67	32.015
1004.09	32.108
1004.52	32.135
1004.95	32.140
1005.38	32.208
1005.80	32.374
1006.23	32.422
1006.66	32.454
1007.08	32.547
1007.51	32.599
1007.94	32.708
1008.36	32.660
1008.79	32.681
1009.22	32.689
1009.64	32.649
1010.07	32.616
1010.50	32.610
1010.92	32.722
1011.35	32.806
1011.77	32.799
1012.20	32.898
1012.63	32.994
1013.05	33.002
1013.48	33.026
1013.91	33.097
1014.33	33.086
1014.76	33.070
1015.19	32.916
1015.61	32.831
1016.04	32.935
1016.46	33.078
1016.89	33.052
1017.32	33.104
1017.74	33.074
1018.17	33.227
1018.59	33.257
1019.02	33.297
1019.45	33.385
1019.87	33.353
1020.30	33.359
1020.72	33.363
1021.15	33.467
1021.58	33.491
1022.00	33.530
1022.43	33.515
1022.85	33.651
1023.28	33.770
1023.70	33.833
1024.13	34.042
1024.55	34.210
1024.98	34.236
1025.41	34.117
1025.83	34.171
1026.26	34.273
1026.68	34.383
1027.11	34.351
1027.53	34.405
1027.96	34.315
1028.38	34.400
1028.81	34.465
1029.23	34.457
1029.66	34.481
1030.08	34.595
1030.51	34.694
1030.94	34.750
1031.36	34.766
1031.79	34.760
1032.21	34.770
1032.64	34.736
1033.06	34.602
1033.49	34.547
1033.91	34.476
1034.34	34.466
1034.76	34.346
1035.19	34.392
1035.61	34.309
1036.03	34.205
1036.46	34.104
1036.88	33.999
1037.31	33.857
1037.73	33.667
1038.16	33.762
1038.58	33.707
1039.01	33.420
1039.43	33.215
1039.86	33.074
1040.28	32.944
1040.71	32.855
1041.13	32.614
1041.55	32.340
1041.98	32.331
1042.40	32.336
1042.83	32.097
1043.25	31.964
1043.68	31.784
1044.10	31.639
1044.52	31.480
1044.95	31.458
1045.37	31.410
1045.80	31.336
1046.22	31.254
1046.65	31.166
1047.07	30.820
1047.49	30.703
1047.92	30.332
1048.34	30.070
1048.77	30.114
1049.19	30.009
1049.61	29.570
1050.04	29.208
1050.46	28.975
1050.89	28.904
1051.31	28.298
1051.73	28.260
1052.16	28.040
1052.58	27.904
1053.00	27.739
1053.43	27.361
1053.85	26.857
1054.27	26.581
1054.70	26.360
1055.12	26.067
1055.55	25.808
1055.97	25.511
1056.39	25.289
1056.82	25.499
1057.24	25.322
1057.66	24.638
1058.09	24.354
1058.51	24.367
1058.93	23.979
1059.36	23.735
1059.78	23.187
1060.20	22.689
1060.62	22.287
1061.05	22.071
1061.47	21.688
1061.89	21.038
1062.32	20.741
1062.74	20.312
1063.16	20.299
1063.59	19.699
1064.01	19.299
1064.43	18.730
1064.85	18.337
1065.28	17.690
1065.70	16.963
1066.12	15.939
1066.55	15.762
1066.97	15.113
1067.39	13.962
1067.81	13.771
1068.24	12.932
1068.66	12.389
1069.08	11.923
1069.50	11.352
1069.93	10.539
1070.35	9.919
1070.77	8.996
1071.19	8.594
1071.62	8.265
1072.04	6.996
1072.46	6.176
1072.88	5.141
1073.31	4.754
1073.73	3.297
1074.15	2.052
1074.57	1.102
1075.00	0.223
1075.42	-1.521
1075.84	-2.990
1076.26	-4.193
1076.68	-5.597
1077.11	-6.615
1077.53	-7.969
1077.95	-8.693
1078.37	-10.293
1078.79	-11.292
1079.22	-12.844
1079.64	-14.565
1080.06	-15.904
1080.48	-18.586
1080.90	-20.103
1081.32	-21.280
1081.75	-23.262
1082.17	-25.349
1082.59	-26.813
1083.01	-28.370
1083.43	-30.187
1083.85	-31.104
1084.28	-32.640
1084.70	-34.079
1085.12	-34.931
1085.54	-36.995
1085.96	-38.919
1086.38	-41.692
1086.80	-42.568
1087.23	-43.575
1087.65	-45.443
1088.07	-48.429
1088.49	-50.001
1088.91	-52.203
1089.33	-53.669
1089.75	-58.035
1090.17	-60.066
1090.60	-62.632
1091.02	-65.434
1091.44	-67.324
1091.86	-69.652
1092.28	-72.413
1092.70	-75.788
1093.12	-80.056
1093.54	-82.449
1093.96	-86.290
1094.38	-88.737
1094.81	-95.049
1095.23	-96.734
1095.65	-100.468
1096.07	-103.227
1096.49	-109.444
1096.91	-110.816
1097.33	-113.469
1097.75	-119.593
1098.17	-123.680
1098.59	-125.770
1099.01	-127.897
1099.43	-131.953
1099.85	-138.971
1100.27	-143.626
1100.69	-149.240
1101.11	-152.804
1101.53	-157.247
1101.95	-160.260
1102.38	-135.507
1102.80	-274.520
1103.22	-119.477
1103.64	-184.924
1104.06	-307.665
1104.48	-172.251
1104.90	-288.957
1105.32	-190.460
1105.74	-166.761
1106.16	-290.560
