188.40	-148.247
188.88	-307.833
189.35	237.326
189.83	905.217
190.30	-1156.863
190.78	-195.192
191.26	-189.372
191.73	881.132
192.21	-1473.913
192.68	-142.939
193.16	-760.498
193.63	-894.829
194.11	-953.624
194.58	-895.539
195.06	-735.023
195.53	-478.721
196.01	-381.570
196.48	-335.345
196.96	-281.212
197.43	-230.115
197.91	-206.381
198.38	-181.821
198.86	-146.756
199.33	-118.479
199.81	-115.077
200.28	-112.342
200.76	-100.435
201.23	-86.326
201.71	-75.832
202.18	-70.689
202.66	-63.752
203.13	-58.374
203.61	-53.248
204.08	-44.422
204.55	-40.005
205.03	-36.410
205.50	-35.446
205.98	-36.180
206.45	-36.148
206.93	-34.172
207.40	-34.171
207.88	-33.202
208.35	-33.228
208.82	-35.925
209.30	-37.991
209.77	-36.421
210.25	-34.929
210.72	-35.005
211.20	-36.266
211.67	-33.156
212.14	-34.805
212.62	-34.216
213.09	-33.772
213.57	-31.507
214.04	-33.333
214.52	-33.421
214.99	-32.500
215.46	-31.906
215.94	-34.347
216.41	-34.284
216.89	-33.025
217.36	-31.174
217.83	-32.228
218.31	-31.985
218.78	-30.287
219.25	-28.650
219.73	-29.601
220.20	-31.773
220.68	-29.838
221.15	-29.285
221.62	-30.619
222.10	-30.737
222.57	-30.126
223.04	-29.199
223.52	-32.374
223.99	-34.257
224.47	-33.369
224.94	-32.172
225.41	-31.444
225.89	-31.724
226.36	-30.878
226.83	-32.775
227.31	-35.159
227.78	-35.052
228.25	-35.047
228.73	-32.526
229.20	-31.715
229.67	-31.791
230.15	-30.928
230.62	-30.983
231.09	-32.217
231.57	-33.770
232.04	-33.548
232.51	-32.740
232.98	-33.156
233.46	-33.381
233.93	-30.777
234.40	-30.555
234.88	-30.388
235.35	-33.165
235.82	-31.436
236.30	-28.117
236.77	-27.079
237.24	-30.407
237.71	-30.572
238.19	-30.281
238.66	-32.345
239.13	-34.285
239.61	-35.027
240.08	-32.956
240.55	-32.206
241.02	-32.109
241.50	-30.257
241.97	-28.245
242.44	-28.219
242.91	-29.967
243.39	-31.186
243.86	-29.774
244.33	-29.965
244.80	-32.442
245.28	-32.326
245.75	-30.746
246.22	-32.928
246.69	-32.409
247.17	-29.566
247.64	-28.220
248.11	-27.365
248.58	-26.844
249.05	-25.843
249.53	-25.416
250.00	-24.488
250.47	-25.485
250.94	-28.686
251.42	-28.719
251.89	-27.692
252.36	-27.824
252.83	-28.430
253.30	-24.946
253.78	-25.040
254.25	-24.104
254.72	-25.227
255.19	-24.218
255.66	-24.660
256.13	-25.746
256.61	-27.817
257.08	-28.379
257.55	-26.622
258.02	-27.132
258.49	-29.438
258.97	-31.044
259.44	-31.057
259.91	-32.583
260.38	-33.460
260.85	-31.677
261.32	-30.524
261.79	-30.801
262.27	-32.604
262.74	-29.786
263.21	-28.772
263.68	-29.694
264.15	-31.919
264.62	-32.006
265.09	-31.997
265.57	-31.194
266.04	-33.489
266.51	-31.616
266.98	-30.918
267.45	-33.161
267.92	-34.285
268.39	-33.697
268.86	-31.667
269.34	-28.899
269.81	-30.056
270.28	-29.876
270.75	-27.047
271.22	-28.014
271.69	-27.552
272.16	-27.257
272.63	-26.567
273.10	-26.264
273.57	-26.586
274.05	-25.976
274.52	-24.195
274.99	-23.490
275.46	-24.484
275.93	-23.583
276.40	-24.225
276.87	-22.953
277.34	-23.543
277.81	-23.694
278.28	-23.141
278.75	-22.467
279.22	-24.155
279.69	-25.906
280.16	-23.911
280.63	-23.995
281.11	-24.519
281.58	-26.199
282.05	-24.816
282.52	-24.231
282.99	-26.230
283.46	-28.032
283.93	-26.202
284.40	-24.703
284.87	-24.223
285.34	-24.326
285.81	-24.551
286.28	-20.752
286.75	-19.419
287.22	-19.839
287.69	-18.722
288.16	-15.868
288.63	-16.422
289.10	-17.482
289.57	-16.548
290.04	-15.166
290.51	-14.491
290.98	-15.675
291.45	-15.785
291.92	-15.685
292.39	-16.167
292.86	-17.016
293.33	-16.305
293.80	-15.939
294.27	-17.833
294.74	-20.477
295.21	-19.438
295.68	-16.683
296.15	-19.204
296.62	-22.213
297.09	-21.674
297.56	-20.905
298.03	-22.053
298.49	-22.871
298.96	-21.799
299.43	-19.200
299.90	-21.607
300.37	-22.438
300.84	-22.373
301.31	-19.759
301.78	-20.065
302.25	-21.002
302.72	-19.372
303.19	-17.813
303.66	-16.409
304.13	-15.863
304.60	-15.412
305.07	-15.495
305.53	-13.868
306.00	-14.081
306.47	-13.909
306.94	-12.929
307.41	-12.568
307.88	-13.258
308.35	-13.792
308.82	-13.004
309.29	-13.030
309.76	-12.670
310.22	-13.168
310.69	-12.222
311.16	-12.074
311.63	-11.079
312.10	-12.236
312.57	-11.857
313.04	-12.117
313.51	-12.748
313.97	-13.362
314.44	-12.760
314.91	-12.179
315.38	-13.579
315.85	-13.505
316.32	-12.294
316.79	-11.295
317.25	-11.223
317.72	-12.009
318.19	-11.561
318.66	-10.738
319.13	-10.932
319.60	-11.640
320.07	-10.496
320.53	-9.024
321.00	-8.978
321.47	-9.676
321.94	-9.159
322.41	-8.681
322.87	-8.045
323.34	-8.881
323.81	-7.225
324.28	-6.193
324.75	-6.444
325.22	-6.767
325.68	-7.662
326.15	-6.809
326.62	-7.221
327.09	-8.179
327.56	-7.162
328.02	-6.050
328.49	-6.976
328.96	-7.275
329.43	-6.976
329.89	-6.778
330.36	-6.886
330.83	-8.423
331.30	-8.464
331.77	-8.352
332.23	-8.375
332.70	-8.496
333.17	-9.767
333.64	-9.298
334.10	-8.905
334.57	-8.345
335.04	-9.375
335.51	-9.031
335.97	-8.770
336.44	-8.362
336.91	-8.706
337.38	-8.267
337.84	-8.022
338.31	-7.598
338.78	-7.231
339.24	-7.193
339.71	-6.280
340.18	-6.361
340.65	-5.819
341.11	-4.900
341.58	-3.484
342.05	-3.296
342.52	-3.214
342.98	-1.922
343.45	-1.794
343.92	-2.003
344.38	-2.727
344.85	-1.784
345.32	-0.947
345.78	-1.123
346.25	-0.677
346.72	-0.034
347.18	0.772
347.65	0.730
348.12	0.889
348.58	1.155
349.05	1.716
349.52	1.632
349.99	1.845
350.45	2.212
350.92	2.499
351.38	2.310
351.85	2.155
352.32	2.099
352.78	2.544
353.25	2.837
353.72	2.975
354.18	3.060
354.65	3.620
355.12	3.748
355.58	3.740
356.05	3.483
356.52	3.610
356.98	3.485
357.45	3.541
357.91	3.408
358.38	3.401
358.85	3.623
359.31	3.457
359.78	3.175
360.25	3.295
360.71	3.296
361.18	3.306
361.64	3.177
362.11	3.315
362.58	3.187
363.04	3.105
363.51	3.149
363.97	3.494
364.44	3.386
364.91	3.393
365.37	3.299
365.84	3.461
366.30	3.646
366.77	3.603
367.23	3.635
367.70	3.619
368.17	3.839
368.63	3.829
369.10	3.818
369.56	3.955
370.03	3.986
370.49	4.022
370.96	4.109
371.42	4.263
371.89	4.378
372.36	4.505
372.82	4.303
373.29	4.453
373.75	4.529
374.22	4.632
374.68	4.643
375.15	4.735
375.61	4.874
376.08	4.923
376.54	4.793
377.01	4.848
377.47	4.958
377.94	4.903
378.40	4.890
378.87	4.904
379.33	5.000
379.80	4.973
380.26	4.877
380.73	4.922
381.19	4.941
381.66	4.991
382.12	4.903
382.59	4.948
383.05	4.926
383.52	4.893
383.98	4.744
384.45	4.765
384.91	4.788
385.38	4.708
385.84	4.637
386.31	4.646
386.77	4.667
387.24	4.697
387.70	4.714
388.16	4.744
388.63	4.886
389.09	4.914
389.56	4.974
390.02	4.983
390.49	5.018
390.95	5.106
391.42	5.096
391.88	5.145
392.34	5.217
392.81	5.280
393.27	5.324
393.74	5.394
394.20	5.460
394.67	5.531
395.13	5.585
395.59	5.665
396.06	5.720
396.52	5.759
396.99	5.772
397.45	5.692
397.91	5.689
398.38	5.562
398.84	5.523
399.31	5.505
399.77	5.517
400.23	5.504
400.70	5.471
401.16	5.375
401.63	5.365
402.09	5.383
402.55	5.310
403.02	5.213
403.48	5.171
403.94	5.149
404.41	5.098
404.87	5.049
405.33	4.975
405.80	5.000
406.26	4.974
406.73	5.012
407.19	5.085
407.65	5.183
408.12	5.304
408.58	5.397
409.04	5.487
409.51	5.634
409.97	5.749
410.43	5.869
410.90	6.079
411.36	6.275
411.82	6.416
412.29	6.586
412.75	6.804
413.21	7.029
413.67	7.216
414.14	7.431
414.60	7.617
415.06	7.843
415.53	8.021
415.99	8.180
416.45	8.333
416.92	8.457
417.38	8.554
417.84	8.648
418.30	8.695
418.77	8.760
419.23	8.750
419.69	8.706
420.16	8.693
420.62	8.636
421.08	8.540
421.54	8.448
422.01	8.358
422.47	8.257
422.93	8.128
423.39	7.957
423.86	7.795
424.32	7.651
424.78	7.523
425.24	7.372
425.71	7.239
426.17	7.123
426.63	7.049
427.09	6.942
427.56	6.856
428.02	6.813
428.48	6.772
428.94	6.722
429.41	6.681
429.87	6.691
430.33	6.817
430.79	6.992
431.25	7.214
431.72	7.449
432.18	7.696
432.64	7.967
433.10	8.299
433.56	8.647
434.03	9.013
434.49	9.386
434.95	9.781
435.41	10.174
435.87	10.558
436.34	10.945
436.80	11.343
437.26	11.746
437.72	12.142
438.18	12.517
438.64	12.920
439.11	13.321
439.57	13.680
440.03	13.934
440.49	14.139
440.95	14.312
441.41	14.456
441.88	14.577
442.34	14.683
442.80	14.732
443.26	14.747
443.72	14.713
444.18	14.638
444.64	14.536
445.11	14.410
445.57	14.272
446.03	14.113
446.49	13.916
446.95	13.713
447.41	13.479
447.87	13.230
448.33	12.992
448.79	12.730
449.26	12.473
449.72	12.234
450.18	12.017
450.64	11.815
451.10	11.641
451.56	11.482
452.02	11.348
452.48	11.251
452.94	11.168
453.40	11.148
453.87	11.151
454.33	11.203
454.79	11.297
455.25	11.402
455.71	11.541
456.17	11.749
456.63	11.991
457.09	12.286
457.55	12.611
458.01	12.967
458.47	13.375
458.93	13.795
459.39	14.240
459.85	14.696
460.31	15.166
460.77	15.649
461.24	16.141
461.70	16.656
462.16	17.156
462.62	17.661
463.08	18.154
463.54	18.649
464.00	19.126
464.46	19.587
464.92	20.019
465.38	20.437
465.84	20.806
466.30	21.155
466.76	21.469
467.22	21.756
467.68	21.998
468.14	22.192
468.60	22.355
469.06	22.490
469.52	22.577
469.98	22.625
470.44	22.640
470.90	22.620
471.36	22.551
471.82	22.453
472.28	22.322
472.74	22.154
473.20	21.954
473.66	21.740
474.12	21.494
474.58	21.219
475.04	20.938
475.50	20.645
475.95	20.331
476.41	20.010
476.87	19.685
477.33	19.357
477.79	19.043
478.25	18.735
478.71	18.431
479.17	18.138
479.63	17.862
480.09	17.605
480.55	17.373
481.01	17.170
481.47	16.997
481.93	16.859
482.39	16.756
482.84	16.695
483.30	16.664
483.76	16.676
484.22	16.735
484.68	16.820
485.14	16.946
485.60	17.115
486.06	17.320
486.52	17.567
486.98	17.854
487.44	18.178
487.89	18.532
488.35	18.920
488.81	19.333
489.27	19.778
489.73	20.246
490.19	20.737
490.65	21.245
491.11	21.765
491.56	22.297
492.02	22.831
492.48	23.366
492.94	23.904
493.40	24.447
493.86	24.977
494.32	25.493
494.77	26.006
495.23	26.497
495.69	26.972
496.15	27.421
496.61	27.846
497.07	28.251
497.52	28.631
497.98	28.988
498.44	29.324
498.90	29.628
499.36	29.893
499.82	30.118
500.27	30.311
500.73	30.481
501.19	30.606
501.65	30.698
502.11	30.760
502.56	30.790
503.02	30.774
503.48	30.736
503.94	30.671
504.40	30.569
504.85	30.436
505.31	30.280
505.77	30.098
506.23	29.892
506.69	29.661
507.14	29.408
507.60	29.127
508.06	28.829
508.52	28.512
508.97	28.182
509.43	27.847
509.89	27.494
510.35	27.130
510.80	26.769
511.26	26.419
511.72	26.067
512.18	25.713
512.63	25.363
513.09	25.022
513.55	24.688
514.01	24.375
514.46	24.082
514.92	23.807
515.38	23.556
515.84	23.329
516.29	23.125
516.75	22.944
517.21	22.793
517.66	22.671
518.12	22.575
518.58	22.516
519.04	22.491
519.49	22.502
519.95	22.551
520.41	22.627
520.86	22.735
521.32	22.879
521.78	23.056
522.23	23.271
522.69	23.517
523.15	23.804
523.61	24.113
524.06	24.448
524.52	24.811
524.98	25.196
525.43	25.599
525.89	26.025
526.35	26.469
526.80	26.925
527.26	27.395
527.72	27.881
528.17	28.372
528.63	28.874
529.09	29.378
529.54	29.881
530.00	30.389
530.45	30.888
530.91	31.383
531.37	31.869
531.82	32.345
532.28	32.813
532.74	33.258
533.19	33.689
533.65	34.094
534.10	34.472
534.56	34.827
535.02	35.163
535.47	35.471
535.93	35.765
536.39	36.037
536.84	36.278
537.30	36.497
537.75	36.693
538.21	36.848
538.67	36.982
539.12	37.092
539.58	37.176
540.03	37.235
540.49	37.268
540.94	37.277
541.40	37.251
541.86	37.198
542.31	37.123
542.77	37.021
543.22	36.908
543.68	36.775
544.13	36.626
544.59	36.457
545.05	36.264
545.50	36.049
545.96	35.808
546.41	35.558
546.87	35.295
547.32	35.012
547.78	34.723
548.23	34.415
548.69	34.093
549.14	33.758
549.60	33.414
550.06	33.065
550.51	32.715
550.97	32.366
551.42	32.008
551.88	31.652
552.33	31.297
552.79	30.945
553.24	30.599
553.70	30.259
554.15	29.935
554.61	29.630
555.06	29.330
555.52	29.044
555.97	28.775
556.43	28.524
556.88	28.293
557.34	28.085
557.79	27.906
558.25	27.750
558.70	27.622
559.15	27.515
559.61	27.436
560.06	27.384
560.52	27.362
560.97	27.370
561.43	27.409
561.88	27.482
562.34	27.581
562.79	27.704
563.25	27.862
563.70	28.036
564.16	28.238
564.61	28.474
565.06	28.739
565.52	29.020
565.97	29.324
566.43	29.655
566.88	30.003
567.34	30.374
567.79	30.763
568.24	31.171
568.70	31.598
569.15	32.032
569.61	32.476
570.06	32.926
570.51	33.388
570.97	33.863
571.42	34.335
571.88	34.821
572.33	35.306
572.78	35.784
573.24	36.269
573.69	36.739
574.15	37.207
574.60	37.670
575.05	38.131
575.51	38.588
575.96	39.031
576.42	39.476
576.87	39.906
577.32	40.326
577.78	40.719
578.23	41.107
578.68	41.478
579.14	41.835
579.59	42.178
580.04	42.493
580.50	42.785
580.95	43.060
581.40	43.310
581.86	43.555
582.31	43.780
582.76	43.990
583.22	44.183
583.67	44.353
584.12	44.508
584.58	44.629
585.03	44.723
585.48	44.795
585.94	44.831
586.39	44.841
586.84	44.838
587.30	44.830
587.75	44.789
588.20	44.735
588.66	44.660
589.11	44.562
589.56	44.450
590.01	44.322
590.47	44.166
590.92	43.997
591.37	43.808
591.83	43.594
592.28	43.355
592.73	43.106
593.18	42.841
593.64	42.559
594.09	42.267
594.54	41.972
594.99	41.672
595.45	41.359
595.90	41.034
596.35	40.693
596.80	40.343
597.26	39.988
597.71	39.620
598.16	39.249
598.61	38.878
599.07	38.505
599.52	38.123
599.97	37.754
600.42	37.380
600.88	36.997
601.33	36.624
601.78	36.260
602.23	35.891
602.69	35.532
603.14	35.178
603.59	34.836
604.04	34.501
604.49	34.170
604.95	33.850
605.40	33.555
605.85	33.280
606.30	33.008
606.75	32.755
607.21	32.525
607.66	32.313
608.11	32.119
608.56	31.940
609.01	31.785
609.46	31.650
609.92	31.536
610.37	31.449
610.82	31.387
611.27	31.350
611.72	31.338
612.17	31.348
612.63	31.377
613.08	31.429
613.53	31.499
613.98	31.602
614.43	31.730
614.88	31.871
615.34	32.030
615.79	32.212
616.24	32.410
616.69	32.627
617.14	32.860
617.59	33.109
618.04	33.380
618.49	33.664
618.95	33.959
619.40	34.265
619.85	34.595
620.30	34.929
620.75	35.265
621.20	35.618
621.65	35.978
622.10	36.350
622.55	36.732
623.00	37.120
623.46	37.507
623.91	37.891
624.36	38.284
624.81	38.677
625.26	39.072
625.71	39.465
626.16	39.867
626.61	40.261
627.06	40.654
627.51	41.050
627.96	41.437
628.41	41.818
628.86	42.187
629.32	42.547
629.77	42.902
630.22	43.257
630.67	43.598
631.12	43.931
631.57	44.265
632.02	44.586
632.47	44.885
632.92	45.187
633.37	45.488
633.82	45.769
634.27	46.031
634.72	46.279
635.17	46.515
635.62	46.727
636.07	46.928
636.52	47.099
636.97	47.263
637.42	47.415
637.87	47.550
638.32	47.680
638.77	47.797
639.22	47.910
639.67	47.995
640.12	48.068
640.57	48.124
641.02	48.152
641.47	48.164
641.92	48.176
642.37	48.158
642.82	48.110
643.27	48.049
643.72	47.980
644.17	47.894
644.62	47.802
645.07	47.695
645.52	47.583
645.97	47.471
646.42	47.333
646.87	47.187
647.32	47.049
647.77	46.899
648.22	46.730
648.66	46.535
649.11	46.330
649.56	46.099
650.01	45.866
650.46	45.628
650.91	45.392
651.36	45.131
651.81	44.856
652.26	44.592
652.71	44.308
653.16	44.019
653.61	43.729
654.06	43.426
654.50	43.116
654.95	42.793
655.40	42.462
655.85	42.136
656.30	41.796
656.75	41.442
657.20	41.085
657.65	40.732
658.10	40.374
658.55	40.031
658.99	39.706
659.44	39.374
659.89	39.043
660.34	38.699
660.79	38.363
661.24	38.047
661.69	37.729
662.13	37.423
662.58	37.114
663.03	36.814
663.48	36.519
663.93	36.236
664.38	35.967
664.83	35.709
665.27	35.450
665.72	35.201
666.17	34.964
666.62	34.734
667.07	34.511
667.52	34.304
667.96	34.096
668.41	33.895
668.86	33.713
669.31	33.544
669.76	33.397
670.21	33.266
670.65	33.152
671.10	33.039
671.55	32.947
672.00	32.873
672.45	32.816
672.89	32.771
673.34	32.739
673.79	32.718
674.24	32.706
674.68	32.708
675.13	32.729
675.58	32.769
676.03	32.819
676.48	32.878
676.92	32.952
677.37	33.048
677.82	33.159
678.27	33.269
678.71	33.390
679.16	33.527
679.61	33.673
680.06	33.823
680.50	33.990
680.95	34.187
681.40	34.385
681.85	34.577
682.29	34.789
682.74	35.011
683.19	35.239
683.64	35.479
684.08	35.738
684.53	36.011
684.98	36.292
685.43	36.585
685.87	36.881
686.32	37.175
686.77	37.465
687.21	37.745
687.66	38.051
688.11	38.373
688.55	38.682
689.00	38.984
689.45	39.312
689.90	39.648
690.34	39.962
690.79	40.273
691.24	40.598
691.68	40.918
692.13	41.219
692.58	41.510
693.02	41.814
693.47	42.105
693.92	42.381
694.36	42.644
694.81	42.920
695.26	43.197
695.70	43.466
696.15	43.734
696.60	44.014
697.04	44.278
697.49	44.519
697.94	44.748
698.38	44.993
698.83	45.219
699.27	45.435
699.72	45.630
700.17	45.838
700.61	46.039
701.06	46.232
701.51	46.422
701.95	46.615
702.40	46.805
702.84	46.984
703.29	47.161
703.74	47.322
704.18	47.463
704.63	47.594
705.07	47.718
705.52	47.840
705.97	47.949
706.41	48.035
706.86	48.104
707.30	48.184
707.75	48.263
708.20	48.326
708.64	48.362
709.09	48.394
709.53	48.417
709.98	48.429
710.42	48.420
710.87	48.394
711.32	48.361
711.76	48.307
712.21	48.253
712.65	48.184
713.10	48.120
713.54	48.048
713.99	47.965
714.43	47.880
714.88	47.771
715.33	47.639
715.77	47.520
716.22	47.413
716.66	47.292
717.11	47.142
717.55	46.996
718.00	46.851
718.44	46.700
718.89	46.524
719.33	46.361
719.78	46.199
720.22	46.037
720.67	45.869
721.11	45.688
721.56	45.504
722.00	45.305
722.45	45.097
722.89	44.884
723.34	44.664
723.78	44.464
724.23	44.261
724.67	44.053
725.12	43.830
725.56	43.589
726.01	43.345
726.45	43.102
726.90	42.838
727.34	42.567
727.78	42.314
728.23	42.063
728.67	41.788
729.12	41.512
729.56	41.253
730.01	40.981
730.45	40.693
730.90	40.392
731.34	40.126
731.79	39.862
732.23	39.586
732.67	39.298
733.12	38.992
733.56	38.719
734.01	38.457
734.45	38.180
734.89	37.923
735.34	37.681
735.78	37.443
736.23	37.199
736.67	36.959
737.12	36.719
737.56	36.484
738.00	36.251
738.45	36.028
738.89	35.809
739.34	35.619
739.78	35.461
740.22	35.302
740.67	35.118
741.11	34.931
741.55	34.768
742.00	34.620
742.44	34.477
742.89	34.317
743.33	34.172
743.77	34.058
744.22	33.947
744.66	33.825
745.10	33.698
745.55	33.587
745.99	33.503
746.43	33.426
746.88	33.352
747.32	33.280
747.76	33.225
748.21	33.192
748.65	33.146
749.09	33.088
749.54	33.038
749.98	33.017
750.42	33.016
750.87	33.004
751.31	33.001
751.75	33.017
752.20	33.057
752.64	33.108
753.08	33.154
753.53	33.191
753.97	33.252
754.41	33.336
754.85	33.434
755.30	33.526
755.74	33.619
756.18	33.739
756.63	33.891
757.07	34.045
757.51	34.167
757.95	34.305
758.40	34.468
758.84	34.640
759.28	34.811
759.72	34.977
760.17	35.167
760.61	35.365
761.05	35.569
761.50	35.762
761.94	35.952
762.38	36.141
762.82	36.365
763.26	36.584
763.71	36.799
764.15	37.016
764.59	37.220
765.03	37.427
765.48	37.635
765.92	37.827
766.36	38.006
766.80	38.216
767.25	38.439
767.69	38.659
768.13	38.901
768.57	39.147
769.01	39.396
769.46	39.635
769.90	39.870
770.34	40.094
770.78	40.322
771.22	40.569
771.67	40.835
772.11	41.088
772.55	41.339
772.99	41.574
773.43	41.799
773.87	42.057
774.32	42.323
774.76	42.575
775.20	42.805
775.64	43.056
776.08	43.329
776.52	43.574
776.97	43.814
777.41	44.027
777.85	44.236
778.29	44.454
778.73	44.679
779.17	44.915
779.62	45.139
780.06	45.357
780.50	45.564
780.94	45.761
781.38	45.954
781.82	46.136
782.26	46.327
782.70	46.522
783.15	46.707
783.59	46.886
784.03	47.043
784.47	47.206
784.91	47.348
785.35	47.462
785.79	47.595
786.23	47.722
786.67	47.843
787.11	47.967
787.56	48.081
788.00	48.181
788.44	48.277
788.88	48.383
789.32	48.481
789.76	48.564
790.20	48.646
790.64	48.732
791.08	48.827
791.52	48.900
791.96	48.953
792.40	48.997
792.84	49.053
793.28	49.135
793.73	49.218
794.17	49.286
794.61	49.341
795.05	49.389
795.49	49.406
795.93	49.420
796.37	49.419
796.81	49.414
797.25	49.432
797.69	49.423
798.13	49.396
798.57	49.367
799.01	49.340
799.45	49.286
799.89	49.208
800.33	49.125
800.77	49.065
801.21	49.021
801.65	48.948
802.09	48.853
802.53	48.747
802.97	48.631
803.41	48.528
803.85	48.432
804.29	48.329
804.73	48.266
805.17	48.173
805.61	48.063
806.05	47.941
806.49	47.778
806.93	47.642
807.37	47.514
807.81	47.395
808.25	47.264
808.69	47.124
809.13	46.977
809.57	46.824
810.01	46.668
810.44	46.487
810.88	46.319
811.32	46.150
811.76	45.980
812.20	45.809
812.64	45.632
813.08	45.444
813.52	45.237
813.96	45.001
814.40	44.802
814.84	44.616
815.28	44.431
815.72	44.258
816.16	44.062
816.59	43.869
817.03	43.664
817.47	43.472
817.91	43.293
818.35	43.120
818.79	42.952
819.23	42.764
819.67	42.578
820.11	42.394
820.54	42.199
820.98	41.992
821.42	41.791
821.86	41.580
822.30	41.367
822.74	41.175
823.18	40.974
823.62	40.763
824.05	40.550
824.49	40.357
824.93	40.163
825.37	39.973
825.81	39.784
826.25	39.583
826.69	39.344
827.12	39.102
827.56	38.872
828.00	38.648
828.44	38.445
828.88	38.246
829.32	38.039
829.75	37.842
830.19	37.657
830.63	37.454
831.07	37.259
831.51	37.067
831.94	36.869
832.38	36.675
832.82	36.495
833.26	36.331
833.70	36.171
834.13	36.006
834.57	35.845
835.01	35.682
835.45	35.538
835.89	35.413
836.32	35.302
836.76	35.168
837.20	35.025
837.64	34.886
838.08	34.768
838.51	34.687
838.95	34.599
839.39	34.502
839.83	34.427
840.26	34.362
840.70	34.308
841.14	34.249
841.58	34.214
842.01	34.176
842.45	34.134
842.89	34.077
843.33	34.021
843.76	33.972
844.20	33.940
844.64	33.907
845.08	33.882
845.51	33.855
845.95	33.853
846.39	33.850
846.82	33.845
847.26	33.839
847.70	33.801
848.14	33.776
848.57	33.776
849.01	33.788
849.45	33.788
849.88	33.778
850.32	33.787
850.76	33.809
851.19	33.849
851.63	33.889
852.07	33.939
852.50	34.014
852.94	34.073
853.38	34.115
853.81	34.173
854.25	34.248
854.69	34.329
855.12	34.415
855.56	34.514
856.00	34.620
856.43	34.739
856.87	34.873
857.31	35.017
857.74	35.153
858.18	35.271
858.62	35.406
859.05	35.548
859.49	35.679
859.93	35.799
860.36	35.920
860.80	36.056
861.24	36.188
861.67	36.308
862.11	36.437
862.54	36.571
862.98	36.718
863.42	36.887
863.85	37.060
864.29	37.235
864.72	37.408
865.16	37.574
865.60	37.733
866.03	37.888
866.47	38.038
866.90	38.192
867.34	38.376
867.78	38.570
868.21	38.785
868.65	39.026
869.08	39.261
869.52	39.469
869.95	39.658
870.39	39.853
870.83	40.060
871.26	40.291
871.70	40.544
872.13	40.779
872.57	40.993
873.00	41.187
873.44	41.377
873.87	41.559
874.31	41.757
874.75	41.945
875.18	42.138
875.62	42.344
876.05	42.544
876.49	42.747
876.92	42.986
877.36	43.213
877.79	43.414
878.23	43.603
878.66	43.794
879.10	44.009
879.53	44.229
879.97	44.449
880.40	44.644
880.84	44.828
881.27	45.006
881.71	45.168
882.14	45.342
882.58	45.521
883.01	45.712
883.45	45.896
883.88	46.083
884.32	46.254
884.75	46.427
885.19	46.609
885.62	46.789
886.06	46.939
886.49	47.097
886.92	47.256
887.36	47.440
887.79	47.620
888.23	47.785
888.66	47.932
889.10	48.049
889.53	48.182
889.97	48.317
890.40	48.441
890.83	48.556
891.27	48.675
891.70	48.817
892.14	48.959
892.57	49.104
893.01	49.268
893.44	49.443
893.87	49.588
894.31	49.761
894.74	49.901
895.18	50.014
895.61	50.108
896.04	50.167
896.48	50.229
896.91	50.296
897.35	50.335
897.78	50.380
898.21	50.439
898.65	50.513
899.08	50.584
899.52	50.655
899.95	50.744
900.38	50.855
900.82	50.951
901.25	51.041
901.68	51.116
902.12	51.164
902.55	51.227
902.99	51.315
903.42	51.367
903.85	51.417
904.29	51.495
904.72	51.537
905.15	51.600
905.59	51.641
906.02	51.697
906.45	51.769
906.89	51.839
907.32	51.922
907.75	52.003
908.19	52.023
908.62	52.037
909.05	52.028
909.49	51.994
909.92	51.949
910.35	51.899
910.78	51.814
911.22	51.736
911.65	51.638
912.08	51.533
912.52	51.447
912.95	51.382
913.38	51.269
913.82	51.177
914.25	51.111
914.68	51.047
915.11	50.965
915.55	50.887
915.98	50.813
916.41	50.704
916.84	50.573
917.28	50.483
917.71	50.407
918.14	50.372
918.58	50.303
919.01	50.194
919.44	50.095
919.87	50.039
920.31	50.001
920.74	49.947
921.17	49.838
921.60	49.741
922.03	49.627
922.47	49.505
922.90	49.380
923.33	49.228
923.76	49.093
924.20	48.965
924.63	48.834
925.06	48.699
925.49	48.538
925.92	48.376
926.36	48.231
926.79	48.071
927.22	47.908
927.65	47.740
928.08	47.601
928.52	47.487
928.95	47.342
929.38	47.171
929.81	47.016
930.24	46.881
930.68	46.726
931.11	46.556
931.54	46.408
931.97	46.299
932.40	46.190
932.83	46.055
933.27	45.925
933.70	45.744
934.13	45.592
934.56	45.458
934.99	45.301
935.42	45.131
935.85	44.966
936.29	44.774
936.72	44.616
937.15	44.465
937.58	44.287
938.01	44.123
938.44	43.931
938.87	43.748
939.31	43.594
939.74	43.418
940.17	43.238
940.60	43.068
941.03	42.892
941.46	42.688
941.89	42.486
942.32	42.295
942.75	42.146
943.18	41.959
943.62	41.787
944.05	41.583
944.48	41.397
944.91	41.204
945.34	40.997
945.77	40.801
946.20	40.605
946.63	40.422
947.06	40.212
947.49	39.998
947.92	39.809
948.35	39.600
948.78	39.351
949.22	39.133
949.65	38.917
950.08	38.667
950.51	38.460
950.94	38.258
951.37	38.077
951.80	37.882
952.23	37.705
952.66	37.541
953.09	37.429
953.52	37.279
953.95	37.134
954.38	36.990
954.81	36.858
955.24	36.732
955.67	36.560
956.10	36.404
956.53	36.299
956.96	36.190
957.39	36.061
957.82	35.951
958.25	35.850
958.68	35.743
959.11	35.650
959.54	35.537
959.97	35.434
960.40	35.348
960.83	35.253
961.26	35.140
961.69	35.028
962.12	34.878
962.55	34.740
962.98	34.606
963.41	34.505
963.84	34.418
964.27	34.299
964.70	34.196
965.13	34.121
965.56	34.036
965.99	33.922
966.42	33.832
966.84	33.774
967.27	33.749
967.70	33.683
968.13	33.635
968.56	33.613
968.99	33.574
969.42	33.463
969.85	33.356
970.28	33.245
970.71	33.188
971.14	33.133
971.57	33.079
972.00	33.018
972.42	32.974
972.85	32.916
973.28	32.827
973.71	32.738
974.14	32.714
974.57	32.671
975.00	32.600
975.43	32.574
975.86	32.554
976.28	32.526
976.71	32.481
977.14	32.388
977.57	32.342
978.00	32.310
978.43	32.312
978.86	32.337
979.29	32.387
979.71	32.367
980.14	32.377
980.57	32.366
981.00	32.423
981.43	32.459
981.86	32.469
982.28	32.548
982.71	32.612
983.14	32.628
983.57	32.605
984.00	32.608
984.43	32.626
984.85	32.675
985.28	32.675
985.71	32.752
986.14	32.836
986.57	32.889
986.99	32.938
987.42	32.926
987.85	32.960
988.28	33.072
988.71	33.106
989.13	33.164
989.56	33.266
989.99	33.388
990.42	33.486
990.85	33.542
991.27	33.603
991.70	33.699
992.13	33.718
992.56	33.831
992.98	33.932
993.41	34.096
993.84	34.147
994.27	34.197
994.70	34.304
995.12	34.446
995.55	34.512
995.98	34.571
996.41	34.680
996.83	34.847
997.26	34.939
997.69	35.076
998.11	35.152
998.54	35.289
998.97	35.400
999.40	35.485
999.82	35.628
1000.25	35.815
1000.68	35.922
1001.11	36.048
1001.53	36.164
1001.96	36.250
1002.39	36.301
1002.81	36.423
1003.24	36.532
1003.67	36.656
1004.09	36.756
1004.52	36.881
1004.95	36.997
1005.38	37.088
1005.80	37.143
1006.23	37.174
1006.66	37.229
1007.08	37.392
1007.51	37.511
1007.94	37.534
1008.36	37.535
1008.79	37.626
1009.22	37.632
1009.64	37.738
1010.07	37.806
1010.50	37.926
1010.92	38.077
1011.35	38.142
1011.77	38.226
1012.20	38.338
1012.63	38.433
1013.05	38.539
1013.48	38.556
1013.91	38.710
1014.33	38.930
1014.76	39.044
1015.19	39.162
1015.61	39.217
1016.04	39.480
1016.46	39.519
1016.89	39.571
1017.32	39.834
1017.74	39.958
1018.17	40.051
1018.59	40.110
1019.02	40.234
1019.45	40.440
1019.87	40.476
1020.30	40.485
1020.72	40.642
1021.15	40.795
1021.58	40.877
1022.00	40.912
1022.43	40.982
1022.85	41.125
1023.28	41.099
1023.70	41.076
1024.13	41.080
1024.55	41.166
1024.98	41.028
1025.41	41.012
1025.83	41.015
1026.26	41.075
1026.68	41.113
1027.11	41.121
1027.53	41.148
1027.96	41.162
1028.38	41.189
1028.81	41.257
1029.23	41.364
1029.66	41.501
1030.08	41.489
1030.51	41.482
1030.94	41.534
1031.36	41.638
1031.79	41.542
1032.21	41.528
1032.64	41.608
1033.06	41.548
1033.49	41.602
1033.91	41.508
1034.34	41.506
1034.76	41.578
1035.19	41.569
1035.61	41.479
1036.03	41.379
1036.46	41.452
1036.88	41.290
1037.31	41.021
1037.73	41.010
1038.16	41.045
1038.58	40.907
1039.01	40.785
1039.43	40.690
1039.86	40.822
1040.28	40.829
1040.71	40.977
1041.13	41.222
1041.55	40.936
1041.98	41.127
1042.40	41.090
1042.83	41.051
1043.25	41.165
1043.68	41.208
1044.10	40.928
1044.52	40.776
1044.95	40.907
1045.37	40.841
1045.80	41.016
1046.22	41.066
1046.65	41.150
1047.07	41.113
1047.49	41.151
1047.92	41.040
1048.34	40.822
1048.77	40.789
1049.19	40.511
1049.61	40.029
1050.04	39.735
1050.46	39.969
1050.89	39.883
1051.31	39.844
1051.73	39.831
1052.16	40.004
1052.58	39.641
1053.00	39.689
1053.43	39.969
1053.85	39.947
1054.27	39.879
1054.70	39.758
1055.12	39.492
1055.55	39.524
1055.97	39.306
1056.39	39.117
1056.82	39.355
1057.24	39.671
1057.66	39.358
1058.09	39.293
1058.51	39.193
1058.93	38.868
1059.36	38.864
1059.78	38.397
1060.20	38.063
1060.62	37.782
1061.05	37.334
1061.47	37.081
1061.89	36.630
1062.32	36.344
1062.74	36.007
1063.16	35.201
1063.59	34.960
1064.01	34.815
1064.43	34.448
1064.85	34.310
1065.28	33.638
1065.70	33.363
1066.12	32.636
1066.55	32.362
1066.97	32.361
1067.39	32.192
1067.81	32.416
1068.24	31.598
1068.66	31.388
1069.08	31.276
1069.50	30.905
1069.93	30.388
1070.35	30.062
1070.77	29.853
1071.19	29.373
1071.62	28.718
1072.04	28.839
1072.46	28.192
1072.88	28.205
1073.31	27.534
1073.73	26.957
1074.15	27.058
1074.57	26.684
1075.00	26.382
1075.42	25.143
1075.84	24.620
1076.26	24.527
1076.68	23.580
1077.11	23.491
1077.53	22.797
1077.95	22.242
1078.37	21.297
1078.79	20.926
1079.22	20.703
1079.64	20.608
1080.06	20.110
1080.48	20.011
1080.90	18.886
1081.32	18.968
1081.75	17.940
1082.17	17.269
1082.59	16.570
1083.01	15.354
1083.43	14.109
1083.85	12.989
1084.28	12.381
1084.70	11.140
1085.12	9.883
1085.54	7.808
1085.96	6.463
1086.38	5.556
1086.80	5.171
1087.23	4.665
1087.65	3.047
1088.07	2.086
1088.49	-0.222
1088.91	-3.274
1089.33	-5.383
1089.75	-5.991
1090.17	-7.137
1090.60	-9.036
1091.02	-10.873
1091.44	-11.624
1091.86	-12.912
1092.28	-14.446
1092.70	-15.640
1093.12	-17.977
1093.54	-19.546
1093.96	-20.676
1094.38	-22.193
1094.81	-23.968
1095.23	-24.166
1095.65	-27.656
1096.07	-28.999
1096.49	-31.861
1096.91	-31.447
1097.33	-32.335
1097.75	-34.184
1098.17	-35.009
1098.59	-34.751
1099.01	-36.544
1099.43	-38.838
1099.85	-42.350
1100.27	-45.337
1100.69	-45.713
1101.11	-47.759
1101.53	-48.913
1101.95	-50.237
1102.38	-30.515
1102.80	-36.108
1103.22	-30.814
1103.64	-81.267
1104.06	-143.672
1104.48	-52.415
1104.90	-67.362
1105.32	-71.379
1105.74	-34.742
1106.16	-153.600
