188.40	-163.940
188.88	-336.031
189.35	483.008
189.83	1103.478
190.30	-1452.941
190.78	-300.000
191.26	-375.362
191.73	1398.113
192.21	-1546.377
192.68	-211.641
193.16	-1141.518
193.63	-1339.151
194.11	-1420.519
194.58	-1321.120
195.06	-1082.470
195.53	-700.781
196.01	-579.566
196.48	-511.051
196.96	-423.083
197.43	-356.315
197.91	-321.924
198.38	-290.653
198.86	-238.152
199.33	-198.687
199.81	-190.236
200.28	-183.442
200.76	-165.039
201.23	-150.702
201.71	-138.148
202.18	-129.089
202.66	-116.146
203.13	-109.359
203.61	-106.444
204.08	-99.651
204.55	-89.804
205.03	-85.097
205.50	-85.667
205.98	-86.469
206.45	-81.886
206.93	-78.362
207.40	-79.457
207.88	-78.798
208.35	-76.382
208.82	-79.109
209.30	-81.556
209.77	-81.595
210.25	-78.965
210.72	-77.863
211.20	-78.029
211.67	-76.240
212.14	-73.114
212.62	-73.767
213.09	-72.177
213.57	-70.299
214.04	-69.752
214.52	-69.478
214.99	-68.063
215.46	-69.921
215.94	-70.359
216.41	-70.543
216.89	-68.519
217.36	-68.869
217.83	-68.210
218.31	-68.724
218.78	-66.873
219.25	-66.886
219.73	-66.571
220.20	-66.103
220.68	-62.805
221.15	-62.933
221.62	-62.925
222.10	-63.951
222.57	-61.952
223.04	-61.322
223.52	-64.105
223.99	-64.245
224.47	-65.238
224.94	-67.889
225.41	-67.268
225.89	-66.157
226.36	-68.546
226.83	-74.117
227.31	-74.940
227.78	-75.423
228.25	-73.632
228.73	-75.993
229.20	-74.051
229.67	-73.447
230.15	-72.988
230.62	-74.277
231.09	-77.411
231.57	-78.894
232.04	-76.884
232.51	-79.495
232.98	-82.242
233.46	-80.194
233.93	-81.428
234.40	-79.013
234.88	-78.887
235.35	-77.926
235.82	-76.175
236.30	-73.773
236.77	-72.049
237.24	-74.075
237.71	-72.163
238.19	-70.965
238.66	-69.226
239.13	-70.074
239.61	-69.426
240.08	-71.236
240.55	-70.320
241.02	-66.773
241.50	-65.702
241.97	-64.608
242.44	-65.003
242.91	-62.377
243.39	-61.416
243.86	-59.505
244.33	-61.310
244.80	-60.978
245.28	-62.094
245.75	-61.578
246.22	-64.174
246.69	-64.173
247.17	-61.725
247.64	-63.349
248.11	-65.151
248.58	-65.721
249.05	-66.814
249.53	-64.785
250.00	-66.185
250.47	-67.732
250.94	-70.636
251.42	-72.076
251.89	-72.762
252.36	-70.628
252.83	-72.944
253.30	-70.942
253.78	-72.000
254.25	-70.527
254.72	-70.361
255.19	-70.174
255.66	-69.298
256.13	-68.779
256.61	-68.458
257.08	-67.773
257.55	-68.701
258.02	-66.454
258.49	-67.083
258.97	-68.302
259.44	-70.168
259.91	-68.059
260.38	-67.504
260.85	-64.911
261.32	-64.673
261.79	-62.985
262.27	-63.959
262.74	-61.608
263.21	-60.946
263.68	-62.062
264.15	-62.597
264.62	-63.410
265.09	-65.374
265.57	-67.517
266.04	-68.269
266.51	-68.296
266.98	-68.382
267.45	-67.110
267.92	-67.562
268.39	-67.612
268.86	-66.783
269.34	-64.656
269.81	-64.882
270.28	-65.697
270.75	-63.759
271.22	-63.620
271.69	-63.264
272.16	-62.448
272.63	-63.987
273.10	-63.033
273.57	-62.760
274.05	-63.134
274.52	-60.259
274.99	-58.579
275.46	-56.309
275.93	-55.182
276.40	-56.117
276.87	-54.899
277.34	-54.718
277.81	-56.445
278.28	-55.892
278.75	-56.907
279.22	-57.235
279.69	-56.747
280.16	-56.993
280.63	-56.054
281.11	-57.053
281.58	-57.650
282.05	-57.339
282.52	-56.982
282.99	-57.074
283.46	-57.370
283.93	-57.063
284.40	-58.622
284.87	-58.076
285.34	-58.949
285.81	-59.004
286.28	-56.906
286.75	-54.488
287.22	-54.276
287.69	-54.883
288.16	-52.526
288.63	-49.748
289.10	-49.605
289.57	-48.750
290.04	-47.485
290.51	-47.548
290.98	-46.334
291.45	-47.382
291.92	-47.496
292.39	-46.075
292.86	-47.633
293.33	-45.569
293.80	-44.999
294.27	-43.374
294.74	-45.195
295.21	-44.173
295.68	-42.978
296.15	-43.786
296.62	-46.230
297.09	-47.215
297.56	-45.742
298.03	-44.700
298.49	-44.112
298.96	-44.568
299.43	-43.779
299.90	-43.372
300.37	-43.486
300.84	-43.487
301.31	-42.462
301.78	-41.136
302.25	-41.828
302.72	-40.757
303.19	-40.732
303.66	-39.730
304.13	-39.569
304.60	-36.997
305.07	-38.555
305.53	-37.286
306.00	-36.630
306.47	-37.192
306.94	-35.826
307.41	-35.049
307.88	-35.515
308.35	-36.594
308.82	-36.078
309.29	-36.675
309.76	-35.542
310.22	-35.232
310.69	-35.417
311.16	-34.696
311.63	-33.180
312.10	-32.733
312.57	-33.257
313.04	-32.648
313.51	-33.054
313.97	-33.851
314.44	-34.531
314.91	-33.480
315.38	-32.661
315.85	-31.903
316.32	-31.054
316.79	-29.584
317.25	-29.513
317.72	-30.952
318.19	-30.621
318.66	-29.907
319.13	-28.011
319.60	-29.201
320.07	-30.209
320.53	-28.506
321.00	-27.993
321.47	-28.726
321.94	-28.919
322.41	-29.012
322.87	-28.389
323.34	-28.130
323.81	-26.687
324.28	-25.950
324.75	-25.609
325.22	-26.007
325.68	-26.316
326.15	-26.571
326.62	-26.448
327.09	-26.312
327.56	-26.471
328.02	-25.908
328.49	-26.680
328.96	-27.718
329.43	-27.817
329.89	-28.992
330.36	-28.434
330.83	-29.578
331.30	-30.903
331.77	-30.727
332.23	-28.870
332.70	-28.324
333.17	-28.359
333.64	-29.805
334.10	-28.779
334.57	-27.520
335.04	-27.731
335.51	-27.021
335.97	-25.835
336.44	-25.754
336.91	-25.592
337.38	-25.358
337.84	-24.160
338.31	-22.326
338.78	-21.635
339.24	-20.406
339.71	-17.746
340.18	-16.786
340.65	-16.060
341.11	-15.195
341.58	-13.464
342.05	-13.700
342.52	-13.230
342.98	-12.810
343.45	-11.210
343.92	-10.851
344.38	-11.079
344.85	-11.000
345.32	-10.432
345.78	-9.952
346.25	-9.603
346.72	-9.188
347.18	-8.455
347.65	-8.234
348.12	-8.168
348.58	-8.141
349.05	-7.695
349.52	-7.587
349.99	-7.749
350.45	-7.461
350.92	-7.032
351.38	-6.912
351.85	-6.368
352.32	-6.215
352.78	-5.528
353.25	-5.016
353.72	-4.548
354.18	-4.615
354.65	-4.089
355.12	-3.748
355.58	-3.687
356.05	-3.681
356.52	-3.389
356.98	-3.078
357.45	-2.964
357.91	-2.938
358.38	-2.771
358.85	-2.458
359.31	-2.085
359.78	-2.147
360.25	-1.865
360.71	-1.478
361.18	-1.194
361.64	-1.347
362.11	-1.455
362.58	-1.298
363.04	-1.282
363.51	-1.287
363.97	-1.098
364.44	-0.930
364.91	-0.888
365.37	-0.659
365.84	-0.580
366.30	-0.341
366.77	-0.213
367.23	-0.251
367.70	-0.310
368.17	0.024
368.63	0.327
369.10	0.403
369.56	0.401
370.03	0.604
370.49	0.666
370.96	0.714
371.42	0.876
371.89	1.031
372.36	1.164
372.82	1.228
373.29	1.288
373.75	1.627
374.22	1.814
374.68	1.997
375.15	2.104
375.61	2.303
376.08	2.447
376.54	2.475
377.01	2.516
377.47	2.773
377.94	2.814
378.40	2.734
378.87	2.690
379.33	2.889
379.80	2.938
380.26	2.979
380.73	2.864
381.19	2.927
381.66	3.048
382.12	3.055
382.59	3.012
383.05	3.024
383.52	2.993
383.98	2.967
384.45	2.922
384.91	2.891
385.38	2.939
385.84	2.914
386.31	2.884
386.77	2.916
387.24	2.975
387.70	3.048
388.16	3.072
388.63	3.148
389.09	3.248
389.56	3.349
390.02	3.341
390.49	3.395
390.95	3.552
391.42	3.658
391.88	3.686
392.34	3.796
392.81	3.978
393.27	4.106
393.74	4.169
394.20	4.221
394.67	4.377
395.13	4.480
395.59	4.530
396.06	4.649
396.52	4.782
396.99	4.860
397.45	4.843
397.91	4.824
398.38	4.792
398.84	4.822
399.31	4.801
399.77	4.788
400.23	4.847
400.70	4.812
401.16	4.760
401.63	4.710
402.09	4.725
402.55	4.665
403.02	4.560
403.48	4.500
403.94	4.517
404.41	4.447
404.87	4.368
405.33	4.307
405.80	4.309
406.26	4.292
406.73	4.255
407.19	4.285
407.65	4.376
408.12	4.493
408.58	4.551
409.04	4.584
409.51	4.722
409.97	4.852
410.43	4.973
410.90	5.099
411.36	5.306
411.82	5.489
412.29	5.683
412.75	5.880
413.21	6.134
413.67	6.377
414.14	6.604
414.60	6.810
415.06	7.072
415.53	7.289
415.99	7.480
416.45	7.651
416.92	7.864
417.38	8.040
417.84	8.186
418.30	8.294
418.77	8.424
419.23	8.537
419.69	8.564
420.16	8.568
420.62	8.579
421.08	8.559
421.54	8.499
422.01	8.403
422.47	8.299
422.93	8.202
423.39	8.045
423.86	7.892
424.32	7.765
424.78	7.624
425.24	7.485
425.71	7.345
426.17	7.211
426.63	7.045
427.09	6.903
427.56	6.743
428.02	6.630
428.48	6.533
428.94	6.399
429.41	6.253
429.87	6.165
430.33	6.213
430.79	6.317
431.25	6.441
431.72	6.614
432.18	6.823
432.64	7.051
433.10	7.316
433.56	7.596
434.03	7.926
434.49	8.272
434.95	8.599
435.41	8.972
435.87	9.372
436.34	9.792
436.80	10.224
437.26	10.648
437.72	11.097
438.18	11.537
438.64	11.987
439.11	12.456
439.57	12.907
440.03	13.261
440.49	13.561
440.95	13.809
441.41	14.053
441.88	14.294
442.34	14.484
442.80	14.632
443.26	14.753
443.72	14.827
444.18	14.855
444.64	14.845
445.11	14.817
445.57	14.747
446.03	14.642
446.49	14.483
446.95	14.331
447.41	14.133
447.87	13.924
448.33	13.689
448.79	13.461
449.26	13.218
449.72	12.970
450.18	12.720
450.64	12.497
451.10	12.281
451.56	12.047
452.02	11.828
452.48	11.640
452.94	11.472
453.40	11.344
453.87	11.236
454.33	11.188
454.79	11.167
455.25	11.171
455.71	11.197
456.17	11.288
456.63	11.426
457.09	11.599
457.55	11.806
458.01	12.068
458.47	12.370
458.93	12.704
459.39	13.060
459.85	13.457
460.31	13.881
460.77	14.314
461.24	14.791
461.70	15.292
462.16	15.806
462.62	16.336
463.08	16.843
463.54	17.365
464.00	17.896
464.46	18.401
464.92	18.894
465.38	19.379
465.84	19.848
466.30	20.287
466.76	20.695
467.22	21.076
467.68	21.437
468.14	21.754
468.60	22.041
469.06	22.290
469.52	22.503
469.98	22.677
470.44	22.812
470.90	22.904
471.36	22.950
471.82	22.958
472.28	22.925
472.74	22.858
473.20	22.760
473.66	22.624
474.12	22.447
474.58	22.238
475.04	22.014
475.50	21.759
475.95	21.480
476.41	21.185
476.87	20.878
477.33	20.553
477.79	20.226
478.25	19.885
478.71	19.552
479.17	19.217
479.63	18.890
480.09	18.564
480.55	18.251
481.01	17.963
481.47	17.695
481.93	17.452
482.39	17.243
482.84	17.065
483.30	16.920
483.76	16.813
484.22	16.743
484.68	16.708
485.14	16.712
485.60	16.760
486.06	16.848
486.52	16.974
486.98	17.139
487.44	17.343
487.89	17.588
488.35	17.869
488.81	18.182
489.27	18.527
489.73	18.916
490.19	19.333
490.65	19.776
491.11	20.246
491.56	20.739
492.02	21.248
492.48	21.759
492.94	22.287
493.40	22.823
493.86	23.368
494.32	23.911
494.77	24.447
495.23	24.979
495.69	25.507
496.15	26.018
496.61	26.524
497.07	27.005
497.52	27.474
497.98	27.925
498.44	28.352
498.90	28.756
499.36	29.131
499.82	29.473
500.27	29.783
500.73	30.054
501.19	30.294
501.65	30.505
502.11	30.684
502.56	30.835
503.02	30.947
503.48	31.025
503.94	31.074
504.40	31.087
504.85	31.064
505.31	31.007
505.77	30.927
506.23	30.811
506.69	30.671
507.14	30.499
507.60	30.299
508.06	30.067
508.52	29.811
508.97	29.529
509.43	29.234
509.89	28.914
510.35	28.592
510.80	28.256
511.26	27.909
511.72	27.556
512.18	27.190
512.63	26.820
513.09	26.447
513.55	26.069
514.01	25.708
514.46	25.353
514.92	25.007
515.38	24.668
515.84	24.350
516.29	24.052
516.75	23.772
517.21	23.513
517.66	23.277
518.12	23.070
518.58	22.898
519.04	22.749
519.49	22.643
519.95	22.561
520.41	22.507
520.86	22.487
521.32	22.504
521.78	22.558
522.23	22.644
522.69	22.769
523.15	22.938
523.61	23.136
524.06	23.366
524.52	23.630
524.98	23.924
525.43	24.247
525.89	24.591
526.35	24.954
526.80	25.347
527.26	25.766
527.72	26.206
528.17	26.656
528.63	27.126
529.09	27.603
529.54	28.093
530.00	28.596
530.45	29.102
530.91	29.617
531.37	30.119
531.82	30.625
532.28	31.127
532.74	31.620
533.19	32.100
533.65	32.563
534.10	33.010
534.56	33.446
535.02	33.853
535.47	34.250
535.93	34.632
536.39	34.992
536.84	35.335
537.30	35.655
537.75	35.947
538.21	36.209
538.67	36.448
539.12	36.664
539.58	36.849
540.03	37.014
540.49	37.152
540.94	37.269
541.40	37.352
541.86	37.407
542.31	37.433
542.77	37.438
543.22	37.425
543.68	37.391
544.13	37.330
544.59	37.252
545.05	37.140
545.50	37.010
545.96	36.850
546.41	36.668
546.87	36.465
547.32	36.243
547.78	36.007
548.23	35.747
548.69	35.464
549.14	35.177
549.60	34.866
550.06	34.542
550.51	34.210
550.97	33.875
551.42	33.524
551.88	33.161
552.33	32.792
552.79	32.418
553.24	32.042
553.70	31.674
554.15	31.306
554.61	30.952
555.06	30.601
555.52	30.256
555.97	29.920
556.43	29.598
556.88	29.289
557.34	28.996
557.79	28.729
558.25	28.484
558.70	28.252
559.15	28.043
559.61	27.858
560.06	27.693
560.52	27.556
560.97	27.449
561.43	27.373
561.88	27.331
562.34	27.317
562.79	27.328
563.25	27.363
563.70	27.424
564.16	27.519
564.61	27.641
565.06	27.791
565.52	27.966
565.97	28.172
566.43	28.411
566.88	28.673
567.34	28.953
567.79	29.261
568.24	29.593
568.70	29.945
569.15	30.308
569.61	30.693
570.06	31.088
570.51	31.505
570.97	31.936
571.42	32.371
571.88	32.828
572.33	33.293
572.78	33.755
573.24	34.233
573.69	34.705
574.15	35.184
574.60	35.657
575.05	36.139
575.51	36.619
575.96	37.092
576.42	37.570
576.87	38.043
577.32	38.508
577.78	38.959
578.23	39.408
578.68	39.852
579.14	40.283
579.59	40.695
580.04	41.086
580.50	41.461
580.95	41.822
581.40	42.157
581.86	42.478
582.31	42.793
582.76	43.090
583.22	43.373
583.67	43.636
584.12	43.889
584.58	44.104
585.03	44.292
585.48	44.454
585.94	44.582
586.39	44.686
586.84	44.776
587.30	44.857
587.75	44.905
588.20	44.937
588.66	44.946
589.11	44.940
589.56	44.916
590.01	44.870
590.47	44.800
590.92	44.713
591.37	44.605
591.83	44.471
592.28	44.311
592.73	44.135
593.18	43.938
593.64	43.719
594.09	43.492
594.54	43.254
594.99	43.013
595.45	42.759
595.90	42.486
596.35	42.192
596.80	41.877
597.26	41.557
597.71	41.216
598.16	40.868
598.61	40.517
599.07	40.157
599.52	39.783
599.97	39.407
600.42	39.027
600.88	38.645
601.33	38.257
601.78	37.877
602.23	37.484
602.69	37.094
603.14	36.707
603.59	36.322
604.04	35.942
604.49	35.554
604.95	35.172
605.40	34.812
605.85	34.467
606.30	34.130
606.75	33.806
607.21	33.505
607.66	33.214
608.11	32.931
608.56	32.661
609.01	32.420
609.46	32.194
609.92	31.989
610.37	31.801
610.82	31.636
611.27	31.493
611.72	31.379
612.17	31.290
612.63	31.218
613.08	31.165
613.53	31.137
613.98	31.143
614.43	31.169
614.88	31.216
615.34	31.276
615.79	31.358
616.24	31.456
616.69	31.574
617.14	31.721
617.59	31.884
618.04	32.067
618.49	32.267
618.95	32.488
619.40	32.723
619.85	32.980
620.30	33.254
620.75	33.536
621.20	33.835
621.65	34.140
622.10	34.463
622.55	34.803
623.00	35.152
623.46	35.509
623.91	35.866
624.36	36.233
624.81	36.606
625.26	36.989
625.71	37.373
626.16	37.770
626.61	38.162
627.06	38.564
627.51	38.967
627.96	39.369
628.41	39.767
628.86	40.161
629.32	40.552
629.77	40.940
630.22	41.325
630.67	41.702
631.12	42.077
631.57	42.451
632.02	42.817
632.47	43.165
632.92	43.512
633.37	43.862
633.82	44.196
634.27	44.516
634.72	44.826
635.17	45.130
635.62	45.413
636.07	45.686
636.52	45.932
636.97	46.174
637.42	46.401
637.87	46.610
638.32	46.809
638.77	47.000
639.22	47.179
639.67	47.333
640.12	47.473
640.57	47.601
641.02	47.709
641.47	47.801
641.92	47.888
642.37	47.948
642.82	47.984
643.27	47.999
643.72	48.011
644.17	48.002
644.62	47.979
645.07	47.938
645.52	47.890
645.97	47.839
646.42	47.761
646.87	47.679
647.32	47.603
647.77	47.520
648.22	47.412
648.66	47.281
649.11	47.133
649.56	46.971
650.01	46.796
650.46	46.615
650.91	46.427
651.36	46.214
651.81	45.993
652.26	45.772
652.71	45.534
653.16	45.284
653.61	45.024
654.06	44.758
654.50	44.482
654.95	44.188
655.40	43.883
655.85	43.583
656.30	43.266
656.75	42.931
657.20	42.583
657.65	42.237
658.10	41.887
658.55	41.549
658.99	41.216
659.44	40.883
659.89	40.542
660.34	40.188
660.79	39.844
661.24	39.503
661.69	39.164
662.13	38.835
662.58	38.497
663.03	38.172
663.48	37.846
663.93	37.523
664.38	37.208
664.83	36.910
665.27	36.605
665.72	36.299
666.17	36.011
666.62	35.728
667.07	35.453
667.52	35.192
667.96	34.926
668.41	34.666
668.86	34.416
669.31	34.178
669.76	33.966
670.21	33.763
670.65	33.573
671.10	33.393
671.55	33.227
672.00	33.082
672.45	32.947
672.89	32.824
673.34	32.716
673.79	32.618
674.24	32.525
674.68	32.452
675.13	32.400
675.58	32.365
676.03	32.345
676.48	32.329
676.92	32.323
677.37	32.345
677.82	32.385
678.27	32.427
678.71	32.484
679.16	32.554
679.61	32.642
680.06	32.737
680.50	32.844
680.95	32.981
681.40	33.122
681.85	33.266
682.29	33.425
682.74	33.600
683.19	33.790
683.64	33.988
684.08	34.207
684.53	34.436
684.98	34.673
685.43	34.926
685.87	35.184
686.32	35.455
686.77	35.716
687.21	35.969
687.66	36.251
688.11	36.542
688.55	36.830
689.00	37.115
689.45	37.429
689.90	37.752
690.34	38.060
690.79	38.371
691.24	38.691
691.68	39.013
692.13	39.329
692.58	39.629
693.02	39.946
693.47	40.256
693.92	40.557
694.36	40.846
694.81	41.147
695.26	41.449
695.70	41.740
696.15	42.040
696.60	42.352
697.04	42.651
697.49	42.932
697.94	43.197
698.38	43.471
698.83	43.732
699.27	43.986
699.72	44.223
700.17	44.461
700.61	44.703
701.06	44.938
701.51	45.172
701.95	45.411
702.40	45.640
702.84	45.858
703.29	46.072
703.74	46.272
704.18	46.460
704.63	46.643
705.07	46.820
705.52	46.985
705.97	47.137
706.41	47.270
706.86	47.395
707.30	47.533
707.75	47.676
708.20	47.800
708.64	47.897
709.09	47.980
709.53	48.054
709.98	48.125
710.42	48.168
710.87	48.184
711.32	48.205
711.76	48.208
712.21	48.208
712.65	48.197
713.10	48.191
713.54	48.170
713.99	48.143
714.43	48.110
714.88	48.051
715.33	47.974
715.77	47.907
716.22	47.841
716.66	47.756
717.11	47.644
717.55	47.536
718.00	47.429
718.44	47.319
718.89	47.192
719.33	47.062
719.78	46.942
720.22	46.818
720.67	46.683
721.11	46.545
721.56	46.397
722.00	46.227
722.45	46.051
722.89	45.864
723.34	45.671
723.78	45.492
724.23	45.314
724.67	45.131
725.12	44.929
725.56	44.719
726.01	44.504
726.45	44.280
726.90	44.032
727.34	43.778
727.78	43.547
728.23	43.310
728.67	43.049
729.12	42.779
729.56	42.523
730.01	42.255
730.45	41.966
730.90	41.665
731.34	41.396
731.79	41.122
732.23	40.841
732.67	40.545
733.12	40.236
733.56	39.959
734.01	39.686
734.45	39.394
734.89	39.114
735.34	38.859
735.78	38.607
736.23	38.345
736.67	38.078
737.12	37.812
737.56	37.547
738.00	37.285
738.45	37.041
738.89	36.800
739.34	36.577
739.78	36.381
740.22	36.184
740.67	35.969
741.11	35.751
741.55	35.550
742.00	35.361
742.44	35.167
742.89	34.960
743.33	34.771
743.77	34.612
744.22	34.455
744.66	34.275
745.10	34.095
745.55	33.931
745.99	33.802
746.43	33.679
746.88	33.559
747.32	33.436
747.76	33.330
748.21	33.247
748.65	33.145
749.09	33.036
749.54	32.938
749.98	32.867
750.42	32.820
750.87	32.755
751.31	32.696
751.75	32.665
752.20	32.657
752.64	32.656
753.08	32.651
753.53	32.637
753.97	32.653
754.41	32.684
754.85	32.732
755.30	32.773
755.74	32.816
756.18	32.894
756.63	33.004
757.07	33.111
757.51	33.187
757.95	33.288
758.40	33.415
758.84	33.551
759.28	33.684
759.72	33.809
760.17	33.964
760.61	34.134
761.05	34.305
761.50	34.462
761.94	34.613
762.38	34.775
762.82	34.971
763.26	35.167
763.71	35.365
764.15	35.553
764.59	35.743
765.03	35.927
765.48	36.112
765.92	36.285
766.36	36.453
766.80	36.653
767.25	36.859
767.69	37.055
768.13	37.277
768.57	37.510
769.01	37.748
769.46	37.974
769.90	38.198
770.34	38.419
770.78	38.646
771.22	38.908
771.67	39.184
772.11	39.440
772.55	39.683
772.99	39.915
773.43	40.151
773.87	40.407
774.32	40.680
774.76	40.939
775.20	41.183
775.64	41.440
776.08	41.715
776.52	41.972
776.97	42.230
777.41	42.463
777.85	42.687
778.29	42.926
778.73	43.184
779.17	43.441
779.62	43.684
780.06	43.924
780.50	44.146
780.94	44.361
781.38	44.571
781.82	44.781
782.26	45.009
782.70	45.235
783.15	45.455
783.59	45.664
784.03	45.860
784.47	46.059
784.91	46.237
785.35	46.405
785.79	46.576
786.23	46.744
786.67	46.908
787.11	47.069
787.56	47.210
788.00	47.344
788.44	47.472
788.88	47.610
789.32	47.745
789.76	47.868
790.20	47.991
790.64	48.125
791.08	48.259
791.52	48.363
791.96	48.447
792.40	48.530
792.84	48.624
793.28	48.728
793.73	48.834
794.17	48.934
794.61	49.009
795.05	49.100
795.49	49.157
795.93	49.210
796.37	49.244
796.81	49.286
797.25	49.331
797.69	49.361
798.13	49.371
798.57	49.376
799.01	49.377
799.45	49.349
799.89	49.298
800.33	49.252
800.77	49.229
801.21	49.221
801.65	49.182
802.09	49.120
802.53	49.043
802.97	48.967
803.41	48.900
803.85	48.837
804.29	48.756
804.73	48.710
805.17	48.633
805.61	48.551
806.05	48.451
806.49	48.328
806.93	48.229
807.37	48.137
807.81	48.060
808.25	47.967
808.69	47.852
809.13	47.738
809.57	47.618
810.01	47.492
810.44	47.342
810.88	47.191
811.32	47.046
811.76	46.917
812.20	46.765
812.64	46.597
813.08	46.427
813.52	46.233
813.96	46.021
814.40	45.848
814.84	45.689
815.28	45.526
815.72	45.360
816.16	45.178
816.59	44.992
817.03	44.788
817.47	44.592
817.91	44.427
818.35	44.257
818.79	44.084
819.23	43.899
819.67	43.716
820.11	43.535
820.54	43.337
820.98	43.116
821.42	42.913
821.86	42.700
822.30	42.491
822.74	42.304
823.18	42.110
823.62	41.889
824.05	41.665
824.49	41.457
824.93	41.266
825.37	41.064
825.81	40.865
826.25	40.653
826.69	40.407
827.12	40.142
827.56	39.903
828.00	39.667
828.44	39.444
828.88	39.225
829.32	38.996
829.75	38.780
830.19	38.570
830.63	38.346
831.07	38.142
831.51	37.923
831.94	37.691
832.38	37.467
832.82	37.258
833.26	37.068
833.70	36.882
834.13	36.682
834.57	36.484
835.01	36.294
835.45	36.120
835.89	35.977
836.32	35.840
836.76	35.684
837.20	35.511
837.64	35.340
838.08	35.200
838.51	35.090
838.95	34.981
839.39	34.867
839.83	34.759
840.26	34.665
840.70	34.581
841.14	34.498
841.58	34.425
842.01	34.359
842.45	34.288
842.89	34.207
843.33	34.117
843.76	34.044
844.20	33.976
844.64	33.913
845.08	33.847
845.51	33.787
845.95	33.739
846.39	33.707
846.82	33.664
847.26	33.609
847.70	33.541
848.14	33.482
848.57	33.445
849.01	33.419
849.45	33.381
849.88	33.345
850.32	33.333
850.76	33.327
851.19	33.345
851.63	33.353
852.07	33.375
852.50	33.414
852.94	33.435
853.38	33.439
853.81	33.461
854.25	33.497
854.69	33.552
855.12	33.617
855.56	33.680
856.00	33.758
856.43	33.855
856.87	33.947
857.31	34.046
857.74	34.152
858.18	34.253
858.62	34.346
859.05	34.438
859.49	34.536
859.93	34.627
860.36	34.722
860.80	34.818
861.24	34.920
861.67	35.020
862.11	35.130
862.54	35.248
862.98	35.379
863.42	35.530
863.85	35.682
864.29	35.819
864.72	35.973
865.16	36.127
865.60	36.273
866.03	36.427
866.47	36.573
866.90	36.722
867.34	36.885
867.78	37.080
868.21	37.303
868.65	37.525
869.08	37.759
869.52	37.963
869.95	38.150
870.39	38.335
870.83	38.537
871.26	38.762
871.70	39.007
872.13	39.230
872.57	39.436
873.00	39.632
873.44	39.828
873.87	40.020
874.31	40.209
874.75	40.390
875.18	40.579
875.62	40.777
876.05	40.974
876.49	41.188
876.92	41.416
877.36	41.643
877.79	41.855
878.23	42.039
878.66	42.232
879.10	42.458
879.53	42.684
879.97	42.907
880.40	43.106
880.84	43.307
881.27	43.498
881.71	43.674
882.14	43.846
882.58	44.041
883.01	44.251
883.45	44.449
883.88	44.649
884.32	44.841
884.75	45.030
885.19	45.214
885.62	45.396
886.06	45.586
886.49	45.777
886.92	45.953
887.36	46.140
887.79	46.330
888.23	46.503
888.66	46.666
889.10	46.814
889.53	46.959
889.97	47.102
890.40	47.250
890.83	47.392
891.27	47.524
891.70	47.675
892.14	47.825
892.57	47.994
893.01	48.175
893.44	48.360
893.87	48.536
894.31	48.725
894.74	48.899
895.18	49.014
895.61	49.098
896.04	49.181
896.48	49.253
896.91	49.330
897.35	49.403
897.78	49.467
898.21	49.554
898.65	49.662
899.08	49.757
899.52	49.846
899.95	49.947
900.38	50.090
900.82	50.211
901.25	50.329
901.68	50.429
902.12	50.522
902.55	50.629
902.99	50.738
903.42	50.817
903.85	50.890
904.29	50.992
904.72	51.073
905.15	51.154
905.59	51.247
906.02	51.351
906.45	51.466
906.89	51.563
907.32	51.652
907.75	51.730
908.19	51.786
908.62	51.837
909.05	51.868
909.49	51.863
909.92	51.857
910.35	51.806
910.78	51.772
911.22	51.691
911.65	51.593
912.08	51.510
912.52	51.457
912.95	51.411
913.38	51.330
913.82	51.269
914.25	51.248
914.68	51.211
915.11	51.151
915.55	51.075
915.98	51.033
916.41	50.981
916.84	50.908
917.28	50.831
917.71	50.765
918.14	50.715
918.58	50.656
919.01	50.564
919.44	50.484
919.87	50.415
920.31	50.394
920.74	50.352
921.17	50.275
921.60	50.189
922.03	50.084
922.47	49.984
922.90	49.879
923.33	49.741
923.76	49.604
924.20	49.482
924.63	49.367
925.06	49.252
925.49	49.081
925.92	48.931
926.36	48.797
926.79	48.675
927.22	48.549
927.65	48.407
928.08	48.290
928.52	48.179
928.95	48.031
929.38	47.877
929.81	47.719
930.24	47.576
930.68	47.421
931.11	47.252
931.54	47.102
931.97	46.968
932.40	46.835
932.83	46.729
933.27	46.577
933.70	46.436
934.13	46.269
934.56	46.139
934.99	45.971
935.42	45.805
935.85	45.619
936.29	45.434
936.72	45.275
937.15	45.122
937.58	44.954
938.01	44.786
938.44	44.594
938.87	44.408
939.31	44.234
939.74	44.074
940.17	43.886
940.60	43.704
941.03	43.543
941.46	43.366
941.89	43.152
942.32	42.954
942.75	42.740
943.18	42.565
943.62	42.354
944.05	42.155
944.48	41.945
944.91	41.735
945.34	41.529
945.77	41.298
946.20	41.084
946.63	40.886
947.06	40.668
947.49	40.473
947.92	40.307
948.35	40.084
948.78	39.819
949.22	39.602
949.65	39.405
950.08	39.164
950.51	38.906
950.94	38.689
951.37	38.495
951.80	38.308
952.23	38.079
952.66	37.910
953.09	37.763
953.52	37.637
953.95	37.479
954.38	37.339
954.81	37.205
955.24	37.062
955.67	36.893
956.10	36.743
956.53	36.622
956.96	36.461
957.39	36.321
957.82	36.208
958.25	36.087
958.68	35.921
959.11	35.759
959.54	35.610
959.97	35.501
960.40	35.403
960.83	35.277
961.26	35.161
961.69	35.031
962.12	34.888
962.55	34.691
962.98	34.514
963.41	34.375
963.84	34.280
964.27	34.134
964.70	33.992
965.13	33.879
965.56	33.736
965.99	33.603
966.42	33.471
966.84	33.380
967.27	33.323
967.70	33.241
968.13	33.194
968.56	33.158
968.99	33.073
969.42	32.953
969.85	32.848
970.28	32.749
970.71	32.681
971.14	32.579
971.57	32.526
972.00	32.488
972.42	32.407
972.85	32.284
973.28	32.176
973.71	32.095
974.14	32.039
974.57	31.974
975.00	31.909
975.43	31.853
975.86	31.827
976.28	31.729
976.71	31.632
977.14	31.533
977.57	31.482
978.00	31.413
978.43	31.360
978.86	31.314
979.29	31.333
979.71	31.285
980.14	31.271
980.57	31.249
981.00	31.237
981.43	31.235
981.86	31.197
982.28	31.185
982.71	31.206
983.14	31.176
983.57	31.091
984.00	31.092
984.43	31.155
984.85	31.166
985.28	31.175
985.71	31.238
986.14	31.282
986.57	31.323
986.99	31.311
987.42	31.313
987.85	31.351
988.28	31.378
988.71	31.381
989.13	31.371
989.56	31.450
989.99	31.512
990.42	31.534
990.85	31.651
991.27	31.765
991.70	31.819
992.13	31.856
992.56	31.945
992.98	32.002
993.41	32.027
993.84	32.056
994.27	32.115
994.70	32.193
995.12	32.275
995.55	32.268
995.98	32.370
996.41	32.469
996.83	32.575
997.26	32.622
997.69	32.700
998.11	32.765
998.54	32.819
998.97	32.845
999.40	32.906
999.82	33.053
1000.25	33.164
1000.68	33.278
1001.11	33.394
1001.53	33.511
1001.96	33.678
1002.39	33.799
1002.81	33.807
1003.24	33.945
1003.67	34.046
1004.09	34.066
1004.52	34.165
1004.95	34.232
1005.38	34.345
1005.80	34.435
1006.23	34.481
1006.66	34.615
1007.08	34.810
1007.51	34.882
1007.94	35.060
1008.36	35.086
1008.79	35.050
1009.22	35.035
1009.64	34.939
1010.07	35.005
1010.50	35.104
1010.92	35.076
1011.35	35.064
1011.77	35.126
1012.20	35.125
1012.63	35.188
1013.05	35.209
1013.48	35.249
1013.91	35.349
1014.33	35.418
1014.76	35.446
1015.19	35.450
1015.61	35.467
1016.04	35.610
1016.46	35.654
1016.89	35.661
1017.32	35.882
1017.74	35.973
1018.17	36.065
1018.59	36.254
1019.02	36.368
1019.45	36.502
1019.87	36.459
1020.30	36.550
1020.72	36.729
1021.15	36.877
1021.58	36.969
1022.00	37.117
1022.43	37.296
1022.85	37.428
1023.28	37.475
1023.70	37.421
1024.13	37.498
1024.55	37.637
1024.98	37.587
1025.41	37.547
1025.83	37.524
1026.26	37.602
1026.68	37.675
1027.11	37.660
1027.53	37.626
1027.96	37.686
1028.38	37.660
1028.81	37.824
1029.23	38.033
1029.66	38.146
1030.08	38.152
1030.51	38.162
1030.94	38.224
1031.36	38.125
1031.79	37.941
1032.21	37.949
1032.64	38.201
1033.06	38.415
1033.49	38.307
1033.91	38.140
1034.34	38.166
1034.76	38.190
1035.19	37.996
1035.61	37.853
1036.03	37.910
1036.46	38.045
1036.88	37.948
1037.31	37.658
1037.73	37.560
1038.16	37.492
1038.58	37.260
1039.01	37.036
1039.43	37.007
1039.86	37.142
1040.28	37.219
1040.71	37.379
1041.13	37.267
1041.55	36.955
1041.98	36.901
1042.40	36.738
1042.83	36.893
1043.25	36.964
1043.68	36.968
1044.10	36.961
1044.52	36.787
1044.95	36.696
1045.37	36.750
1045.80	36.612
1046.22	36.820
1046.65	36.862
1047.07	36.590
1047.49	36.556
1047.92	36.411
1048.34	36.296
1048.77	35.915
1049.19	35.530
1049.61	35.153
1050.04	34.943
1050.46	34.956
1050.89	34.442
1051.31	34.111
1051.73	34.059
1052.16	33.794
1052.58	33.456
1053.00	33.362
1053.43	33.308
1053.85	33.337
1054.27	33.015
1054.70	32.782
1055.12	32.688
1055.55	32.566
1055.97	32.301
1056.39	32.293
1056.82	32.384
1057.24	32.324
1057.66	32.316
1058.09	32.011
1058.51	32.064
1058.93	32.018
1059.36	31.585
1059.78	31.188
1060.20	30.909
1060.62	30.486
1061.05	30.281
1061.47	29.975
1061.89	29.830
1062.32	29.688
1062.74	28.986
1063.16	28.376
1063.59	27.976
1064.01	27.465
1064.43	27.087
1064.85	26.829
1065.28	26.272
1065.70	26.058
1066.12	25.225
1066.55	24.847
1066.97	24.523
1067.39	24.146
1067.81	23.680
1068.24	22.960
1068.66	22.999
1069.08	23.019
1069.50	22.468
1069.93	21.906
1070.35	21.416
1070.77	20.447
1071.19	19.845
1071.62	19.546
1072.04	19.269
1072.46	18.571
1072.88	17.928
1073.31	17.199
1073.73	16.577
1074.15	15.824
1074.57	14.955
1075.00	14.167
1075.42	13.151
1075.84	12.911
1076.26	11.606
1076.68	10.342
1077.11	9.928
1077.53	9.104
1077.95	8.162
1078.37	6.589
1078.79	5.535
1079.22	5.080
1079.64	4.229
1080.06	3.128
1080.48	1.119
1080.90	0.059
1081.32	-0.745
1081.75	-2.621
1082.17	-4.051
1082.59	-6.197
1083.01	-7.557
1083.43	-9.253
1083.85	-10.978
1084.28	-12.585
1084.70	-14.484
1085.12	-16.605
1085.54	-18.163
1085.96	-20.176
1086.38	-22.095
1086.80	-22.553
1087.23	-24.279
1087.65	-24.146
1088.07	-26.119
1088.49	-28.288
1088.91	-30.465
1089.33	-31.317
1089.75	-33.253
1090.17	-34.017
1090.60	-36.123
1091.02	-38.411
1091.44	-38.788
1091.86	-41.334
1092.28	-43.595
1092.70	-45.350
1093.12	-47.505
1093.54	-50.285
1093.96	-52.524
1094.38	-54.150
1094.81	-57.900
1095.23	-59.854
1095.65	-64.071
1096.07	-65.504
1096.49	-71.009
1096.91	-74.273
1097.33	-76.894
1097.75	-82.075
1098.17	-84.142
1098.59	-86.261
1099.01	-89.382
1099.43	-91.420
1099.85	-96.869
1100.27	-100.425
1100.69	-104.816
1101.11	-106.065
1101.53	-108.495
1101.95	-111.636
1102.38	-64.654
1102.80	-132.650
1103.22	-81.686
1103.64	-131.579
1104.06	-234.938
1104.48	-97.431
1104.90	-231.288
1105.32	-115.057
1105.74	-106.103
1106.16	-160.960
