188.40	-8.013
188.88	-59.269
189.35	137.604
189.83	654.783
190.30	-1119.608
190.78	-139.423
191.26	-18.841
191.73	907.547
192.21	-1097.101
192.68	14.313
193.16	-421.945
193.63	-510.434
194.11	-542.360
194.58	-535.594
195.06	-442.755
195.53	-269.504
196.01	-215.174
196.48	-189.283
196.96	-154.802
197.43	-132.207
197.91	-118.105
198.38	-109.434
198.86	-96.311
199.33	-81.034
199.81	-76.989
200.28	-74.433
200.76	-64.481
201.23	-56.132
201.71	-47.478
202.18	-45.269
202.66	-41.283
203.13	-35.919
203.61	-32.822
204.08	-28.436
204.55	-23.089
205.03	-20.521
205.50	-18.034
205.98	-17.739
206.45	-18.375
206.93	-16.051
207.40	-13.016
207.88	-11.670
208.35	-9.679
208.82	-9.892
209.30	-8.451
209.77	-6.419
210.25	-7.157
210.72	-5.955
211.20	-5.872
211.67	-5.017
212.14	-5.604
212.62	-7.274
213.09	-4.886
213.57	-4.094
214.04	-5.809
214.52	-5.573
214.99	-5.148
215.46	-6.072
215.94	-9.281
216.41	-9.748
216.89	-7.666
217.36	-7.450
217.83	-10.482
218.31	-9.803
218.78	-8.403
219.25	-6.398
219.73	-10.125
220.20	-13.371
220.68	-11.069
221.15	-9.577
221.62	-9.908
222.10	-10.105
222.57	-8.867
223.04	-7.472
223.52	-9.497
223.99	-11.895
224.47	-10.234
224.94	-8.994
225.41	-8.695
225.89	-7.135
226.36	-7.970
226.83	-8.902
227.31	-10.524
227.78	-11.704
228.25	-10.012
228.73	-9.674
229.20	-10.606
229.67	-9.340
230.15	-9.340
230.62	-8.879
231.09	-12.272
231.57	-16.830
232.04	-16.891
232.51	-16.487
232.98	-18.353
233.46	-18.300
233.93	-16.281
234.40	-15.044
234.88	-15.178
235.35	-18.953
235.82	-17.565
236.30	-14.620
236.77	-14.051
237.24	-16.656
237.71	-15.624
238.19	-14.376
238.66	-14.483
239.13	-17.252
239.61	-17.624
240.08	-14.478
240.55	-15.085
241.02	-13.374
241.50	-11.149
241.97	-7.966
242.44	-6.755
242.91	-8.217
243.39	-7.519
243.86	-7.645
244.33	-7.926
244.80	-10.031
245.28	-10.975
245.75	-8.851
246.22	-10.183
246.69	-11.193
247.17	-9.368
247.64	-9.181
248.11	-9.953
248.58	-9.855
249.05	-10.078
249.53	-7.229
250.00	-6.266
250.47	-8.590
250.94	-9.610
251.42	-9.106
251.89	-8.325
252.36	-8.553
252.83	-9.287
253.30	-7.431
253.78	-6.879
254.25	-8.358
254.72	-6.998
255.19	-5.077
255.66	-3.832
256.13	-5.191
256.61	-6.053
257.08	-3.891
257.55	-3.630
258.02	-4.554
258.49	-6.001
258.97	-6.687
259.44	-7.180
259.91	-8.856
260.38	-9.291
260.85	-7.581
261.32	-7.192
261.79	-7.767
262.27	-8.846
262.74	-7.554
263.21	-6.506
263.68	-7.489
264.15	-9.741
264.62	-11.044
265.09	-10.465
265.57	-13.061
266.04	-13.159
266.51	-13.391
266.98	-13.221
267.45	-13.333
267.92	-15.093
268.39	-13.397
268.86	-11.868
269.34	-10.038
269.81	-10.998
270.28	-11.300
270.75	-7.482
271.22	-7.516
271.69	-8.567
272.16	-7.528
272.63	-6.627
273.10	-6.777
273.57	-5.832
274.05	-5.893
274.52	-3.195
274.99	-3.979
275.46	-3.991
275.93	-3.656
276.40	-3.347
276.87	-2.967
277.34	-3.335
277.81	-3.553
278.28	-3.098
278.75	-4.131
279.22	-5.969
279.69	-5.489
280.16	-4.971
280.63	-5.794
281.11	-6.569
281.58	-8.068
282.05	-6.832
282.52	-7.496
282.99	-8.731
283.46	-9.721
283.93	-8.896
284.40	-9.240
284.87	-7.300
285.34	-8.425
285.81	-7.351
286.28	-6.879
286.75	-6.726
287.22	-6.382
287.69	-5.765
288.16	-3.660
288.63	-2.839
289.10	-3.603
289.57	-3.664
290.04	-2.276
290.51	-4.552
290.98	-4.723
291.45	-3.951
291.92	-3.651
292.39	-4.721
292.86	-5.422
293.33	-2.725
293.80	0.117
294.27	0.289
294.74	-1.126
295.21	-0.978
295.68	1.492
296.15	0.470
296.62	-1.469
297.09	-0.969
297.56	-1.129
298.03	-1.615
298.49	-1.476
298.96	-2.044
299.43	0.583
299.90	0.175
300.37	-0.124
300.84	1.281
301.31	2.901
301.78	2.845
302.25	3.531
302.72	2.966
303.19	3.522
303.66	2.751
304.13	2.018
304.60	3.004
305.07	4.748
305.53	4.430
306.00	4.530
306.47	3.871
306.94	4.893
307.41	5.555
307.88	3.556
308.35	2.969
308.82	4.630
309.29	3.582
309.76	3.696
310.22	2.979
310.69	2.935
311.16	2.634
311.63	2.603
312.10	2.315
312.57	3.703
313.04	3.293
313.51	2.466
313.97	1.693
314.44	1.954
314.91	2.057
315.38	1.121
315.85	1.823
316.32	3.146
316.79	3.445
317.25	3.317
317.72	2.311
318.19	3.554
318.66	4.179
319.13	4.332
319.60	2.715
320.07	2.855
320.53	3.444
321.00	2.821
321.47	1.776
321.94	1.845
322.41	2.422
322.87	1.644
323.34	1.921
323.81	1.584
324.28	2.784
324.75	1.747
325.22	0.936
325.68	0.994
326.15	0.398
326.62	0.212
327.09	0.345
327.56	0.928
328.02	2.060
328.49	1.296
328.96	0.874
329.43	2.403
329.89	3.381
330.36	3.491
330.83	3.665
331.30	2.343
331.77	4.184
332.23	3.929
332.70	3.976
333.17	3.976
333.64	4.757
334.10	3.887
334.57	5.241
335.04	4.638
335.51	5.365
335.97	6.433
336.44	5.522
336.91	5.358
337.38	5.626
337.84	5.095
338.31	5.706
338.78	5.208
339.24	6.005
339.71	6.155
340.18	6.215
340.65	6.116
341.11	7.050
341.58	6.813
342.05	6.432
342.52	5.602
342.98	6.494
343.45	6.805
343.92	6.775
344.38	5.957
344.85	6.117
345.32	6.575
345.78	6.577
346.25	6.521
346.72	6.601
347.18	6.921
347.65	6.488
348.12	6.089
348.58	6.051
349.05	6.289
349.52	6.308
349.99	5.536
350.45	5.690
350.92	5.724
351.38	5.343
351.85	5.367
352.32	5.447
352.78	5.407
353.25	5.634
353.72	5.421
354.18	5.471
354.65	5.843
355.12	5.504
355.58	5.599
356.05	5.560
356.52	5.938
356.98	5.858
357.45	5.747
357.91	5.727
358.38	5.905
358.85	5.596
359.31	5.524
359.78	5.426
360.25	5.615
360.71	5.789
361.18	5.679
361.64	5.604
362.11	5.827
362.58	5.782
363.04	5.547
363.51	5.467
363.97	5.717
364.44	5.692
364.91	5.455
365.37	5.333
365.84	5.522
366.30	5.524
366.77	5.512
367.23	5.476
367.70	5.599
368.17	5.638
368.63	5.701
369.10	5.622
369.56	5.782
370.03	5.743
370.49	5.728
370.96	5.662
371.42	5.857
371.89	5.787
372.36	5.733
372.82	5.775
373.29	5.796
373.75	5.815
374.22	5.846
374.68	5.950
375.15	6.005
375.61	5.967
376.08	5.902
376.54	5.879
377.01	5.852
377.47	5.917
377.94	5.862
378.40	5.725
378.87	5.786
379.33	5.792
379.80	5.718
380.26	5.685
380.73	5.759
381.19	5.735
381.66	5.715
382.12	5.650
382.59	5.664
383.05	5.694
383.52	5.573
383.98	5.506
384.45	5.497
384.91	5.456
385.38	5.429
385.84	5.336
386.31	5.329
386.77	5.397
387.24	5.349
387.70	5.454
388.16	5.492
388.63	5.616
389.09	5.675
389.56	5.673
390.02	5.663
390.49	5.642
390.95	5.633
391.42	5.726
391.88	5.763
392.34	5.861
392.81	5.897
393.27	5.953
393.74	6.020
394.20	6.034
394.67	6.101
395.13	6.181
395.59	6.261
396.06	6.313
396.52	6.300
396.99	6.313
397.45	6.251
397.91	6.223
398.38	6.078
398.84	6.017
399.31	5.990
399.77	5.974
400.23	5.999
400.70	5.943
401.16	5.861
401.63	5.790
402.09	5.710
402.55	5.677
403.02	5.586
403.48	5.527
403.94	5.500
404.41	5.427
404.87	5.362
405.33	5.295
405.80	5.340
406.26	5.357
406.73	5.345
407.19	5.406
407.65	5.505
408.12	5.601
408.58	5.720
409.04	5.824
409.51	5.958
409.97	6.057
410.43	6.165
410.90	6.354
411.36	6.540
411.82	6.709
412.29	6.884
412.75	7.106
413.21	7.341
413.67	7.556
414.14	7.755
414.60	7.955
415.06	8.196
415.53	8.315
415.99	8.489
416.45	8.653
416.92	8.776
417.38	8.867
417.84	8.950
418.30	8.996
418.77	9.035
419.23	9.040
419.69	9.032
420.16	9.031
420.62	8.974
421.08	8.887
421.54	8.767
422.01	8.650
422.47	8.510
422.93	8.363
423.39	8.198
423.86	8.049
424.32	7.909
424.78	7.734
425.24	7.591
425.71	7.452
426.17	7.339
426.63	7.232
427.09	7.143
427.56	7.050
428.02	7.002
428.48	6.962
428.94	6.897
429.41	6.834
429.87	6.816
430.33	6.937
430.79	7.122
431.25	7.322
431.72	7.571
432.18	7.834
432.64	8.112
433.10	8.454
433.56	8.784
434.03	9.139
434.49	9.530
434.95	9.920
435.41	10.329
435.87	10.717
436.34	11.100
436.80	11.505
437.26	11.914
437.72	12.300
438.18	12.690
438.64	13.080
439.11	13.495
439.57	13.866
440.03	14.120
440.49	14.329
440.95	14.507
441.41	14.648
441.88	14.780
442.34	14.858
442.80	14.891
443.26	14.896
443.72	14.873
444.18	14.808
444.64	14.704
445.11	14.572
445.57	14.410
446.03	14.237
446.49	14.042
446.95	13.822
447.41	13.580
447.87	13.340
448.33	13.108
448.79	12.856
449.26	12.610
449.72	12.368
450.18	12.157
450.64	11.973
451.10	11.798
451.56	11.622
452.02	11.486
452.48	11.385
452.94	11.313
453.40	11.273
453.87	11.282
454.33	11.331
454.79	11.408
455.25	11.532
455.71	11.686
456.17	11.884
456.63	12.133
457.09	12.418
457.55	12.748
458.01	13.102
458.47	13.488
458.93	13.905
459.39	14.348
459.85	14.808
460.31	15.262
460.77	15.733
461.24	16.248
461.70	16.764
462.16	17.262
462.62	17.774
463.08	18.266
463.54	18.759
464.00	19.245
464.46	19.703
464.92	20.139
465.38	20.552
465.84	20.928
466.30	21.282
466.76	21.597
467.22	21.877
467.68	22.122
468.14	22.316
468.60	22.481
469.06	22.608
469.52	22.693
469.98	22.749
470.44	22.762
470.90	22.721
471.36	22.645
471.82	22.533
472.28	22.397
472.74	22.237
473.20	22.031
473.66	21.802
474.12	21.552
474.58	21.276
475.04	20.987
475.50	20.682
475.95	20.362
476.41	20.037
476.87	19.707
477.33	19.376
477.79	19.053
478.25	18.739
478.71	18.433
479.17	18.137
479.63	17.865
480.09	17.608
480.55	17.383
481.01	17.185
481.47	17.018
481.93	16.880
482.39	16.774
482.84	16.707
483.30	16.684
483.76	16.698
484.22	16.748
484.68	16.837
485.14	16.964
485.60	17.139
486.06	17.353
486.52	17.604
486.98	17.893
487.44	18.220
487.89	18.571
488.35	18.954
488.81	19.365
489.27	19.802
489.73	20.271
490.19	20.752
490.65	21.260
491.11	21.786
491.56	22.316
492.02	22.846
492.48	23.381
492.94	23.919
493.40	24.453
493.86	24.982
494.32	25.506
494.77	26.019
495.23	26.509
495.69	26.982
496.15	27.424
496.61	27.855
497.07	28.257
497.52	28.639
497.98	28.997
498.44	29.333
498.90	29.634
499.36	29.903
499.82	30.137
500.27	30.332
500.73	30.491
501.19	30.620
501.65	30.713
502.11	30.775
502.56	30.807
503.02	30.799
503.48	30.763
503.94	30.695
504.40	30.594
504.85	30.467
505.31	30.312
505.77	30.127
506.23	29.919
506.69	29.687
507.14	29.430
507.60	29.154
508.06	28.847
508.52	28.528
508.97	28.189
509.43	27.847
509.89	27.494
510.35	27.134
510.80	26.770
511.26	26.420
511.72	26.066
512.18	25.708
512.63	25.356
513.09	25.013
513.55	24.680
514.01	24.363
514.46	24.063
514.92	23.786
515.38	23.535
515.84	23.303
516.29	23.103
516.75	22.928
517.21	22.778
517.66	22.656
518.12	22.567
518.58	22.515
519.04	22.492
519.49	22.510
519.95	22.562
520.41	22.640
520.86	22.748
521.32	22.894
521.78	23.076
522.23	23.289
522.69	23.539
523.15	23.825
523.61	24.138
524.06	24.476
524.52	24.839
524.98	25.224
525.43	25.630
525.89	26.052
526.35	26.493
526.80	26.955
527.26	27.428
527.72	27.915
528.17	28.407
528.63	28.904
529.09	29.399
529.54	29.901
530.00	30.407
530.45	30.910
530.91	31.409
531.37	31.889
531.82	32.370
532.28	32.835
532.74	33.281
533.19	33.713
533.65	34.113
534.10	34.495
534.56	34.849
535.02	35.185
535.47	35.496
535.93	35.789
536.39	36.055
536.84	36.297
537.30	36.517
537.75	36.711
538.21	36.870
538.67	37.009
539.12	37.117
539.58	37.191
540.03	37.238
540.49	37.270
540.94	37.280
541.40	37.250
541.86	37.194
542.31	37.114
542.77	37.007
543.22	36.893
543.68	36.759
544.13	36.607
544.59	36.434
545.05	36.243
545.50	36.023
545.96	35.783
546.41	35.533
546.87	35.267
547.32	34.984
547.78	34.694
548.23	34.381
548.69	34.060
549.14	33.736
549.60	33.403
550.06	33.055
550.51	32.701
550.97	32.351
551.42	31.994
551.88	31.636
552.33	31.283
552.79	30.936
553.24	30.590
553.70	30.257
554.15	29.931
554.61	29.622
555.06	29.325
555.52	29.039
555.97	28.769
556.43	28.518
556.88	28.286
557.34	28.082
557.79	27.903
558.25	27.750
558.70	27.618
559.15	27.508
559.61	27.428
560.06	27.376
560.52	27.356
560.97	27.370
561.43	27.409
561.88	27.485
562.34	27.584
562.79	27.707
563.25	27.863
563.70	28.039
564.16	28.244
564.61	28.481
565.06	28.742
565.52	29.025
565.97	29.333
566.43	29.664
566.88	30.016
567.34	30.387
567.79	30.775
568.24	31.184
568.70	31.610
569.15	32.046
569.61	32.493
570.06	32.944
570.51	33.407
570.97	33.883
571.42	34.354
571.88	34.843
572.33	35.326
572.78	35.806
573.24	36.290
573.69	36.759
574.15	37.230
574.60	37.697
575.05	38.160
575.51	38.619
575.96	39.066
576.42	39.511
576.87	39.940
577.32	40.358
577.78	40.756
578.23	41.144
578.68	41.513
579.14	41.871
579.59	42.211
580.04	42.525
580.50	42.819
580.95	43.094
581.40	43.338
581.86	43.578
582.31	43.800
582.76	44.011
583.22	44.206
583.67	44.375
584.12	44.527
584.58	44.645
585.03	44.734
585.48	44.801
585.94	44.841
586.39	44.849
586.84	44.843
587.30	44.827
587.75	44.783
588.20	44.729
588.66	44.651
589.11	44.555
589.56	44.438
590.01	44.301
590.47	44.143
590.92	43.975
591.37	43.787
591.83	43.575
592.28	43.337
592.73	43.088
593.18	42.819
593.64	42.534
594.09	42.240
594.54	41.943
594.99	41.640
595.45	41.319
595.90	40.996
596.35	40.662
596.80	40.312
597.26	39.959
597.71	39.591
598.16	39.218
598.61	38.842
599.07	38.475
599.52	38.100
599.97	37.729
600.42	37.356
600.88	36.976
601.33	36.602
601.78	36.237
602.23	35.869
602.69	35.513
603.14	35.162
603.59	34.820
604.04	34.486
604.49	34.151
604.95	33.831
605.40	33.533
605.85	33.252
606.30	32.982
606.75	32.733
607.21	32.501
607.66	32.294
608.11	32.103
608.56	31.924
609.01	31.771
609.46	31.641
609.92	31.530
610.37	31.440
610.82	31.377
611.27	31.340
611.72	31.325
612.17	31.338
612.63	31.373
613.08	31.426
613.53	31.501
613.98	31.608
614.43	31.734
614.88	31.880
615.34	32.040
615.79	32.219
616.24	32.417
616.69	32.634
617.14	32.865
617.59	33.110
618.04	33.375
618.49	33.656
618.95	33.947
619.40	34.250
619.85	34.581
620.30	34.918
620.75	35.257
621.20	35.607
621.65	35.965
622.10	36.334
622.55	36.717
623.00	37.102
623.46	37.494
623.91	37.876
624.36	38.269
624.81	38.666
625.26	39.064
625.71	39.461
626.16	39.865
626.61	40.261
627.06	40.664
627.51	41.064
627.96	41.457
628.41	41.844
628.86	42.218
629.32	42.582
629.77	42.941
630.22	43.293
630.67	43.644
631.12	43.980
631.57	44.316
632.02	44.633
632.47	44.935
632.92	45.235
633.37	45.540
633.82	45.815
634.27	46.069
634.72	46.318
635.17	46.551
635.62	46.760
636.07	46.958
636.52	47.127
636.97	47.287
637.42	47.434
637.87	47.568
638.32	47.688
638.77	47.804
639.22	47.906
639.67	47.991
640.12	48.055
640.57	48.110
641.02	48.133
641.47	48.148
641.92	48.153
642.37	48.130
642.82	48.083
643.27	48.027
643.72	47.965
644.17	47.879
644.62	47.782
645.07	47.672
645.52	47.558
645.97	47.443
646.42	47.305
646.87	47.159
647.32	47.023
647.77	46.877
648.22	46.703
648.66	46.514
649.11	46.304
649.56	46.077
650.01	45.844
650.46	45.610
650.91	45.374
651.36	45.117
651.81	44.848
652.26	44.581
652.71	44.298
653.16	44.013
653.61	43.723
654.06	43.425
654.50	43.118
654.95	42.795
655.40	42.467
655.85	42.139
656.30	41.799
656.75	41.443
657.20	41.087
657.65	40.739
658.10	40.386
658.55	40.044
658.99	39.716
659.44	39.383
659.89	39.048
660.34	38.702
660.79	38.365
661.24	38.045
661.69	37.727
662.13	37.421
662.58	37.109
663.03	36.807
663.48	36.507
663.93	36.224
664.38	35.954
664.83	35.694
665.27	35.438
665.72	35.189
666.17	34.948
666.62	34.717
667.07	34.493
667.52	34.284
667.96	34.080
668.41	33.883
668.86	33.705
669.31	33.537
669.76	33.395
670.21	33.268
670.65	33.152
671.10	33.052
671.55	32.960
672.00	32.885
672.45	32.827
672.89	32.783
673.34	32.751
673.79	32.730
674.24	32.715
674.68	32.721
675.13	32.741
675.58	32.784
676.03	32.841
676.48	32.898
676.92	32.965
677.37	33.057
677.82	33.166
678.27	33.275
678.71	33.393
679.16	33.523
679.61	33.667
680.06	33.819
680.50	33.979
680.95	34.175
681.40	34.377
681.85	34.576
682.29	34.790
682.74	35.018
683.19	35.252
683.64	35.496
684.08	35.760
684.53	36.036
684.98	36.316
685.43	36.607
685.87	36.909
686.32	37.209
686.77	37.497
687.21	37.778
687.66	38.085
688.11	38.410
688.55	38.726
689.00	39.034
689.45	39.368
689.90	39.710
690.34	40.022
690.79	40.333
691.24	40.659
691.68	40.983
692.13	41.292
692.58	41.583
693.02	41.885
693.47	42.173
693.92	42.446
694.36	42.715
694.81	42.989
695.26	43.263
695.70	43.536
696.15	43.817
696.60	44.099
697.04	44.366
697.49	44.606
697.94	44.834
698.38	45.070
698.83	45.286
699.27	45.495
699.72	45.687
700.17	45.895
700.61	46.090
701.06	46.276
701.51	46.452
701.95	46.642
702.40	46.825
702.84	47.008
703.29	47.189
703.74	47.344
704.18	47.482
704.63	47.613
705.07	47.731
705.52	47.842
705.97	47.942
706.41	48.019
706.86	48.086
707.30	48.164
707.75	48.244
708.20	48.303
708.64	48.342
709.09	48.380
709.53	48.397
709.98	48.418
710.42	48.420
710.87	48.396
711.32	48.372
711.76	48.324
712.21	48.264
712.65	48.191
713.10	48.129
713.54	48.065
713.99	47.984
714.43	47.902
714.88	47.797
715.33	47.670
715.77	47.556
716.22	47.453
716.66	47.327
717.11	47.179
717.55	47.034
718.00	46.889
718.44	46.734
718.89	46.556
719.33	46.381
719.78	46.214
720.22	46.053
720.67	45.877
721.11	45.700
721.56	45.521
722.00	45.328
722.45	45.118
722.89	44.896
723.34	44.673
723.78	44.465
724.23	44.259
724.67	44.046
725.12	43.817
725.56	43.569
726.01	43.331
726.45	43.085
726.90	42.820
727.34	42.551
727.78	42.301
728.23	42.055
728.67	41.784
729.12	41.507
729.56	41.248
730.01	40.979
730.45	40.696
730.90	40.393
731.34	40.121
731.79	39.853
732.23	39.571
732.67	39.289
733.12	38.992
733.56	38.721
734.01	38.460
734.45	38.190
734.89	37.938
735.34	37.699
735.78	37.469
736.23	37.236
736.67	36.995
737.12	36.756
737.56	36.518
738.00	36.284
738.45	36.060
738.89	35.840
739.34	35.636
739.78	35.463
740.22	35.293
740.67	35.107
741.11	34.922
741.55	34.764
742.00	34.610
742.44	34.466
742.89	34.307
743.33	34.167
743.77	34.050
744.22	33.938
744.66	33.811
745.10	33.682
745.55	33.567
745.99	33.483
746.43	33.406
746.88	33.336
747.32	33.267
747.76	33.216
748.21	33.182
748.65	33.140
749.09	33.091
749.54	33.050
749.98	33.035
750.42	33.038
750.87	33.031
751.31	33.024
751.75	33.037
752.20	33.072
752.64	33.124
753.08	33.164
753.53	33.196
753.97	33.263
754.41	33.342
754.85	33.437
755.30	33.526
755.74	33.619
756.18	33.737
756.63	33.883
757.07	34.030
757.51	34.152
757.95	34.291
758.40	34.453
758.84	34.628
759.28	34.802
759.72	34.966
760.17	35.150
760.61	35.361
761.05	35.570
761.50	35.765
761.94	35.951
762.38	36.148
762.82	36.371
763.26	36.590
763.71	36.805
764.15	37.016
764.59	37.222
765.03	37.431
765.48	37.642
765.92	37.836
766.36	38.025
766.80	38.247
767.25	38.474
767.69	38.695
768.13	38.927
768.57	39.168
769.01	39.415
769.46	39.649
769.90	39.876
770.34	40.094
770.78	40.321
771.22	40.570
771.67	40.840
772.11	41.102
772.55	41.358
772.99	41.588
773.43	41.820
773.87	42.083
774.32	42.351
774.76	42.611
775.20	42.851
775.64	43.096
776.08	43.354
776.52	43.591
776.97	43.822
777.41	44.039
777.85	44.246
778.29	44.467
778.73	44.709
779.17	44.940
779.62	45.158
780.06	45.374
780.50	45.574
780.94	45.773
781.38	45.959
781.82	46.134
782.26	46.329
782.70	46.521
783.15	46.711
783.59	46.882
784.03	47.026
784.47	47.177
784.91	47.318
785.35	47.443
785.79	47.579
786.23	47.716
786.67	47.850
787.11	47.981
787.56	48.101
788.00	48.204
788.44	48.303
788.88	48.415
789.32	48.510
789.76	48.599
790.20	48.676
790.64	48.766
791.08	48.865
791.52	48.944
791.96	48.994
792.40	49.036
792.84	49.089
793.28	49.164
793.73	49.242
794.17	49.297
794.61	49.339
795.05	49.384
795.49	49.405
795.93	49.417
796.37	49.409
796.81	49.398
797.25	49.409
797.69	49.396
798.13	49.374
798.57	49.352
799.01	49.319
799.45	49.261
799.89	49.178
800.33	49.086
800.77	49.020
801.21	48.976
801.65	48.902
802.09	48.816
802.53	48.716
802.97	48.610
803.41	48.515
803.85	48.428
804.29	48.337
804.73	48.259
805.17	48.149
805.61	48.031
806.05	47.899
806.49	47.733
806.93	47.605
807.37	47.476
807.81	47.361
808.25	47.238
808.69	47.102
809.13	46.965
809.57	46.821
810.01	46.667
810.44	46.492
810.88	46.318
811.32	46.152
811.76	45.985
812.20	45.815
812.64	45.641
813.08	45.450
813.52	45.235
813.96	45.000
814.40	44.806
814.84	44.630
815.28	44.456
815.72	44.281
816.16	44.080
816.59	43.886
817.03	43.681
817.47	43.486
817.91	43.305
818.35	43.136
818.79	42.965
819.23	42.784
819.67	42.592
820.11	42.408
820.54	42.200
820.98	41.984
821.42	41.775
821.86	41.565
822.30	41.362
822.74	41.174
823.18	40.984
823.62	40.777
824.05	40.560
824.49	40.364
824.93	40.169
825.37	39.979
825.81	39.781
826.25	39.583
826.69	39.347
827.12	39.108
827.56	38.868
828.00	38.642
828.44	38.431
828.88	38.239
829.32	38.029
829.75	37.841
830.19	37.654
830.63	37.456
831.07	37.270
831.51	37.079
831.94	36.877
832.38	36.681
832.82	36.493
833.26	36.328
833.70	36.168
834.13	36.008
834.57	35.849
835.01	35.691
835.45	35.547
835.89	35.426
836.32	35.301
836.76	35.173
837.20	35.035
837.64	34.896
838.08	34.779
838.51	34.696
838.95	34.609
839.39	34.523
839.83	34.445
840.26	34.375
840.70	34.319
841.14	34.264
841.58	34.226
842.01	34.192
842.45	34.156
842.89	34.100
843.33	34.044
843.76	34.004
844.20	33.979
844.64	33.947
845.08	33.933
845.51	33.916
845.95	33.906
846.39	33.900
846.82	33.898
847.26	33.894
847.70	33.860
848.14	33.838
848.57	33.841
849.01	33.840
849.45	33.829
849.88	33.812
850.32	33.823
850.76	33.854
851.19	33.890
851.63	33.937
852.07	33.991
852.50	34.052
852.94	34.106
853.38	34.140
853.81	34.188
854.25	34.255
854.69	34.342
855.12	34.444
855.56	34.548
856.00	34.644
856.43	34.761
856.87	34.888
857.31	35.027
857.74	35.167
858.18	35.305
858.62	35.446
859.05	35.584
859.49	35.714
859.93	35.837
860.36	35.968
860.80	36.093
861.24	36.227
861.67	36.355
862.11	36.477
862.54	36.622
862.98	36.765
863.42	36.925
863.85	37.084
864.29	37.242
864.72	37.420
865.16	37.592
865.60	37.746
866.03	37.903
866.47	38.047
866.90	38.200
867.34	38.372
867.78	38.569
868.21	38.802
868.65	39.036
869.08	39.270
869.52	39.471
869.95	39.660
870.39	39.856
870.83	40.065
871.26	40.295
871.70	40.534
872.13	40.765
872.57	40.991
873.00	41.193
873.44	41.388
873.87	41.564
874.31	41.753
874.75	41.956
875.18	42.153
875.62	42.356
876.05	42.555
876.49	42.770
876.92	43.000
877.36	43.226
877.79	43.429
878.23	43.611
878.66	43.814
879.10	44.030
879.53	44.263
879.97	44.473
880.40	44.657
880.84	44.846
881.27	45.032
881.71	45.185
882.14	45.352
882.58	45.523
883.01	45.712
883.45	45.903
883.88	46.076
884.32	46.245
884.75	46.417
885.19	46.594
885.62	46.764
886.06	46.918
886.49	47.082
886.92	47.248
887.36	47.422
887.79	47.599
888.23	47.755
888.66	47.894
889.10	48.030
889.53	48.172
889.97	48.310
890.40	48.438
890.83	48.559
891.27	48.678
891.70	48.826
892.14	48.976
892.57	49.114
893.01	49.290
893.44	49.475
893.87	49.636
894.31	49.799
894.74	49.958
895.18	50.077
895.61	50.170
896.04	50.247
896.48	50.316
896.91	50.385
897.35	50.430
897.78	50.470
898.21	50.525
898.65	50.609
899.08	50.683
899.52	50.749
899.95	50.837
900.38	50.963
900.82	51.072
901.25	51.156
901.68	51.261
902.12	51.310
902.55	51.380
902.99	51.472
903.42	51.528
903.85	51.577
904.29	51.631
904.72	51.656
905.15	51.705
905.59	51.736
906.02	51.788
906.45	51.860
906.89	51.919
907.32	52.000
907.75	52.047
908.19	52.073
908.62	52.096
909.05	52.078
909.49	52.047
909.92	51.994
910.35	51.932
910.78	51.847
911.22	51.746
911.65	51.639
912.08	51.531
912.52	51.440
912.95	51.385
913.38	51.298
913.82	51.223
914.25	51.161
914.68	51.099
915.11	51.026
915.55	50.961
915.98	50.896
916.41	50.809
916.84	50.715
917.28	50.614
917.71	50.549
918.14	50.493
918.58	50.416
919.01	50.294
919.44	50.184
919.87	50.118
920.31	50.072
920.74	50.005
921.17	49.902
921.60	49.792
922.03	49.666
922.47	49.547
922.90	49.417
923.33	49.262
923.76	49.148
924.20	49.018
924.63	48.890
925.06	48.732
925.49	48.549
925.92	48.403
926.36	48.263
926.79	48.110
927.22	47.966
927.65	47.823
928.08	47.716
928.52	47.604
928.95	47.442
929.38	47.277
929.81	47.118
930.24	46.997
930.68	46.851
931.11	46.688
931.54	46.538
931.97	46.405
932.40	46.305
932.83	46.176
933.27	46.026
933.70	45.854
934.13	45.730
934.56	45.610
934.99	45.439
935.42	45.274
935.85	45.102
936.29	44.917
936.72	44.725
937.15	44.558
937.58	44.398
938.01	44.242
938.44	44.074
938.87	43.890
939.31	43.717
939.74	43.549
940.17	43.357
940.60	43.191
941.03	43.008
941.46	42.804
941.89	42.598
942.32	42.398
942.75	42.251
943.18	42.065
943.62	41.872
944.05	41.682
944.48	41.502
944.91	41.307
945.34	41.129
945.77	40.959
946.20	40.800
946.63	40.606
947.06	40.412
947.49	40.213
947.92	40.036
948.35	39.830
948.78	39.627
949.22	39.400
949.65	39.185
950.08	38.995
950.51	38.788
950.94	38.582
951.37	38.389
951.80	38.215
952.23	38.042
952.66	37.886
953.09	37.799
953.52	37.667
953.95	37.509
954.38	37.379
954.81	37.242
955.24	37.099
955.67	36.958
956.10	36.800
956.53	36.730
956.96	36.614
957.39	36.490
957.82	36.395
958.25	36.318
958.68	36.225
959.11	36.095
959.54	35.959
959.97	35.872
960.40	35.797
960.83	35.651
961.26	35.549
961.69	35.406
962.12	35.225
962.55	35.040
962.98	34.906
963.41	34.790
963.84	34.688
964.27	34.554
964.70	34.455
965.13	34.349
965.56	34.233
965.99	34.120
966.42	34.013
966.84	33.925
967.27	33.868
967.70	33.789
968.13	33.753
968.56	33.691
968.99	33.661
969.42	33.595
969.85	33.528
970.28	33.421
970.71	33.382
971.14	33.358
971.57	33.344
972.00	33.283
972.42	33.229
972.85	33.185
973.28	33.148
973.71	33.071
974.14	33.046
974.57	33.036
975.00	32.991
975.43	32.961
975.86	32.942
976.28	32.899
976.71	32.862
977.14	32.808
977.57	32.797
978.00	32.777
978.43	32.739
978.86	32.700
979.29	32.742
979.71	32.758
980.14	32.730
980.57	32.747
981.00	32.782
981.43	32.833
981.86	32.809
982.28	32.784
982.71	32.838
983.14	32.868
983.57	32.800
984.00	32.858
984.43	32.854
984.85	32.940
985.28	33.024
985.71	33.094
986.14	33.168
986.57	33.245
986.99	33.255
987.42	33.273
987.85	33.340
988.28	33.467
988.71	33.526
989.13	33.600
989.56	33.706
989.99	33.850
990.42	33.895
990.85	34.078
991.27	34.157
991.70	34.294
992.13	34.366
992.56	34.474
992.98	34.602
993.41	34.773
993.84	34.811
994.27	34.803
994.70	34.853
995.12	34.989
995.55	35.031
995.98	35.068
996.41	35.282
996.83	35.452
997.26	35.530
997.69	35.645
998.11	35.742
998.54	35.902
998.97	36.018
999.40	36.146
999.82	36.246
1000.25	36.447
1000.68	36.559
1001.11	36.630
1001.53	36.754
1001.96	36.873
1002.39	37.017
1002.81	37.083
1003.24	37.275
1003.67	37.469
1004.09	37.600
1004.52	37.791
1004.95	37.942
1005.38	38.073
1005.80	38.202
1006.23	38.320
1006.66	38.448
1007.08	38.560
1007.51	38.603
1007.94	38.746
1008.36	38.793
1008.79	38.900
1009.22	38.994
1009.64	39.102
1010.07	39.284
1010.50	39.383
1010.92	39.554
1011.35	39.641
1011.77	39.774
1012.20	39.852
1012.63	39.950
1013.05	40.033
1013.48	40.126
1013.91	40.122
1014.33	40.244
1014.76	40.284
1015.19	40.286
1015.61	40.374
1016.04	40.580
1016.46	40.715
1016.89	40.729
1017.32	40.831
1017.74	40.964
1018.17	41.071
1018.59	41.093
1019.02	41.256
1019.45	41.353
1019.87	41.342
1020.30	41.435
1020.72	41.498
1021.15	41.702
1021.58	41.805
1022.00	41.777
1022.43	41.923
1022.85	42.178
1023.28	42.198
1023.70	42.329
1024.13	42.363
1024.55	42.486
1024.98	42.498
1025.41	42.401
1025.83	42.411
1026.26	42.442
1026.68	42.367
1027.11	42.385
1027.53	42.295
1027.96	42.374
1028.38	42.423
1028.81	42.447
1029.23	42.551
1029.66	42.643
1030.08	42.807
1030.51	42.920
1030.94	43.023
1031.36	43.095
1031.79	43.251
1032.21	43.188
1032.64	43.303
1033.06	43.387
1033.49	43.325
1033.91	43.203
1034.34	43.291
1034.76	43.453
1035.19	43.490
1035.61	43.484
1036.03	43.624
1036.46	43.748
1036.88	43.788
1037.31	43.703
1037.73	43.599
1038.16	43.491
1038.58	43.532
1039.01	43.334
1039.43	43.339
1039.86	43.373
1040.28	43.286
1040.71	43.220
1041.13	43.265
1041.55	42.988
1041.98	43.024
1042.40	43.033
1042.83	43.115
1043.25	42.987
1043.68	43.127
1044.10	43.364
1044.52	43.357
1044.95	43.233
1045.37	43.264
1045.80	43.145
1046.22	43.384
1046.65	43.359
1047.07	43.718
1047.49	43.670
1047.92	43.459
1048.34	43.355
1048.77	43.395
1049.19	43.244
1049.61	42.872
1050.04	42.522
1050.46	42.775
1050.89	42.884
1051.31	42.809
1051.73	42.800
1052.16	42.860
1052.58	42.597
1053.00	42.275
1053.43	41.840
1053.85	42.079
1054.27	42.440
1054.70	42.159
1055.12	42.054
1055.55	42.346
1055.97	42.098
1056.39	42.056
1056.82	42.051
1057.24	41.900
1057.66	41.987
1058.09	42.003
1058.51	42.327
1058.93	42.554
1059.36	42.840
1059.78	42.385
1060.20	41.973
1060.62	42.018
1061.05	42.039
1061.47	41.826
1061.89	41.649
1062.32	41.683
1062.74	41.466
1063.16	40.801
1063.59	40.588
1064.01	40.602
1064.43	40.185
1064.85	39.849
1065.28	39.765
1065.70	39.302
1066.12	39.388
1066.55	38.758
1066.97	38.251
1067.39	38.068
1067.81	37.652
1068.24	36.450
1068.66	36.557
1069.08	36.532
1069.50	36.193
1069.93	35.717
1070.35	35.085
1070.77	34.922
1071.19	34.904
1071.62	34.692
1072.04	34.971
1072.46	34.477
1072.88	34.279
1073.31	34.027
1073.73	33.437
1074.15	33.176
1074.57	33.036
1075.00	31.888
1075.42	31.389
1075.84	30.810
1076.26	30.552
1076.68	30.878
1077.11	30.718
1077.53	30.162
1077.95	29.926
1078.37	29.262
1078.79	29.090
1079.22	28.345
1079.64	28.524
1080.06	28.393
1080.48	26.939
1080.90	26.174
1081.32	25.926
1081.75	25.450
1082.17	24.691
1082.59	23.675
1083.01	23.742
1083.43	23.750
1083.85	23.971
1084.28	23.561
1084.70	23.192
1085.12	22.009
1085.54	20.298
1085.96	18.565
1086.38	18.060
1086.80	17.834
1087.23	16.918
1087.65	16.715
1088.07	16.618
1088.49	15.635
1088.91	14.494
1089.33	12.536
1089.75	11.246
1090.17	10.747
1090.60	7.968
1091.02	6.461
1091.44	5.166
1091.86	4.648
1092.28	2.995
1092.70	-0.372
1093.12	-2.284
1093.54	-2.865
1093.96	-4.532
1094.38	-5.302
1094.81	-6.905
1095.23	-7.002
1095.65	-9.202
1096.07	-10.589
1096.49	-12.827
1096.91	-13.804
1097.33	-16.243
1097.75	-19.219
1098.17	-20.588
1098.59	-22.156
1099.01	-23.782
1099.43	-25.253
1099.85	-27.252
1100.27	-29.963
1100.69	-33.234
1101.11	-34.442
1101.53	-35.524
1101.95	-35.346
1102.38	-50.322
1102.80	-36.108
1103.22	-33.285
1103.64	-44.871
1104.06	-98.039
1104.48	-95.786
1104.90	-13.129
1105.32	-53.218
1105.74	-64.413
1106.16	-28.160
