188.40	-139.900
188.88	-329.243
189.35	381.058
189.83	953.913
190.30	-1166.667
190.78	-302.404
191.26	-255.556
191.73	890.566
192.21	-1673.913
192.68	-164.695
193.16	-921.431
193.63	-1088.366
194.11	-1155.093
194.58	-1073.600
195.06	-879.917
195.53	-574.918
196.01	-464.016
196.48	-405.071
196.96	-338.466
197.43	-282.489
197.91	-258.376
198.38	-233.632
198.86	-187.070
199.33	-154.207
199.81	-149.190
200.28	-143.271
200.76	-126.609
201.23	-115.241
201.71	-105.893
202.18	-99.606
202.66	-90.188
203.13	-84.073
203.61	-79.789
204.08	-72.308
204.55	-65.936
205.03	-60.643
205.50	-59.675
205.98	-61.452
206.45	-60.417
206.93	-58.529
207.40	-58.640
207.88	-57.360
208.35	-54.755
208.82	-58.664
209.30	-60.861
209.77	-59.512
210.25	-57.265
210.72	-56.881
211.20	-59.379
211.67	-57.621
212.14	-56.819
212.62	-54.291
213.09	-52.234
213.57	-49.569
214.04	-48.771
214.52	-48.300
214.99	-46.944
215.46	-48.463
215.94	-48.451
216.41	-47.256
216.89	-46.498
217.36	-45.409
217.83	-45.655
218.31	-46.572
218.78	-44.487
219.25	-44.320
219.73	-44.880
220.20	-47.013
220.68	-47.418
221.15	-47.301
221.62	-47.327
222.10	-46.462
222.57	-46.032
223.04	-45.054
223.52	-48.131
223.99	-48.760
224.47	-48.395
224.94	-52.198
225.41	-51.633
225.89	-50.182
226.36	-52.453
226.83	-54.745
227.31	-57.569
227.78	-56.481
228.25	-55.079
228.73	-55.599
229.20	-54.141
229.67	-54.241
230.15	-52.982
230.62	-52.524
231.09	-54.327
231.57	-55.739
232.04	-55.568
232.51	-56.622
232.98	-58.392
233.46	-56.401
233.93	-55.809
234.40	-55.070
234.88	-52.626
235.35	-53.670
235.82	-54.217
236.30	-50.952
236.77	-49.982
237.24	-49.389
237.71	-49.730
238.19	-49.593
238.66	-50.040
239.13	-50.831
239.61	-51.770
240.08	-52.009
240.55	-50.566
241.02	-47.915
241.50	-44.715
241.97	-43.644
242.44	-44.590
242.91	-44.324
243.39	-44.882
243.86	-44.227
244.33	-44.649
244.80	-45.205
245.28	-45.321
245.75	-43.816
246.22	-46.839
246.69	-45.201
247.17	-43.897
247.64	-44.396
248.11	-45.351
248.58	-45.260
249.05	-46.302
249.53	-43.741
250.00	-42.677
250.47	-44.085
250.94	-45.744
251.42	-47.645
251.89	-48.077
252.36	-47.019
252.83	-48.287
253.30	-47.225
253.78	-48.027
254.25	-47.434
254.72	-47.007
255.19	-46.484
255.66	-45.980
256.13	-46.642
256.61	-47.117
257.08	-47.783
257.55	-47.639
258.02	-46.571
258.49	-47.092
258.97	-47.231
259.44	-48.285
259.91	-47.393
260.38	-45.407
260.85	-44.476
261.32	-43.523
261.79	-43.243
262.27	-42.238
262.74	-40.754
263.21	-39.070
263.68	-41.149
264.15	-42.123
264.62	-44.617
265.09	-45.158
265.57	-45.910
266.04	-45.435
266.51	-46.943
266.98	-48.759
267.45	-47.786
267.92	-48.103
268.39	-46.825
268.86	-46.573
269.34	-43.766
269.81	-44.847
270.28	-46.709
270.75	-43.531
271.22	-42.910
271.69	-42.408
272.16	-43.903
272.63	-43.810
273.10	-45.440
273.57	-43.670
274.05	-43.209
274.52	-40.207
274.99	-39.993
275.46	-39.963
275.93	-39.549
276.40	-40.396
276.87	-37.306
277.34	-36.749
277.81	-37.381
278.28	-39.150
278.75	-39.508
279.22	-40.475
279.69	-41.181
280.16	-41.207
280.63	-41.392
281.11	-42.923
281.58	-43.545
282.05	-42.468
282.52	-41.641
282.99	-39.724
283.46	-39.349
283.93	-38.213
284.40	-37.943
284.87	-35.899
285.34	-36.840
285.81	-37.885
286.28	-35.633
286.75	-34.428
287.22	-36.013
287.69	-35.783
288.16	-31.682
288.63	-30.600
289.10	-30.835
289.57	-30.474
290.04	-28.758
290.51	-29.709
290.98	-28.991
291.45	-29.042
291.92	-29.118
292.39	-29.118
292.86	-30.018
293.33	-29.201
293.80	-29.145
294.27	-30.151
294.74	-31.601
295.21	-30.238
295.68	-28.044
296.15	-27.922
296.62	-28.826
297.09	-27.605
297.56	-27.712
298.03	-27.981
298.49	-27.759
298.96	-28.450
299.43	-26.795
299.90	-27.905
300.37	-27.270
300.84	-27.468
301.31	-26.855
301.78	-26.734
302.25	-27.055
302.72	-27.520
303.19	-28.880
303.66	-27.432
304.13	-26.678
304.60	-26.812
305.07	-26.594
305.53	-25.117
306.00	-25.068
306.47	-25.430
306.94	-24.951
307.41	-23.801
307.88	-24.801
308.35	-25.632
308.82	-24.917
309.29	-25.339
309.76	-23.951
310.22	-24.224
310.69	-23.943
311.16	-22.445
311.63	-21.025
312.10	-20.972
312.57	-21.477
313.04	-21.354
313.51	-21.852
313.97	-22.308
314.44	-22.085
314.91	-21.182
315.38	-21.372
315.85	-21.268
316.32	-21.015
316.79	-20.492
317.25	-20.056
317.72	-21.073
318.19	-20.744
318.66	-20.138
319.13	-19.169
319.60	-20.514
320.07	-19.894
320.53	-19.493
321.00	-20.126
321.47	-19.579
321.94	-19.605
322.41	-18.702
322.87	-16.876
323.34	-17.575
323.81	-16.752
324.28	-15.385
324.75	-15.739
325.22	-16.562
325.68	-17.272
326.15	-16.481
326.62	-16.060
327.09	-15.978
327.56	-15.539
328.02	-14.886
328.49	-14.636
328.96	-15.061
329.43	-15.076
329.89	-16.098
330.36	-15.484
330.83	-15.245
331.30	-16.567
331.77	-16.295
332.23	-15.832
332.70	-15.834
333.17	-16.465
333.64	-17.234
334.10	-16.824
334.57	-15.792
335.04	-15.774
335.51	-15.117
335.97	-14.005
336.44	-13.366
336.91	-13.890
337.38	-13.655
337.84	-13.039
338.31	-12.456
338.78	-12.340
339.24	-11.764
339.71	-10.016
340.18	-9.243
340.65	-9.358
341.11	-8.959
341.58	-8.257
342.05	-7.419
342.52	-7.395
342.98	-6.516
343.45	-5.843
343.92	-5.408
344.38	-6.181
344.85	-5.961
345.32	-5.206
345.78	-5.603
346.25	-5.684
346.72	-5.250
347.18	-4.354
347.65	-4.189
348.12	-4.341
348.58	-4.328
349.05	-3.792
349.52	-3.595
349.99	-3.683
350.45	-3.618
350.92	-3.087
351.38	-2.453
351.85	-2.450
352.32	-2.580
352.78	-2.106
353.25	-1.392
353.72	-1.527
354.18	-1.298
354.65	-0.658
355.12	-0.446
355.58	-0.089
356.05	-0.080
356.52	0.081
356.98	0.304
357.45	0.476
357.91	0.587
358.38	0.858
358.85	1.199
359.31	1.187
359.78	1.220
360.25	1.390
360.71	1.749
361.18	1.689
361.64	1.527
362.11	1.739
362.58	1.856
363.04	1.910
363.51	2.063
363.97	2.429
364.44	2.474
364.91	2.475
365.37	2.239
365.84	2.282
366.30	2.543
366.77	2.658
367.23	2.615
367.70	2.671
368.17	2.827
368.63	2.830
369.10	2.879
369.56	2.728
370.03	2.851
370.49	2.801
370.96	2.748
371.42	2.896
371.89	3.055
372.36	3.269
372.82	3.053
373.29	3.049
373.75	3.092
374.22	3.256
374.68	3.338
375.15	3.413
375.61	3.518
376.08	3.608
376.54	3.529
377.01	3.549
377.47	3.602
377.94	3.647
378.40	3.677
378.87	3.636
379.33	3.855
379.80	3.972
380.26	3.904
380.73	3.922
381.19	3.981
381.66	4.060
382.12	3.994
382.59	4.086
383.05	4.161
383.52	4.191
383.98	4.103
384.45	4.109
384.91	4.147
385.38	4.229
385.84	4.175
386.31	4.124
386.77	4.181
387.24	4.281
387.70	4.295
388.16	4.299
388.63	4.411
389.09	4.528
389.56	4.546
390.02	4.603
390.49	4.646
390.95	4.701
391.42	4.737
391.88	4.732
392.34	4.805
392.81	4.897
393.27	4.998
393.74	5.055
394.20	5.098
394.67	5.233
395.13	5.270
395.59	5.349
396.06	5.390
396.52	5.448
396.99	5.522
397.45	5.503
397.91	5.477
398.38	5.398
398.84	5.339
399.31	5.302
399.77	5.283
400.23	5.316
400.70	5.285
401.16	5.204
401.63	5.162
402.09	5.129
402.55	5.096
403.02	4.973
403.48	4.889
403.94	4.889
404.41	4.828
404.87	4.765
405.33	4.697
405.80	4.747
406.26	4.771
406.73	4.743
407.19	4.773
407.65	4.878
408.12	5.002
408.58	5.100
409.04	5.198
409.51	5.319
409.97	5.421
410.43	5.564
410.90	5.723
411.36	5.941
411.82	6.130
412.29	6.286
412.75	6.475
413.21	6.698
413.67	6.914
414.14	7.115
414.60	7.322
415.06	7.538
415.53	7.749
415.99	7.922
416.45	8.066
416.92	8.210
417.38	8.336
417.84	8.441
418.30	8.484
418.77	8.567
419.23	8.619
419.69	8.623
420.16	8.590
420.62	8.528
421.08	8.462
421.54	8.375
422.01	8.279
422.47	8.178
422.93	8.074
423.39	7.907
423.86	7.750
424.32	7.586
424.78	7.449
425.24	7.282
425.71	7.128
426.17	7.008
426.63	6.910
427.09	6.819
427.56	6.726
428.02	6.667
428.48	6.617
428.94	6.556
429.41	6.486
429.87	6.481
430.33	6.635
430.79	6.803
431.25	6.978
431.72	7.209
432.18	7.482
432.64	7.775
433.10	8.091
433.56	8.426
434.03	8.824
434.49	9.203
434.95	9.587
435.41	9.982
435.87	10.387
436.34	10.804
436.80	11.186
437.26	11.584
437.72	11.985
438.18	12.381
438.64	12.777
439.11	13.169
439.57	13.538
440.03	13.801
440.49	14.027
440.95	14.228
441.41	14.384
441.88	14.511
442.34	14.603
442.80	14.660
443.26	14.681
443.72	14.644
444.18	14.586
444.64	14.491
445.11	14.381
445.57	14.238
446.03	14.068
446.49	13.883
446.95	13.678
447.41	13.454
447.87	13.210
448.33	12.959
448.79	12.719
449.26	12.488
449.72	12.262
450.18	12.037
450.64	11.838
451.10	11.658
451.56	11.491
452.02	11.341
452.48	11.228
452.94	11.147
453.40	11.108
453.87	11.109
454.33	11.139
454.79	11.218
455.25	11.319
455.71	11.459
456.17	11.647
456.63	11.892
457.09	12.171
457.55	12.473
458.01	12.818
458.47	13.214
458.93	13.630
459.39	14.056
459.85	14.511
460.31	14.981
460.77	15.461
461.24	15.965
461.70	16.483
462.16	16.996
462.62	17.522
463.08	18.026
463.54	18.511
464.00	19.015
464.46	19.483
464.92	19.933
465.38	20.350
465.84	20.747
466.30	21.108
466.76	21.431
467.22	21.726
467.68	21.988
468.14	22.199
468.60	22.365
469.06	22.508
469.52	22.602
469.98	22.665
470.44	22.684
470.90	22.664
471.36	22.613
471.82	22.528
472.28	22.395
472.74	22.237
473.20	22.057
473.66	21.844
474.12	21.599
474.58	21.327
475.04	21.049
475.50	20.755
475.95	20.441
476.41	20.122
476.87	19.803
477.33	19.479
477.79	19.157
478.25	18.844
478.71	18.533
479.17	18.240
479.63	17.960
480.09	17.695
480.55	17.451
481.01	17.238
481.47	17.054
481.93	16.904
482.39	16.790
482.84	16.713
483.30	16.674
483.76	16.676
484.22	16.713
484.68	16.787
485.14	16.898
485.60	17.057
486.06	17.261
486.52	17.500
486.98	17.775
487.44	18.088
487.89	18.430
488.35	18.806
488.81	19.213
489.27	19.643
489.73	20.105
490.19	20.593
490.65	21.097
491.11	21.616
491.56	22.145
492.02	22.677
492.48	23.215
492.94	23.752
493.40	24.286
493.86	24.825
494.32	25.350
494.77	25.866
495.23	26.359
495.69	26.834
496.15	27.294
496.61	27.736
497.07	28.150
497.52	28.542
497.98	28.914
498.44	29.256
498.90	29.569
499.36	29.849
499.82	30.090
500.27	30.288
500.73	30.459
501.19	30.599
501.65	30.710
502.11	30.782
502.56	30.828
503.02	30.833
503.48	30.807
503.94	30.753
504.40	30.666
504.85	30.552
505.31	30.412
505.77	30.236
506.23	30.039
506.69	29.819
507.14	29.572
507.60	29.301
508.06	29.003
508.52	28.693
508.97	28.366
509.43	28.029
509.89	27.685
510.35	27.331
510.80	26.972
511.26	26.617
511.72	26.260
512.18	25.897
512.63	25.551
513.09	25.203
513.55	24.865
514.01	24.543
514.46	24.238
514.92	23.946
515.38	23.680
515.84	23.434
516.29	23.219
516.75	23.028
517.21	22.863
517.66	22.727
518.12	22.620
518.58	22.551
519.04	22.515
519.49	22.513
519.95	22.550
520.41	22.613
520.86	22.704
521.32	22.836
521.78	23.005
522.23	23.200
522.69	23.437
523.15	23.704
523.61	24.001
524.06	24.329
524.52	24.683
524.98	25.060
525.43	25.459
525.89	25.873
526.35	26.306
526.80	26.759
527.26	27.228
527.72	27.716
528.17	28.203
528.63	28.699
529.09	29.198
529.54	29.696
530.00	30.202
530.45	30.709
530.91	31.209
531.37	31.699
531.82	32.182
532.28	32.649
532.74	33.106
533.19	33.545
533.65	33.955
534.10	34.345
534.56	34.714
535.02	35.058
535.47	35.382
535.93	35.690
536.39	35.974
536.84	36.233
537.30	36.463
537.75	36.668
538.21	36.835
538.67	36.984
539.12	37.108
539.58	37.203
540.03	37.267
540.49	37.315
540.94	37.334
541.40	37.322
541.86	37.286
542.31	37.216
542.77	37.127
543.22	37.024
543.68	36.903
544.13	36.760
544.59	36.597
545.05	36.408
545.50	36.201
545.96	35.968
546.41	35.720
546.87	35.459
547.32	35.183
547.78	34.900
548.23	34.595
548.69	34.275
549.14	33.948
549.60	33.610
550.06	33.261
550.51	32.912
550.97	32.560
551.42	32.202
551.88	31.847
552.33	31.488
552.79	31.132
553.24	30.777
553.70	30.434
554.15	30.103
554.61	29.792
555.06	29.484
555.52	29.191
555.97	28.913
556.43	28.655
556.88	28.412
557.34	28.195
557.79	28.006
558.25	27.839
558.70	27.692
559.15	27.575
559.61	27.485
560.06	27.417
560.52	27.379
560.97	27.376
561.43	27.403
561.88	27.459
562.34	27.547
562.79	27.662
563.25	27.804
563.70	27.969
564.16	28.164
564.61	28.385
565.06	28.634
565.52	28.906
565.97	29.204
566.43	29.529
566.88	29.870
567.34	30.232
567.79	30.615
568.24	31.017
568.70	31.432
569.15	31.858
569.61	32.296
570.06	32.743
570.51	33.199
570.97	33.669
571.42	34.143
571.88	34.629
572.33	35.111
572.78	35.589
573.24	36.071
573.69	36.540
574.15	37.018
574.60	37.481
575.05	37.945
575.51	38.402
575.96	38.851
576.42	39.304
576.87	39.740
577.32	40.169
577.78	40.577
578.23	40.975
578.68	41.358
579.14	41.732
579.59	42.085
580.04	42.410
580.50	42.714
580.95	43.000
581.40	43.262
581.86	43.515
582.31	43.750
582.76	43.972
583.22	44.176
583.67	44.349
584.12	44.511
584.58	44.639
585.03	44.745
585.48	44.824
585.94	44.865
586.39	44.880
586.84	44.884
587.30	44.880
587.75	44.845
588.20	44.795
588.66	44.724
589.11	44.632
589.56	44.529
590.01	44.412
590.47	44.262
590.92	44.101
591.37	43.920
591.83	43.713
592.28	43.485
592.73	43.242
593.18	42.988
593.64	42.721
594.09	42.438
594.54	42.146
594.99	41.851
595.45	41.547
595.90	41.235
596.35	40.903
596.80	40.554
597.26	40.204
597.71	39.841
598.16	39.468
598.61	39.097
599.07	38.722
599.52	38.336
599.97	37.963
600.42	37.581
600.88	37.200
601.33	36.825
601.78	36.456
602.23	36.086
602.69	35.723
603.14	35.361
603.59	35.011
604.04	34.669
604.49	34.328
604.95	33.997
605.40	33.694
605.85	33.403
606.30	33.124
606.75	32.865
607.21	32.626
607.66	32.406
608.11	32.204
608.56	32.018
609.01	31.852
609.46	31.709
609.92	31.588
610.37	31.485
610.82	31.411
611.27	31.360
611.72	31.337
612.17	31.329
612.63	31.349
613.08	31.387
613.53	31.448
613.98	31.541
614.43	31.660
614.88	31.790
615.34	31.941
615.79	32.108
616.24	32.293
616.69	32.497
617.14	32.724
617.59	32.964
618.04	33.222
618.49	33.498
618.95	33.783
619.40	34.085
619.85	34.410
620.30	34.739
620.75	35.074
621.20	35.424
621.65	35.783
622.10	36.147
622.55	36.529
623.00	36.915
623.46	37.301
623.91	37.682
624.36	38.068
624.81	38.457
625.26	38.851
625.71	39.245
626.16	39.646
626.61	40.043
627.06	40.436
627.51	40.831
627.96	41.217
628.41	41.603
628.86	41.977
629.32	42.340
629.77	42.704
630.22	43.060
630.67	43.408
631.12	43.745
631.57	44.082
632.02	44.401
632.47	44.703
632.92	45.007
633.37	45.312
633.82	45.600
634.27	45.869
634.72	46.130
635.17	46.374
635.62	46.596
636.07	46.798
636.52	46.981
636.97	47.159
637.42	47.322
637.87	47.471
638.32	47.603
638.77	47.728
639.22	47.838
639.67	47.933
640.12	48.011
640.57	48.077
641.02	48.122
641.47	48.151
641.92	48.177
642.37	48.168
642.82	48.132
643.27	48.080
643.72	48.021
644.17	47.946
644.62	47.860
645.07	47.758
645.52	47.657
645.97	47.550
646.42	47.416
646.87	47.275
647.32	47.140
647.77	47.004
648.22	46.845
648.66	46.665
649.11	46.458
649.56	46.237
650.01	46.011
650.46	45.782
650.91	45.552
651.36	45.295
651.81	45.030
652.26	44.770
652.71	44.495
653.16	44.212
653.61	43.921
654.06	43.627
654.50	43.325
654.95	43.005
655.40	42.678
655.85	42.354
656.30	42.024
656.75	41.671
657.20	41.309
657.65	40.952
658.10	40.594
658.55	40.253
658.99	39.923
659.44	39.589
659.89	39.253
660.34	38.908
660.79	38.572
661.24	38.249
661.69	37.929
662.13	37.621
662.58	37.308
663.03	37.008
663.48	36.708
663.93	36.417
664.38	36.138
664.83	35.872
665.27	35.609
665.72	35.348
666.17	35.105
666.62	34.869
667.07	34.640
667.52	34.426
667.96	34.212
668.41	34.005
668.86	33.813
669.31	33.630
669.76	33.470
670.21	33.330
670.65	33.204
671.10	33.085
671.55	32.983
672.00	32.904
672.45	32.836
672.89	32.784
673.34	32.738
673.79	32.704
674.24	32.686
674.68	32.680
675.13	32.695
675.58	32.728
676.03	32.775
676.48	32.826
676.92	32.886
677.37	32.976
677.82	33.080
678.27	33.187
678.71	33.309
679.16	33.440
679.61	33.581
680.06	33.733
680.50	33.894
680.95	34.080
681.40	34.273
681.85	34.461
682.29	34.661
682.74	34.886
683.19	35.114
683.64	35.345
684.08	35.600
684.53	35.866
684.98	36.136
685.43	36.421
685.87	36.712
686.32	37.008
686.77	37.291
687.21	37.567
687.66	37.863
688.11	38.173
688.55	38.481
689.00	38.783
689.45	39.105
689.90	39.435
690.34	39.750
690.79	40.059
691.24	40.385
691.68	40.711
692.13	41.018
692.58	41.315
693.02	41.623
693.47	41.915
693.92	42.199
694.36	42.471
694.81	42.749
695.26	43.029
695.70	43.300
696.15	43.577
696.60	43.862
697.04	44.132
697.49	44.377
697.94	44.607
698.38	44.849
698.83	45.079
699.27	45.301
699.72	45.499
700.17	45.706
700.61	45.906
701.06	46.104
701.51	46.304
701.95	46.508
702.40	46.705
702.84	46.897
703.29	47.076
703.74	47.235
704.18	47.384
704.63	47.527
705.07	47.664
705.52	47.787
705.97	47.897
706.41	47.992
706.86	48.079
707.30	48.173
707.75	48.267
708.20	48.341
708.64	48.391
709.09	48.431
709.53	48.458
709.98	48.478
710.42	48.470
710.87	48.438
711.32	48.405
711.76	48.360
712.21	48.304
712.65	48.244
713.10	48.193
713.54	48.125
713.99	48.050
714.43	47.972
714.88	47.872
715.33	47.750
715.77	47.633
716.22	47.519
716.66	47.389
717.11	47.240
717.55	47.092
718.00	46.946
718.44	46.800
718.89	46.633
719.33	46.471
719.78	46.319
720.22	46.161
720.67	45.990
721.11	45.819
721.56	45.644
722.00	45.445
722.45	45.237
722.89	45.028
723.34	44.813
723.78	44.610
724.23	44.408
724.67	44.206
725.12	43.987
725.56	43.762
726.01	43.530
726.45	43.290
726.90	43.028
727.34	42.762
727.78	42.513
728.23	42.267
728.67	41.998
729.12	41.723
729.56	41.466
730.01	41.196
730.45	40.899
730.90	40.597
731.34	40.332
731.79	40.070
732.23	39.787
732.67	39.493
733.12	39.187
733.56	38.914
734.01	38.648
734.45	38.369
734.89	38.105
735.34	37.864
735.78	37.619
736.23	37.377
736.67	37.131
737.12	36.888
737.56	36.644
738.00	36.408
738.45	36.181
738.89	35.958
739.34	35.765
739.78	35.601
740.22	35.431
740.67	35.241
741.11	35.049
741.55	34.879
742.00	34.724
742.44	34.567
742.89	34.401
743.33	34.248
743.77	34.126
744.22	34.006
744.66	33.872
745.10	33.742
745.55	33.620
745.99	33.528
746.43	33.446
746.88	33.363
747.32	33.284
747.76	33.224
748.21	33.187
748.65	33.138
749.09	33.075
749.54	33.024
749.98	32.998
750.42	32.991
750.87	32.977
751.31	32.968
751.75	32.985
752.20	33.020
752.64	33.066
753.08	33.109
753.53	33.143
753.97	33.203
754.41	33.275
754.85	33.370
755.30	33.459
755.74	33.548
756.18	33.671
756.63	33.823
757.07	33.975
757.51	34.095
757.95	34.229
758.40	34.390
758.84	34.563
759.28	34.729
759.72	34.891
760.17	35.073
760.61	35.273
761.05	35.472
761.50	35.656
761.94	35.837
762.38	36.024
762.82	36.242
763.26	36.458
763.71	36.674
764.15	36.883
764.59	37.087
765.03	37.284
765.48	37.486
765.92	37.673
766.36	37.856
766.80	38.068
767.25	38.284
767.69	38.501
768.13	38.730
768.57	38.972
769.01	39.216
769.46	39.453
769.90	39.689
770.34	39.913
770.78	40.146
771.22	40.399
771.67	40.674
772.11	40.927
772.55	41.176
772.99	41.405
773.43	41.631
773.87	41.887
774.32	42.153
774.76	42.405
775.20	42.639
775.64	42.878
776.08	43.135
776.52	43.385
776.97	43.624
777.41	43.849
777.85	44.064
778.29	44.289
778.73	44.530
779.17	44.766
779.62	44.992
780.06	45.212
780.50	45.422
780.94	45.619
781.38	45.812
781.82	46.000
782.26	46.210
782.70	46.421
783.15	46.614
783.59	46.797
784.03	46.963
784.47	47.136
784.91	47.285
785.35	47.424
785.79	47.561
786.23	47.696
786.67	47.824
787.11	47.952
787.56	48.061
788.00	48.167
788.44	48.262
788.88	48.367
789.32	48.466
789.76	48.559
790.20	48.648
790.64	48.741
791.08	48.835
791.52	48.911
791.96	48.959
792.40	49.006
792.84	49.072
793.28	49.158
793.73	49.234
794.17	49.309
794.61	49.353
795.05	49.405
795.49	49.430
795.93	49.442
796.37	49.445
796.81	49.456
797.25	49.464
797.69	49.456
798.13	49.437
798.57	49.410
799.01	49.381
799.45	49.326
799.89	49.249
800.33	49.175
800.77	49.117
801.21	49.073
801.65	49.000
802.09	48.902
802.53	48.792
802.97	48.685
803.41	48.589
803.85	48.501
804.29	48.406
804.73	48.337
805.17	48.240
805.61	48.130
806.05	48.007
806.49	47.858
806.93	47.737
807.37	47.619
807.81	47.516
808.25	47.387
808.69	47.243
809.13	47.108
809.57	46.959
810.01	46.802
810.44	46.626
810.88	46.463
811.32	46.303
811.76	46.144
812.20	45.975
812.64	45.802
813.08	45.617
813.52	45.409
813.96	45.175
814.40	44.988
814.84	44.813
815.28	44.636
815.72	44.458
816.16	44.259
816.59	44.060
817.03	43.848
817.47	43.650
817.91	43.481
818.35	43.304
818.79	43.135
819.23	42.949
819.67	42.772
820.11	42.584
820.54	42.386
820.98	42.171
821.42	41.969
821.86	41.752
822.30	41.541
822.74	41.345
823.18	41.156
823.62	40.935
824.05	40.713
824.49	40.511
824.93	40.318
825.37	40.127
825.81	39.940
826.25	39.739
826.69	39.506
827.12	39.259
827.56	39.026
828.00	38.795
828.44	38.590
828.88	38.383
829.32	38.171
829.75	37.966
830.19	37.774
830.63	37.569
831.07	37.369
831.51	37.168
831.94	36.959
832.38	36.758
832.82	36.582
833.26	36.422
833.70	36.259
834.13	36.084
834.57	35.913
835.01	35.738
835.45	35.591
835.89	35.463
836.32	35.338
836.76	35.204
837.20	35.059
837.64	34.921
838.08	34.799
838.51	34.719
838.95	34.638
839.39	34.552
839.83	34.472
840.26	34.407
840.70	34.352
841.14	34.297
841.58	34.247
842.01	34.204
842.45	34.155
842.89	34.101
843.33	34.048
843.76	34.009
844.20	33.980
844.64	33.946
845.08	33.916
845.51	33.887
845.95	33.873
846.39	33.875
846.82	33.856
847.26	33.839
847.70	33.792
848.14	33.766
848.57	33.751
849.01	33.746
849.45	33.736
849.88	33.731
850.32	33.742
850.76	33.768
851.19	33.804
851.63	33.849
852.07	33.897
852.50	33.957
852.94	34.000
853.38	34.040
853.81	34.090
854.25	34.153
854.69	34.231
855.12	34.327
855.56	34.417
856.00	34.526
856.43	34.651
856.87	34.785
857.31	34.920
857.74	35.055
858.18	35.179
858.62	35.317
859.05	35.443
859.49	35.571
859.93	35.687
860.36	35.813
860.80	35.936
861.24	36.065
861.67	36.192
862.11	36.323
862.54	36.456
862.98	36.602
863.42	36.771
863.85	36.949
864.29	37.112
864.72	37.288
865.16	37.449
865.60	37.606
866.03	37.768
866.47	37.918
866.90	38.078
867.34	38.259
867.78	38.455
868.21	38.674
868.65	38.910
869.08	39.143
869.52	39.346
869.95	39.534
870.39	39.731
870.83	39.947
871.26	40.182
871.70	40.430
872.13	40.655
872.57	40.872
873.00	41.072
873.44	41.271
873.87	41.452
874.31	41.643
874.75	41.822
875.18	42.015
875.62	42.212
876.05	42.395
876.49	42.606
876.92	42.832
877.36	43.057
877.79	43.256
878.23	43.451
878.66	43.645
879.10	43.870
879.53	44.089
879.97	44.290
880.40	44.477
880.84	44.665
881.27	44.860
881.71	45.023
882.14	45.187
882.58	45.361
883.01	45.548
883.45	45.755
883.88	45.958
884.32	46.127
884.75	46.298
885.19	46.486
885.62	46.661
886.06	46.826
886.49	46.991
886.92	47.153
887.36	47.329
887.79	47.502
888.23	47.663
888.66	47.814
889.10	47.956
889.53	48.081
889.97	48.214
890.40	48.330
890.83	48.451
891.27	48.578
891.70	48.711
892.14	48.851
892.57	48.977
893.01	49.127
893.44	49.293
893.87	49.460
894.31	49.634
894.74	49.765
895.18	49.864
895.61	49.944
896.04	50.012
896.48	50.061
896.91	50.113
897.35	50.152
897.78	50.194
898.21	50.260
898.65	50.353
899.08	50.426
899.52	50.505
899.95	50.596
900.38	50.686
900.82	50.786
901.25	50.880
901.68	50.959
902.12	51.012
902.55	51.081
902.99	51.170
903.42	51.229
903.85	51.293
904.29	51.383
904.72	51.465
905.15	51.527
905.59	51.584
906.02	51.668
906.45	51.746
906.89	51.802
907.32	51.865
907.75	51.926
908.19	51.963
908.62	51.983
909.05	51.980
909.49	51.965
909.92	51.935
910.35	51.884
910.78	51.827
911.22	51.751
911.65	51.665
912.08	51.554
912.52	51.464
912.95	51.401
913.38	51.291
913.82	51.180
914.25	51.108
914.68	51.054
915.11	50.986
915.55	50.902
915.98	50.834
916.41	50.737
916.84	50.642
917.28	50.542
917.71	50.462
918.14	50.412
918.58	50.353
919.01	50.247
919.44	50.142
919.87	50.059
920.31	50.027
920.74	49.975
921.17	49.875
921.60	49.786
922.03	49.667
922.47	49.555
922.90	49.434
923.33	49.301
923.76	49.186
924.20	49.062
924.63	48.939
925.06	48.795
925.49	48.640
925.92	48.477
926.36	48.333
926.79	48.185
927.22	48.048
927.65	47.898
928.08	47.764
928.52	47.646
928.95	47.498
929.38	47.311
929.81	47.135
930.24	47.009
930.68	46.842
931.11	46.669
931.54	46.519
931.97	46.395
932.40	46.254
932.83	46.094
933.27	45.927
933.70	45.757
934.13	45.625
934.56	45.490
934.99	45.321
935.42	45.136
935.85	44.975
936.29	44.762
936.72	44.571
937.15	44.406
937.58	44.231
938.01	44.080
938.44	43.918
938.87	43.730
939.31	43.545
939.74	43.383
940.17	43.211
940.60	43.028
941.03	42.823
941.46	42.652
941.89	42.476
942.32	42.289
942.75	42.103
943.18	41.916
943.62	41.709
944.05	41.502
944.48	41.306
944.91	41.102
945.34	40.909
945.77	40.706
946.20	40.498
946.63	40.319
947.06	40.107
947.49	39.893
947.92	39.711
948.35	39.505
948.78	39.279
949.22	39.072
949.65	38.865
950.08	38.674
950.51	38.449
950.94	38.211
951.37	38.020
951.80	37.852
952.23	37.662
952.66	37.495
953.09	37.367
953.52	37.269
953.95	37.131
954.38	36.988
954.81	36.850
955.24	36.732
955.67	36.574
956.10	36.431
956.53	36.301
956.96	36.186
957.39	36.047
957.82	35.934
958.25	35.831
958.68	35.725
959.11	35.579
959.54	35.425
959.97	35.339
960.40	35.256
960.83	35.160
961.26	35.042
961.69	34.943
962.12	34.820
962.55	34.639
962.98	34.480
963.41	34.354
963.84	34.262
964.27	34.135
964.70	34.048
965.13	33.947
965.56	33.870
965.99	33.769
966.42	33.674
966.84	33.608
967.27	33.533
967.70	33.472
968.13	33.423
968.56	33.404
968.99	33.331
969.42	33.242
969.85	33.136
970.28	33.060
970.71	33.008
971.14	32.978
971.57	32.937
972.00	32.883
972.42	32.805
972.85	32.747
973.28	32.703
973.71	32.590
974.14	32.537
974.57	32.508
975.00	32.446
975.43	32.405
975.86	32.309
976.28	32.282
976.71	32.230
977.14	32.156
977.57	32.107
978.00	32.083
978.43	32.053
978.86	32.048
979.29	32.030
979.71	32.024
980.14	31.990
980.57	31.934
981.00	31.919
981.43	31.991
981.86	32.018
982.28	31.985
982.71	31.980
983.14	32.010
983.57	31.944
984.00	31.966
984.43	32.012
984.85	32.146
985.28	32.190
985.71	32.229
986.14	32.313
986.57	32.413
986.99	32.498
987.42	32.468
987.85	32.481
988.28	32.598
988.71	32.615
989.13	32.603
989.56	32.719
989.99	32.900
990.42	33.007
990.85	33.111
991.27	33.203
991.70	33.343
992.13	33.412
992.56	33.454
992.98	33.468
993.41	33.571
993.84	33.597
994.27	33.653
994.70	33.698
995.12	33.778
995.55	33.865
995.98	33.921
996.41	34.066
996.83	34.233
997.26	34.328
997.69	34.420
998.11	34.481
998.54	34.582
998.97	34.623
999.40	34.664
999.82	34.738
1000.25	34.928
1000.68	35.078
1001.11	35.121
1001.53	35.263
1001.96	35.452
1002.39	35.576
1002.81	35.606
1003.24	35.688
1003.67	35.799
1004.09	35.969
1004.52	36.044
1004.95	36.070
1005.38	36.208
1005.80	36.403
1006.23	36.459
1006.66	36.575
1007.08	36.748
1007.51	36.886
1007.94	36.989
1008.36	37.036
1008.79	37.100
1009.22	37.164
1009.64	37.156
1010.07	37.262
1010.50	37.420
1010.92	37.452
1011.35	37.497
1011.77	37.598
1012.20	37.593
1012.63	37.777
1013.05	37.793
1013.48	37.761
1013.91	37.878
1014.33	37.922
1014.76	37.865
1015.19	37.912
1015.61	37.885
1016.04	37.996
1016.46	38.072
1016.89	38.090
1017.32	38.166
1017.74	38.224
1018.17	38.287
1018.59	38.360
1019.02	38.412
1019.45	38.474
1019.87	38.621
1020.30	38.659
1020.72	38.753
1021.15	39.002
1021.58	39.100
1022.00	39.239
1022.43	39.422
1022.85	39.638
1023.28	39.767
1023.70	39.746
1024.13	39.726
1024.55	39.829
1024.98	39.932
1025.41	39.841
1025.83	39.824
1026.26	39.960
1026.68	40.085
1027.11	40.113
1027.53	40.052
1027.96	40.113
1028.38	40.233
1028.81	40.278
1029.23	40.342
1029.66	40.322
1030.08	40.461
1030.51	40.371
1030.94	40.339
1031.36	40.295
1031.79	40.277
1032.21	40.194
1032.64	40.334
1033.06	40.431
1033.49	40.641
1033.91	40.483
1034.34	40.538
1034.76	40.501
1035.19	40.428
1035.61	40.314
1036.03	40.140
1036.46	40.217
1036.88	40.357
1037.31	40.155
1037.73	39.934
1038.16	39.866
1038.58	39.956
1039.01	39.639
1039.43	39.618
1039.86	39.595
1040.28	39.755
1040.71	39.741
1041.13	39.754
1041.55	39.464
1041.98	39.457
1042.40	39.138
1042.83	39.083
1043.25	38.972
1043.68	39.061
1044.10	39.156
1044.52	39.004
1044.95	39.068
1045.37	38.978
1045.80	38.789
1046.22	38.783
1046.65	38.924
1047.07	39.040
1047.49	39.264
1047.92	39.080
1048.34	38.957
1048.77	39.022
1049.19	38.605
1049.61	38.138
1050.04	37.823
1050.46	37.972
1050.89	37.993
1051.31	38.036
1051.73	38.233
1052.16	38.485
1052.58	38.416
1053.00	38.028
1053.43	37.885
1053.85	37.797
1054.27	37.879
1054.70	37.409
1055.12	37.186
1055.55	37.062
1055.97	36.716
1056.39	36.343
1056.82	36.418
1057.24	36.432
1057.66	36.091
1058.09	36.071
1058.51	36.132
1058.93	36.013
1059.36	35.925
1059.78	35.387
1060.20	34.674
1060.62	34.098
1061.05	33.721
1061.47	33.548
1061.89	33.241
1062.32	33.111
1062.74	32.806
1063.16	32.585
1063.59	32.387
1064.01	32.218
1064.43	32.048
1064.85	31.643
1065.28	30.862
1065.70	30.659
1066.12	30.192
1066.55	29.872
1066.97	29.678
1067.39	29.253
1067.81	29.158
1068.24	28.383
1068.66	27.950
1069.08	27.881
1069.50	27.344
1069.93	26.790
1070.35	25.925
1070.77	25.694
1071.19	25.248
1071.62	24.727
1072.04	24.103
1072.46	23.800
1072.88	23.360
1073.31	22.660
1073.73	21.930
1074.15	21.662
1074.57	21.323
1075.00	20.689
1075.42	19.706
1075.84	18.475
1076.26	17.676
1076.68	17.021
1077.11	16.273
1077.53	15.734
1077.95	15.642
1078.37	14.977
1078.79	13.564
1079.22	12.793
1079.64	12.129
1080.06	11.852
1080.48	10.658
1080.90	9.327
1081.32	8.709
1081.75	7.612
1082.17	6.612
1082.59	5.303
1083.01	4.145
1083.43	2.366
1083.85	1.327
1084.28	-0.111
1084.70	-0.517
1085.12	-1.094
1085.54	-3.000
1085.96	-4.821
1086.38	-5.789
1086.80	-6.541
1087.23	-7.497
1087.65	-7.153
1088.07	-8.012
1088.49	-10.256
1088.91	-12.987
1089.33	-14.313
1089.75	-15.698
1090.17	-16.540
1090.60	-18.111
1091.02	-21.715
1091.44	-22.490
1091.86	-23.602
1092.28	-26.170
1092.70	-29.890
1093.12	-32.407
1093.54	-34.832
1093.96	-37.888
1094.38	-40.405
1094.81	-42.961
1095.23	-45.721
1095.65	-50.586
1096.07	-51.556
1096.49	-56.717
1096.91	-59.055
1097.33	-61.415
1097.75	-66.225
1098.17	-68.879
1098.59	-70.556
1099.01	-72.906
1099.43	-76.337
1099.85	-80.278
1100.27	-82.793
1100.69	-85.988
1101.11	-87.801
1101.53	-89.130
1101.95	-90.809
1102.38	-64.171
1102.80	-124.968
1103.22	-61.047
1103.64	-101.606
1104.06	-242.424
1104.48	-87.153
1104.90	-132.147
1105.32	-121.034
1105.74	-89.014
1106.16	-152.640
