188.40	-36.728
188.88	-180.940
189.35	186.072
189.83	192.174
190.30	-315.686
190.78	-121.154
191.26	-135.266
191.73	354.717
192.21	592.754
192.68	-43.321
193.16	-197.430
193.63	-218.560
194.11	-223.359
194.58	-201.320
195.06	-142.755
195.53	-79.577
196.01	-57.671
196.48	-34.863
196.96	-22.802
197.43	-20.703
197.91	-21.223
198.38	-9.270
198.86	-0.140
199.33	6.435
199.81	2.676
200.28	6.118
200.76	6.625
201.23	3.103
201.71	4.354
202.18	9.845
202.66	13.664
203.13	12.963
203.61	10.934
204.08	14.692
204.55	18.278
205.03	18.935
205.50	16.774
205.98	16.942
206.45	19.564
206.93	19.518
207.40	16.769
207.88	19.324
208.35	19.622
208.82	17.537
209.30	15.192
209.77	17.774
210.25	19.655
210.72	20.500
211.20	19.013
211.67	22.195
212.14	22.072
212.62	20.866
213.09	19.394
213.57	20.681
214.04	23.954
214.52	22.245
214.99	21.115
215.46	22.920
215.94	23.283
216.41	22.497
216.89	23.004
217.36	24.275
217.83	25.210
218.31	24.680
218.78	23.516
219.25	24.508
219.73	24.707
220.20	23.788
220.68	21.574
221.15	21.229
221.62	22.862
222.10	21.096
222.57	20.687
223.04	19.938
223.52	20.925
223.99	19.330
224.47	18.497
224.94	16.517
225.41	18.901
225.89	20.361
226.36	18.852
226.83	17.063
227.31	18.909
227.78	19.939
228.25	19.300
228.73	18.020
229.20	20.359
229.67	19.726
230.15	18.921
230.62	19.328
231.09	19.125
231.57	18.075
232.04	18.261
232.51	14.342
232.98	18.270
233.46	18.926
233.93	17.366
234.40	17.158
234.88	18.343
235.35	17.413
235.82	16.335
236.30	15.307
236.77	18.018
237.24	15.901
237.71	14.314
238.19	13.042
238.66	14.072
239.13	14.450
239.61	14.651
240.08	12.391
240.55	13.572
241.02	16.728
241.50	15.920
241.97	15.775
242.44	18.140
242.91	19.280
243.39	18.564
243.86	15.650
244.33	17.272
244.80	18.741
245.28	19.143
245.75	17.675
246.22	18.149
246.69	19.360
247.17	20.407
247.64	20.428
248.11	22.040
248.58	22.850
249.05	21.325
249.53	21.516
250.00	22.907
250.47	25.913
250.94	24.390
251.42	22.605
251.89	24.348
252.36	26.210
252.83	24.070
253.30	21.728
253.78	22.866
254.25	25.331
254.72	23.338
255.19	22.066
255.66	23.534
256.13	24.799
256.61	25.090
257.08	23.783
257.55	21.291
258.02	23.823
258.49	22.156
258.97	20.824
259.44	18.022
259.91	18.983
260.38	18.602
260.85	16.201
261.32	15.700
261.79	17.590
262.27	16.763
262.74	17.131
263.21	19.279
263.68	20.051
264.15	19.123
264.62	18.657
265.09	17.117
265.57	17.694
266.04	16.578
266.51	13.358
266.98	12.070
267.45	13.413
267.92	12.630
268.39	13.042
268.86	11.966
269.34	16.190
269.81	15.919
270.28	13.981
270.75	15.194
271.22	16.660
271.69	17.214
272.16	16.892
272.63	16.777
273.10	16.701
273.57	17.440
274.05	17.613
274.52	17.033
274.99	17.876
275.46	19.951
275.93	20.514
276.40	19.203
276.87	21.333
277.34	22.067
277.81	21.575
278.28	21.642
278.75	21.938
279.22	24.131
279.69	23.498
280.16	21.712
280.63	23.138
281.11	23.758
281.58	23.042
282.05	21.470
282.52	19.083
282.99	19.969
283.46	19.540
283.93	17.654
284.40	18.754
284.87	20.108
285.34	20.275
285.81	17.739
286.28	19.052
286.75	22.124
287.22	22.812
287.69	21.776
288.16	22.465
288.63	24.922
289.10	23.499
289.57	22.729
290.04	22.755
290.51	25.902
290.98	25.654
291.45	23.806
291.92	23.835
292.39	26.660
292.86	27.151
293.33	26.769
293.80	26.229
294.27	28.756
294.74	28.145
295.21	26.724
295.68	26.937
296.15	27.317
296.62	26.506
297.09	25.098
297.56	23.809
298.03	25.714
298.49	25.212
298.96	23.378
299.43	24.393
299.90	26.288
300.37	26.225
300.84	26.142
301.31	24.808
301.78	27.139
302.25	26.918
302.72	25.480
303.19	24.482
303.66	26.625
304.13	26.892
304.60	24.878
305.07	23.158
305.53	25.211
306.00	26.006
306.47	24.778
306.94	24.240
307.41	25.049
307.88	25.137
308.35	25.010
308.82	23.685
309.29	23.104
309.76	23.515
310.22	22.298
310.69	21.285
311.16	23.026
311.63	24.321
312.10	24.015
312.57	23.099
313.04	23.703
313.51	23.801
313.97	23.839
314.44	23.845
314.91	24.358
315.38	25.450
315.85	24.883
316.32	24.027
316.79	25.097
317.25	26.119
317.72	24.722
318.19	22.465
318.66	23.422
319.13	25.735
319.60	24.428
320.07	22.745
320.53	22.444
321.00	22.588
321.47	22.333
321.94	21.749
322.41	21.293
322.87	22.889
323.34	21.368
323.81	19.515
324.28	19.459
324.75	19.901
325.22	19.404
325.68	18.246
326.15	17.775
326.62	18.864
327.09	18.863
327.56	18.465
328.02	18.952
328.49	19.357
328.96	18.870
329.43	18.872
329.89	17.961
330.36	19.428
330.83	19.395
331.30	18.182
331.77	17.622
332.23	18.351
332.70	18.645
333.17	18.038
333.64	16.502
334.10	17.688
334.57	17.801
335.04	16.409
335.51	15.582
335.97	15.379
336.44	15.999
336.91	14.928
337.38	13.914
337.84	13.991
338.31	14.402
338.78	13.813
339.24	13.361
339.71	14.623
340.18	15.698
340.65	15.219
341.11	14.275
341.58	14.967
342.05	15.682
342.52	14.978
342.98	14.748
343.45	14.895
343.92	14.733
344.38	14.040
344.85	13.091
345.32	14.063
345.78	14.664
346.25	14.079
346.72	13.899
347.18	14.204
347.65	14.930
348.12	14.273
348.58	13.244
349.05	13.155
349.52	12.920
349.99	12.013
350.45	11.414
350.92	11.283
351.38	11.352
351.85	10.934
352.32	10.483
352.78	10.673
353.25	11.311
353.72	11.297
354.18	10.936
354.65	11.342
355.12	11.484
355.58	11.253
356.05	10.694
356.52	10.552
356.98	10.653
357.45	10.591
357.91	10.398
358.38	10.311
358.85	10.721
359.31	10.571
359.78	9.949
360.25	9.768
360.71	9.884
361.18	9.895
361.64	9.511
362.11	9.240
362.58	9.268
363.04	9.073
363.51	8.803
363.97	8.720
364.44	8.714
364.91	8.708
365.37	8.396
365.84	8.129
366.30	8.263
366.77	8.252
367.23	8.004
367.70	7.719
368.17	7.806
368.63	7.781
369.10	7.703
369.56	7.705
370.03	7.789
370.49	7.826
370.96	7.704
371.42	7.618
371.89	7.617
372.36	7.723
372.82	7.543
373.29	7.477
373.75	7.596
374.22	7.666
374.68	7.597
375.15	7.532
375.61	7.610
376.08	7.667
376.54	7.506
377.01	7.342
377.47	7.429
377.94	7.496
378.40	7.385
378.87	7.213
379.33	7.270
379.80	7.386
380.26	7.264
380.73	7.113
381.19	7.105
381.66	7.166
382.12	7.151
382.59	7.062
383.05	6.970
383.52	7.014
383.98	6.926
384.45	6.734
384.91	6.707
385.38	6.703
385.84	6.658
386.31	6.558
386.77	6.482
387.24	6.549
387.70	6.532
388.16	6.505
388.63	6.480
389.09	6.501
389.56	6.523
390.02	6.474
390.49	6.383
390.95	6.491
391.42	6.537
391.88	6.488
392.34	6.495
392.81	6.581
393.27	6.674
393.74	6.651
394.20	6.671
394.67	6.795
395.13	6.828
395.59	6.836
396.06	6.840
396.52	6.904
396.99	6.988
397.45	6.925
397.91	6.818
398.38	6.805
398.84	6.806
399.31	6.700
399.77	6.647
400.23	6.669
400.70	6.649
401.16	6.537
401.63	6.376
402.09	6.388
402.55	6.363
403.02	6.216
403.48	6.122
403.94	6.093
404.41	6.083
404.87	6.022
405.33	5.930
405.80	5.973
406.26	5.986
406.73	5.941
407.19	5.937
407.65	6.017
408.12	6.184
408.58	6.230
409.04	6.310
409.51	6.471
409.97	6.635
410.43	6.750
410.90	6.876
411.36	7.077
411.82	7.285
412.29	7.451
412.75	7.605
413.21	7.823
413.67	8.055
414.14	8.228
414.60	8.391
415.06	8.573
415.53	8.768
415.99	8.959
416.45	9.064
416.92	9.189
417.38	9.317
417.84	9.401
418.30	9.421
418.77	9.430
419.23	9.463
419.69	9.400
420.16	9.320
420.62	9.242
421.08	9.182
421.54	9.090
422.01	8.936
422.47	8.787
422.93	8.686
423.39	8.507
423.86	8.335
424.32	8.167
424.78	8.033
425.24	7.897
425.71	7.732
426.17	7.598
426.63	7.525
427.09	7.450
427.56	7.339
428.02	7.270
428.48	7.257
428.94	7.216
429.41	7.160
429.87	7.142
430.33	7.313
430.79	7.491
431.25	7.666
431.72	7.897
432.18	8.177
432.64	8.491
433.10	8.818
433.56	9.143
434.03	9.534
434.49	9.918
434.95	10.275
435.41	10.647
435.87	11.051
436.34	11.450
436.80	11.823
437.26	12.207
437.72	12.607
438.18	12.978
438.64	13.356
439.11	13.751
439.57	14.110
440.03	14.366
440.49	14.571
440.95	14.731
441.41	14.880
441.88	14.992
442.34	15.045
442.80	15.066
443.26	15.053
443.72	15.028
444.18	14.943
444.64	14.824
445.11	14.702
445.57	14.545
446.03	14.382
446.49	14.168
446.95	13.940
447.41	13.722
447.87	13.488
448.33	13.235
448.79	12.969
449.26	12.743
449.72	12.512
450.18	12.289
450.64	12.088
451.10	11.936
451.56	11.781
452.02	11.646
452.48	11.545
452.94	11.480
453.40	11.458
453.87	11.466
454.33	11.522
454.79	11.622
455.25	11.749
455.71	11.879
456.17	12.083
456.63	12.354
457.09	12.649
457.55	12.958
458.01	13.297
458.47	13.711
458.93	14.135
459.39	14.564
459.85	15.003
460.31	15.480
460.77	15.955
461.24	16.457
461.70	16.951
462.16	17.456
462.62	17.967
463.08	18.442
463.54	18.915
464.00	19.380
464.46	19.834
464.92	20.246
465.38	20.642
465.84	21.015
466.30	21.347
466.76	21.642
467.22	21.899
467.68	22.128
468.14	22.315
468.60	22.455
469.06	22.564
469.52	22.643
469.98	22.683
470.44	22.687
470.90	22.634
471.36	22.562
471.82	22.464
472.28	22.317
472.74	22.141
473.20	21.946
473.66	21.723
474.12	21.469
474.58	21.190
475.04	20.896
475.50	20.601
475.95	20.284
476.41	19.960
476.87	19.640
477.33	19.321
477.79	19.010
478.25	18.704
478.71	18.403
479.17	18.123
479.63	17.852
480.09	17.590
480.55	17.369
481.01	17.178
481.47	17.014
481.93	16.883
482.39	16.786
482.84	16.732
483.30	16.718
483.76	16.740
484.22	16.801
484.68	16.902
485.14	17.041
485.60	17.221
486.06	17.439
486.52	17.703
486.98	18.006
487.44	18.335
487.89	18.694
488.35	19.087
488.81	19.507
489.27	19.948
489.73	20.412
490.19	20.903
490.65	21.410
491.11	21.929
491.56	22.452
492.02	22.984
492.48	23.517
492.94	24.049
493.40	24.569
493.86	25.099
494.32	25.616
494.77	26.113
495.23	26.589
495.69	27.042
496.15	27.478
496.61	27.892
497.07	28.279
497.52	28.648
497.98	28.993
498.44	29.318
498.90	29.606
499.36	29.866
499.82	30.086
500.27	30.265
500.73	30.405
501.19	30.522
501.65	30.610
502.11	30.663
502.56	30.683
503.02	30.666
503.48	30.616
503.94	30.540
504.40	30.432
504.85	30.296
505.31	30.149
505.77	29.965
506.23	29.752
506.69	29.515
507.14	29.260
507.60	28.982
508.06	28.668
508.52	28.351
508.97	28.022
509.43	27.685
509.89	27.332
510.35	26.982
510.80	26.634
511.26	26.284
511.72	25.931
512.18	25.579
512.63	25.240
513.09	24.908
513.55	24.581
514.01	24.271
514.46	23.989
514.92	23.715
515.38	23.466
515.84	23.241
516.29	23.050
516.75	22.883
517.21	22.745
517.66	22.636
518.12	22.559
518.58	22.518
519.04	22.505
519.49	22.535
519.95	22.594
520.41	22.682
520.86	22.796
521.32	22.948
521.78	23.143
522.23	23.365
522.69	23.620
523.15	23.911
523.61	24.232
524.06	24.576
524.52	24.943
524.98	25.335
525.43	25.750
525.89	26.174
526.35	26.611
526.80	27.064
527.26	27.532
527.72	28.016
528.17	28.500
528.63	28.990
529.09	29.484
529.54	29.985
530.00	30.486
530.45	30.983
530.91	31.475
531.37	31.948
531.82	32.420
532.28	32.876
532.74	33.317
533.19	33.738
533.65	34.126
534.10	34.499
534.56	34.850
535.02	35.175
535.47	35.480
535.93	35.760
536.39	36.022
536.84	36.260
537.30	36.472
537.75	36.653
538.21	36.801
538.67	36.929
539.12	37.031
539.58	37.097
540.03	37.138
540.49	37.160
540.94	37.162
541.40	37.127
541.86	37.062
542.31	36.975
542.77	36.867
543.22	36.745
543.68	36.601
544.13	36.437
544.59	36.263
545.05	36.062
545.50	35.847
545.96	35.608
546.41	35.349
546.87	35.075
547.32	34.789
547.78	34.499
548.23	34.189
548.69	33.862
549.14	33.533
549.60	33.195
550.06	32.848
550.51	32.497
550.97	32.150
551.42	31.801
551.88	31.452
552.33	31.101
552.79	30.757
553.24	30.419
553.70	30.093
554.15	29.770
554.61	29.471
555.06	29.181
555.52	28.906
555.97	28.647
556.43	28.406
556.88	28.188
557.34	27.992
557.79	27.821
558.25	27.676
558.70	27.557
559.15	27.468
559.61	27.399
560.06	27.356
560.52	27.341
560.97	27.364
561.43	27.415
561.88	27.496
562.34	27.609
562.79	27.748
563.25	27.911
563.70	28.097
564.16	28.313
564.61	28.552
565.06	28.819
565.52	29.109
565.97	29.424
566.43	29.768
566.88	30.128
567.34	30.503
567.79	30.896
568.24	31.308
568.70	31.731
569.15	32.169
569.61	32.615
570.06	33.070
570.51	33.530
570.97	33.997
571.42	34.467
571.88	34.954
572.33	35.433
572.78	35.913
573.24	36.392
573.69	36.858
574.15	37.325
574.60	37.781
575.05	38.231
575.51	38.679
575.96	39.115
576.42	39.547
576.87	39.966
577.32	40.380
577.78	40.767
578.23	41.143
578.68	41.505
579.14	41.860
579.59	42.192
580.04	42.500
580.50	42.782
580.95	43.050
581.40	43.290
581.86	43.523
582.31	43.735
582.76	43.933
583.22	44.118
583.67	44.276
584.12	44.418
584.58	44.536
585.03	44.619
585.48	44.672
585.94	44.700
586.39	44.700
586.84	44.683
587.30	44.658
587.75	44.608
588.20	44.544
588.66	44.455
589.11	44.352
589.56	44.233
590.01	44.099
590.47	43.938
590.92	43.761
591.37	43.561
591.83	43.340
592.28	43.103
592.73	42.848
593.18	42.580
593.64	42.296
594.09	42.001
594.54	41.706
594.99	41.406
595.45	41.094
595.90	40.775
596.35	40.441
596.80	40.093
597.26	39.741
597.71	39.376
598.16	39.004
598.61	38.630
599.07	38.256
599.52	37.878
599.97	37.511
600.42	37.134
600.88	36.761
601.33	36.397
601.78	36.035
602.23	35.669
602.69	35.316
603.14	34.971
603.59	34.637
604.04	34.308
604.49	33.985
604.95	33.670
605.40	33.382
605.85	33.113
606.30	32.854
606.75	32.615
607.21	32.397
607.66	32.199
608.11	32.015
608.56	31.851
609.01	31.713
609.46	31.591
609.92	31.490
610.37	31.413
610.82	31.362
611.27	31.335
611.72	31.338
612.17	31.359
612.63	31.399
613.08	31.458
613.53	31.536
613.98	31.647
614.43	31.781
614.88	31.928
615.34	32.091
615.79	32.279
616.24	32.482
616.69	32.700
617.14	32.938
617.59	33.191
618.04	33.459
618.49	33.738
618.95	34.030
619.40	34.341
619.85	34.672
620.30	35.006
620.75	35.346
621.20	35.699
621.65	36.068
622.10	36.444
622.55	36.826
623.00	37.221
623.46	37.615
623.91	38.007
624.36	38.402
624.81	38.796
625.26	39.190
625.71	39.581
626.16	39.981
626.61	40.373
627.06	40.763
627.51	41.153
627.96	41.539
628.41	41.919
628.86	42.290
629.32	42.648
629.77	42.999
630.22	43.346
630.67	43.685
631.12	44.010
631.57	44.331
632.02	44.642
632.47	44.933
632.92	45.217
633.37	45.500
633.82	45.764
634.27	46.014
634.72	46.257
635.17	46.485
635.62	46.687
636.07	46.884
636.52	47.060
636.97	47.219
637.42	47.361
637.87	47.486
638.32	47.599
638.77	47.705
639.22	47.798
639.67	47.870
640.12	47.926
640.57	47.962
641.02	47.981
641.47	47.988
641.92	47.991
642.37	47.968
642.82	47.916
643.27	47.857
643.72	47.787
644.17	47.692
644.62	47.591
645.07	47.476
645.52	47.352
645.97	47.228
646.42	47.080
646.87	46.930
647.32	46.794
647.77	46.650
648.22	46.475
648.66	46.286
649.11	46.079
649.56	45.853
650.01	45.621
650.46	45.388
650.91	45.154
651.36	44.892
651.81	44.619
652.26	44.356
652.71	44.072
653.16	43.788
653.61	43.498
654.06	43.201
654.50	42.894
654.95	42.573
655.40	42.241
655.85	41.918
656.30	41.586
656.75	41.230
657.20	40.871
657.65	40.523
658.10	40.170
658.55	39.836
658.99	39.510
659.44	39.183
659.89	38.861
660.34	38.519
660.79	38.189
661.24	37.877
661.69	37.565
662.13	37.268
662.58	36.961
663.03	36.670
663.48	36.379
663.93	36.101
664.38	35.839
664.83	35.588
665.27	35.341
665.72	35.094
666.17	34.860
666.62	34.634
667.07	34.424
667.52	34.226
667.96	34.020
668.41	33.824
668.86	33.652
669.31	33.485
669.76	33.341
670.21	33.218
670.65	33.111
671.10	33.010
671.55	32.921
672.00	32.854
672.45	32.798
672.89	32.763
673.34	32.738
673.79	32.718
674.24	32.713
674.68	32.723
675.13	32.756
675.58	32.807
676.03	32.869
676.48	32.935
676.92	33.010
677.37	33.110
677.82	33.231
678.27	33.347
678.71	33.474
679.16	33.614
679.61	33.765
680.06	33.920
680.50	34.087
680.95	34.284
681.40	34.487
681.85	34.690
682.29	34.904
682.74	35.133
683.19	35.372
683.64	35.621
684.08	35.881
684.53	36.146
684.98	36.422
685.43	36.708
685.87	37.003
686.32	37.298
686.77	37.590
687.21	37.872
687.66	38.175
688.11	38.493
688.55	38.804
689.00	39.106
689.45	39.437
689.90	39.769
690.34	40.077
690.79	40.390
691.24	40.713
691.68	41.030
692.13	41.334
692.58	41.620
693.02	41.919
693.47	42.207
693.92	42.488
694.36	42.758
694.81	43.031
695.26	43.298
695.70	43.567
696.15	43.834
696.60	44.110
697.04	44.367
697.49	44.601
697.94	44.826
698.38	45.060
698.83	45.273
699.27	45.487
699.72	45.681
700.17	45.876
700.61	46.067
701.06	46.251
701.51	46.433
701.95	46.623
702.40	46.800
702.84	46.977
703.29	47.149
703.74	47.300
704.18	47.437
704.63	47.566
705.07	47.686
705.52	47.798
705.97	47.889
706.41	47.964
706.86	48.029
707.30	48.111
707.75	48.187
708.20	48.246
708.64	48.278
709.09	48.312
709.53	48.330
709.98	48.336
710.42	48.323
710.87	48.290
711.32	48.257
711.76	48.198
712.21	48.139
712.65	48.063
713.10	47.997
713.54	47.918
713.99	47.833
714.43	47.748
714.88	47.637
715.33	47.504
715.77	47.386
716.22	47.273
716.66	47.133
717.11	46.982
717.55	46.828
718.00	46.682
718.44	46.521
718.89	46.340
719.33	46.165
719.78	46.000
720.22	45.839
720.67	45.655
721.11	45.471
721.56	45.285
722.00	45.086
722.45	44.871
722.89	44.658
723.34	44.447
723.78	44.246
724.23	44.045
724.67	43.842
725.12	43.629
725.56	43.397
726.01	43.167
726.45	42.922
726.90	42.662
727.34	42.395
727.78	42.145
728.23	41.895
728.67	41.632
729.12	41.365
729.56	41.105
730.01	40.840
730.45	40.563
730.90	40.265
731.34	39.989
731.79	39.724
732.23	39.448
732.67	39.158
733.12	38.856
733.56	38.583
734.01	38.326
734.45	38.055
734.89	37.798
735.34	37.557
735.78	37.330
736.23	37.092
736.67	36.853
737.12	36.617
737.56	36.392
738.00	36.164
738.45	35.943
738.89	35.721
739.34	35.535
739.78	35.375
740.22	35.211
740.67	35.036
741.11	34.860
741.55	34.707
742.00	34.558
742.44	34.410
742.89	34.256
743.33	34.115
743.77	34.001
744.22	33.893
744.66	33.771
745.10	33.651
745.55	33.541
745.99	33.463
746.43	33.394
746.88	33.325
747.32	33.263
747.76	33.212
748.21	33.193
748.65	33.159
749.09	33.112
749.54	33.074
749.98	33.062
750.42	33.070
750.87	33.066
751.31	33.063
751.75	33.085
752.20	33.130
752.64	33.189
753.08	33.236
753.53	33.282
753.97	33.355
754.41	33.441
754.85	33.545
755.30	33.637
755.74	33.742
756.18	33.868
756.63	34.017
757.07	34.174
757.51	34.304
757.95	34.443
758.40	34.605
758.84	34.779
759.28	34.960
759.72	35.123
760.17	35.307
760.61	35.514
761.05	35.716
761.50	35.909
761.94	36.092
762.38	36.279
762.82	36.506
763.26	36.725
763.71	36.937
764.15	37.143
764.59	37.350
765.03	37.556
765.48	37.759
765.92	37.947
766.36	38.135
766.80	38.346
767.25	38.564
767.69	38.784
768.13	39.023
768.57	39.262
769.01	39.510
769.46	39.741
769.90	39.973
770.34	40.201
770.78	40.425
771.22	40.669
771.67	40.943
772.11	41.198
772.55	41.440
772.99	41.663
773.43	41.892
773.87	42.149
774.32	42.403
774.76	42.654
775.20	42.892
775.64	43.134
776.08	43.387
776.52	43.622
776.97	43.853
777.41	44.063
777.85	44.268
778.29	44.487
778.73	44.725
779.17	44.959
779.62	45.171
780.06	45.383
780.50	45.591
780.94	45.779
781.38	45.955
781.82	46.134
782.26	46.332
782.70	46.540
783.15	46.726
783.59	46.900
784.03	47.048
784.47	47.201
784.91	47.330
785.35	47.453
785.79	47.590
786.23	47.735
786.67	47.872
787.11	48.004
787.56	48.118
788.00	48.220
788.44	48.313
788.88	48.419
789.32	48.514
789.76	48.600
790.20	48.678
790.64	48.764
791.08	48.851
791.52	48.917
791.96	48.955
792.40	48.995
792.84	49.049
793.28	49.131
793.73	49.202
794.17	49.266
794.61	49.312
795.05	49.355
795.49	49.363
795.93	49.365
796.37	49.340
796.81	49.333
797.25	49.339
797.69	49.324
798.13	49.296
798.57	49.269
799.01	49.241
799.45	49.179
799.89	49.091
800.33	49.008
800.77	48.957
801.21	48.908
801.65	48.829
802.09	48.735
802.53	48.628
802.97	48.521
803.41	48.421
803.85	48.330
804.29	48.230
804.73	48.152
805.17	48.033
805.61	47.917
806.05	47.784
806.49	47.617
806.93	47.483
807.37	47.358
807.81	47.241
808.25	47.103
808.69	46.963
809.13	46.825
809.57	46.680
810.01	46.514
810.44	46.333
810.88	46.160
811.32	45.994
811.76	45.828
812.20	45.650
812.64	45.475
813.08	45.287
813.52	45.077
813.96	44.842
814.40	44.660
814.84	44.488
815.28	44.311
815.72	44.137
816.16	43.943
816.59	43.755
817.03	43.555
817.47	43.360
817.91	43.188
818.35	43.023
818.79	42.853
819.23	42.671
819.67	42.487
820.11	42.314
820.54	42.109
820.98	41.895
821.42	41.696
821.86	41.483
822.30	41.279
822.74	41.084
823.18	40.888
823.62	40.678
824.05	40.471
824.49	40.273
824.93	40.079
825.37	39.886
825.81	39.695
826.25	39.493
826.69	39.258
827.12	39.023
827.56	38.785
828.00	38.560
828.44	38.351
828.88	38.159
829.32	37.945
829.75	37.750
830.19	37.561
830.63	37.371
831.07	37.193
831.51	37.001
831.94	36.796
832.38	36.598
832.82	36.419
833.26	36.252
833.70	36.090
834.13	35.939
834.57	35.785
835.01	35.631
835.45	35.485
835.89	35.369
836.32	35.254
836.76	35.127
837.20	34.983
837.64	34.857
838.08	34.748
838.51	34.679
838.95	34.601
839.39	34.525
839.83	34.460
840.26	34.388
840.70	34.328
841.14	34.291
841.58	34.265
842.01	34.238
842.45	34.198
842.89	34.146
843.33	34.095
843.76	34.058
844.20	34.027
844.64	34.003
845.08	33.986
845.51	33.972
845.95	33.975
846.39	33.985
846.82	33.985
847.26	33.973
847.70	33.939
848.14	33.922
848.57	33.927
849.01	33.930
849.45	33.927
849.88	33.927
850.32	33.955
850.76	33.996
851.19	34.035
851.63	34.082
852.07	34.154
852.50	34.238
852.94	34.290
853.38	34.326
853.81	34.387
854.25	34.463
854.69	34.548
855.12	34.642
855.56	34.750
856.00	34.857
856.43	34.980
856.87	35.102
857.31	35.245
857.74	35.387
858.18	35.513
858.62	35.653
859.05	35.785
859.49	35.912
859.93	36.026
860.36	36.152
860.80	36.296
861.24	36.431
861.67	36.545
862.11	36.673
862.54	36.822
862.98	36.982
863.42	37.144
863.85	37.303
864.29	37.463
864.72	37.630
865.16	37.799
865.60	37.957
866.03	38.122
866.47	38.287
866.90	38.434
867.34	38.602
867.78	38.800
868.21	39.033
868.65	39.262
869.08	39.481
869.52	39.680
869.95	39.874
870.39	40.054
870.83	40.260
871.26	40.497
871.70	40.747
872.13	40.966
872.57	41.171
873.00	41.374
873.44	41.580
873.87	41.769
874.31	41.951
874.75	42.137
875.18	42.330
875.62	42.520
876.05	42.707
876.49	42.913
876.92	43.148
877.36	43.365
877.79	43.562
878.23	43.759
878.66	43.961
879.10	44.169
879.53	44.391
879.97	44.592
880.40	44.789
880.84	44.981
881.27	45.159
881.71	45.335
882.14	45.509
882.58	45.686
883.01	45.869
883.45	46.059
883.88	46.252
884.32	46.431
884.75	46.593
885.19	46.768
885.62	46.961
886.06	47.124
886.49	47.287
886.92	47.426
887.36	47.610
887.79	47.774
888.23	47.920
888.66	48.051
889.10	48.188
889.53	48.318
889.97	48.425
890.40	48.538
890.83	48.651
891.27	48.770
891.70	48.903
892.14	49.034
892.57	49.176
893.01	49.356
893.44	49.520
893.87	49.673
894.31	49.859
894.74	49.999
895.18	50.102
895.61	50.176
896.04	50.270
896.48	50.340
896.91	50.428
897.35	50.489
897.78	50.548
898.21	50.616
898.65	50.696
899.08	50.773
899.52	50.848
899.95	50.950
900.38	51.063
900.82	51.165
901.25	51.275
901.68	51.350
902.12	51.402
902.55	51.470
902.99	51.551
903.42	51.611
903.85	51.650
904.29	51.705
904.72	51.752
905.15	51.804
905.59	51.835
906.02	51.853
906.45	51.890
906.89	51.963
907.32	52.036
907.75	52.075
908.19	52.092
908.62	52.110
909.05	52.115
909.49	52.069
909.92	51.998
910.35	51.932
910.78	51.854
911.22	51.744
911.65	51.631
912.08	51.538
912.52	51.465
912.95	51.403
913.38	51.293
913.82	51.242
914.25	51.189
914.68	51.124
915.11	51.070
915.55	51.003
915.98	50.944
916.41	50.849
916.84	50.737
917.28	50.666
917.71	50.613
918.14	50.534
918.58	50.462
919.01	50.354
919.44	50.279
919.87	50.219
920.31	50.168
920.74	50.118
921.17	50.017
921.60	49.911
922.03	49.778
922.47	49.680
922.90	49.556
923.33	49.398
923.76	49.251
924.20	49.126
924.63	49.013
925.06	48.866
925.49	48.671
925.92	48.528
926.36	48.407
926.79	48.252
927.22	48.100
927.65	47.951
928.08	47.848
928.52	47.712
928.95	47.551
929.38	47.387
929.81	47.249
930.24	47.113
930.68	46.941
931.11	46.795
931.54	46.649
931.97	46.523
932.40	46.382
932.83	46.256
933.27	46.129
933.70	45.950
934.13	45.768
934.56	45.639
934.99	45.474
935.42	45.298
935.85	45.093
936.29	44.911
936.72	44.760
937.15	44.606
937.58	44.417
938.01	44.249
938.44	44.096
938.87	43.932
939.31	43.749
939.74	43.583
940.17	43.425
940.60	43.263
941.03	43.062
941.46	42.896
941.89	42.718
942.32	42.517
942.75	42.347
943.18	42.176
943.62	42.040
944.05	41.878
944.48	41.667
944.91	41.471
945.34	41.260
945.77	41.088
946.20	40.901
946.63	40.715
947.06	40.545
947.49	40.343
947.92	40.141
948.35	39.928
948.78	39.701
949.22	39.516
949.65	39.293
950.08	39.074
950.51	38.867
950.94	38.699
951.37	38.522
951.80	38.374
952.23	38.210
952.66	38.072
953.09	37.946
953.52	37.811
953.95	37.711
954.38	37.613
954.81	37.466
955.24	37.320
955.67	37.171
956.10	37.059
956.53	36.950
956.96	36.819
957.39	36.748
957.82	36.658
958.25	36.554
958.68	36.435
959.11	36.305
959.54	36.221
959.97	36.098
960.40	35.986
960.83	35.880
961.26	35.781
961.69	35.666
962.12	35.496
962.55	35.341
962.98	35.238
963.41	35.127
963.84	35.021
964.27	34.898
964.70	34.844
965.13	34.780
965.56	34.686
965.99	34.566
966.42	34.493
966.84	34.441
967.27	34.366
967.70	34.315
968.13	34.327
968.56	34.324
968.99	34.282
969.42	34.183
969.85	34.155
970.28	34.115
970.71	34.049
971.14	34.014
971.57	33.988
972.00	33.955
972.42	33.900
972.85	33.837
973.28	33.817
973.71	33.776
974.14	33.696
974.57	33.617
975.00	33.582
975.43	33.598
975.86	33.566
976.28	33.533
976.71	33.534
977.14	33.515
977.57	33.503
978.00	33.463
978.43	33.518
978.86	33.547
979.29	33.543
979.71	33.510
980.14	33.551
980.57	33.598
981.00	33.613
981.43	33.659
981.86	33.663
982.28	33.747
982.71	33.770
983.14	33.743
983.57	33.761
984.00	33.850
984.43	33.865
984.85	33.882
985.28	33.906
985.71	34.051
986.14	34.069
986.57	34.062
986.99	34.135
987.42	34.184
987.85	34.246
988.28	34.278
988.71	34.315
989.13	34.444
989.56	34.588
989.99	34.701
990.42	34.753
990.85	34.923
991.27	35.110
991.70	35.169
992.13	35.267
992.56	35.468
992.98	35.587
993.41	35.694
993.84	35.769
994.27	35.902
994.70	36.005
995.12	36.080
995.55	36.114
995.98	36.262
996.41	36.440
996.83	36.494
997.26	36.670
997.69	36.843
998.11	36.930
998.54	36.950
998.97	37.010
999.40	37.243
999.82	37.421
1000.25	37.506
1000.68	37.668
1001.11	37.846
1001.53	38.057
1001.96	38.145
1002.39	38.210
1002.81	38.432
1003.24	38.557
1003.67	38.662
1004.09	38.788
1004.52	38.941
1004.95	39.119
1005.38	39.199
1005.80	39.310
1006.23	39.427
1006.66	39.605
1007.08	39.760
1007.51	39.885
1007.94	39.998
1008.36	40.147
1008.79	40.174
1009.22	40.204
1009.64	40.303
1010.07	40.461
1010.50	40.513
1010.92	40.680
1011.35	40.751
1011.77	40.895
1012.20	41.012
1012.63	41.096
1013.05	41.254
1013.48	41.372
1013.91	41.480
1014.33	41.508
1014.76	41.520
1015.19	41.669
1015.61	41.650
1016.04	41.770
1016.46	41.882
1016.89	41.989
1017.32	42.157
1017.74	42.294
1018.17	42.307
1018.59	42.569
1019.02	42.702
1019.45	42.761
1019.87	42.672
1020.30	42.882
1020.72	43.089
1021.15	43.214
1021.58	43.205
1022.00	43.416
1022.43	43.627
1022.85	43.750
1023.28	43.834
1023.70	43.918
1024.13	44.191
1024.55	44.319
1024.98	44.200
1025.41	44.394
1025.83	44.598
1026.26	44.653
1026.68	44.623
1027.11	44.768
1027.53	44.886
1027.96	44.816
1028.38	44.923
1028.81	45.210
1029.23	45.194
1029.66	45.190
1030.08	45.196
1030.51	45.357
1030.94	45.537
1031.36	45.536
1031.79	45.432
1032.21	45.638
1032.64	45.887
1033.06	45.783
1033.49	45.708
1033.91	45.682
1034.34	45.896
1034.76	45.842
1035.19	45.722
1035.61	45.771
1036.03	45.836
1036.46	45.838
1036.88	45.710
1037.31	45.529
1037.73	45.771
1038.16	46.088
1038.58	46.102
1039.01	46.099
1039.43	46.292
1039.86	46.390
1040.28	46.320
1040.71	46.340
1041.13	46.629
1041.55	46.606
1041.98	46.608
1042.40	46.733
1042.83	47.182
1043.25	47.103
1043.68	46.927
1044.10	46.749
1044.52	46.884
1044.95	47.047
1045.37	47.074
1045.80	47.375
1046.22	47.793
1046.65	47.914
1047.07	47.700
1047.49	47.540
1047.92	47.819
1048.34	47.796
1048.77	47.586
1049.19	47.465
1049.61	47.367
1050.04	47.168
1050.46	46.927
1050.89	46.767
1051.31	46.654
1051.73	46.713
1052.16	46.795
1052.58	46.782
1053.00	46.858
1053.43	47.178
1053.85	47.004
1054.27	46.652
1054.70	46.605
1055.12	46.384
1055.55	46.247
1055.97	45.612
1056.39	45.613
1056.82	46.035
1057.24	45.830
1057.66	45.685
1058.09	45.784
1058.51	46.155
1058.93	46.377
1059.36	46.534
1059.78	46.081
1060.20	46.763
1060.62	46.553
1061.05	46.134
1061.47	46.224
1061.89	46.373
1062.32	46.157
1062.74	45.849
1063.16	45.592
1063.59	45.873
1064.01	46.021
1064.43	45.825
1064.85	46.288
1065.28	46.125
1065.70	45.634
1066.12	45.163
1066.55	44.729
1066.97	45.238
1067.39	44.869
1067.81	44.090
1068.24	43.844
1068.66	44.285
1069.08	44.279
1069.50	43.537
1069.93	42.957
1070.35	43.071
1070.77	42.671
1071.19	42.234
1071.62	42.266
1072.04	42.535
1072.46	42.719
1072.88	42.452
1073.31	41.921
1073.73	42.120
1074.15	42.285
1074.57	41.550
1075.00	41.281
1075.42	41.223
1075.84	41.401
1076.26	41.128
1076.68	40.475
1077.11	40.603
1077.53	41.092
1077.95	39.990
1078.37	39.452
1078.79	39.404
1079.22	39.922
1079.64	39.890
1080.06	38.974
1080.48	38.361
1080.90	38.154
1081.32	37.659
1081.75	36.732
1082.17	35.910
1082.59	36.343
1083.01	36.543
1083.43	35.811
1083.85	35.941
1084.28	35.581
1084.70	34.509
1085.12	33.881
1085.54	32.923
1085.96	33.178
1086.38	31.242
1086.80	30.803
1087.23	30.583
1087.65	31.297
1088.07	30.789
1088.49	29.081
1088.91	27.650
1089.33	28.060
1089.75	27.101
1090.17	24.492
1090.60	23.370
1091.02	23.571
1091.44	23.085
1091.86	21.144
1092.28	19.871
1092.70	20.918
1093.12	19.992
1093.54	17.857
1093.96	16.710
1094.38	16.707
1094.81	15.607
1095.23	13.824
1095.65	10.953
1096.07	12.628
1096.49	11.728
1096.91	9.802
1097.33	9.955
1097.75	10.428
1098.17	11.993
1098.59	10.570
1099.01	9.193
1099.43	10.093
1099.85	8.765
1100.27	5.918
1100.69	4.002
1101.11	4.619
1101.53	3.693
1101.95	3.021
1102.38	77.858
1102.80	-39.693
1103.22	-22.238
1103.64	19.715
1104.06	-12.834
1104.48	24.872
1104.90	-57.055
1105.32	-20.575
1105.74	53.333
1106.16	-38.400
