188.40	-297.162
188.88	-586.162
189.35	488.022
189.83	1703.478
190.30	-2201.961
190.78	-508.654
191.26	-408.696
191.73	1686.792
192.21	-2485.507
192.68	-379.962
193.16	-1679.122
193.63	-1979.132
194.11	-2082.321
194.58	-1921.120
195.06	-1583.296
195.53	-1052.480
196.01	-858.255
196.48	-763.392
196.96	-641.356
197.43	-554.814
197.91	-500.024
198.38	-446.372
198.86	-379.318
199.33	-322.337
199.81	-305.391
200.28	-289.995
200.76	-262.440
201.23	-243.542
201.71	-221.480
202.18	-208.312
202.66	-190.780
203.13	-179.457
203.61	-171.057
204.08	-158.392
204.55	-149.020
205.03	-142.530
205.50	-140.317
205.98	-140.806
206.45	-139.510
206.93	-137.389
207.40	-135.439
207.88	-132.055
208.35	-131.663
208.82	-135.961
209.30	-136.023
209.77	-134.378
210.25	-132.612
210.72	-134.190
211.20	-134.114
211.67	-130.246
212.14	-128.396
212.62	-128.591
213.09	-125.612
213.57	-121.962
214.04	-123.787
214.52	-124.642
214.99	-120.364
215.46	-120.430
215.94	-121.770
216.41	-122.343
216.89	-120.817
217.36	-119.910
217.83	-122.504
218.31	-122.033
218.78	-116.519
219.25	-114.556
219.73	-116.815
220.20	-120.274
220.68	-114.679
221.15	-114.084
221.62	-115.705
222.10	-117.189
222.57	-115.592
223.04	-113.787
223.52	-118.194
223.99	-120.348
224.47	-119.398
224.94	-120.970
225.41	-119.814
225.89	-120.703
226.36	-121.308
226.83	-121.954
227.31	-123.631
227.78	-125.094
228.25	-124.097
228.73	-124.633
229.20	-123.448
229.67	-124.143
230.15	-122.735
230.62	-123.023
231.09	-126.027
231.57	-129.621
232.04	-129.293
232.51	-129.077
232.98	-130.613
233.46	-127.324
233.93	-126.931
234.40	-122.984
234.88	-123.625
235.35	-127.694
235.82	-125.605
236.30	-120.460
236.77	-120.424
237.24	-123.574
237.71	-121.767
238.19	-119.609
238.66	-118.583
239.13	-122.804
239.61	-123.584
240.08	-121.094
240.55	-120.139
241.02	-116.605
241.50	-112.508
241.97	-109.420
242.44	-109.090
242.91	-110.032
243.39	-111.709
243.86	-107.850
244.33	-110.498
244.80	-112.544
245.28	-112.366
245.75	-109.440
246.22	-111.481
246.69	-111.690
247.17	-108.480
247.64	-108.463
248.11	-109.512
248.58	-110.113
249.05	-110.129
249.53	-106.615
250.00	-107.013
250.47	-111.216
250.94	-115.988
251.42	-116.785
251.89	-114.166
252.36	-115.177
252.83	-116.997
253.30	-113.216
253.78	-111.550
254.25	-110.910
254.72	-111.436
255.19	-109.510
255.66	-108.383
256.13	-109.164
256.61	-108.599
257.08	-107.450
257.55	-106.142
258.02	-106.300
258.49	-109.467
258.97	-110.700
259.44	-110.346
259.91	-111.760
260.38	-110.596
260.85	-105.818
261.32	-104.200
261.79	-104.812
262.27	-106.716
262.74	-104.504
263.21	-102.174
263.68	-106.149
264.15	-109.174
264.62	-109.717
265.09	-109.048
265.57	-110.836
266.04	-113.913
266.51	-114.336
266.98	-113.803
267.45	-113.883
267.92	-116.860
268.39	-114.634
268.86	-110.992
269.34	-105.897
269.81	-106.628
270.28	-108.249
270.75	-103.360
271.22	-103.458
271.69	-103.833
272.16	-102.379
272.63	-100.298
273.10	-101.042
273.57	-101.329
274.05	-101.090
274.52	-96.123
274.99	-94.645
275.46	-95.602
275.93	-94.401
276.40	-93.394
276.87	-90.955
277.34	-91.556
277.81	-90.640
278.28	-89.730
278.75	-90.749
279.22	-95.823
279.69	-95.936
280.16	-93.062
280.63	-92.812
281.11	-95.597
281.58	-99.278
282.05	-96.844
282.52	-96.843
282.99	-97.989
283.46	-98.528
283.93	-95.162
284.40	-96.473
284.87	-96.739
285.34	-97.794
285.81	-95.749
286.28	-93.351
286.75	-93.001
287.22	-95.148
287.69	-94.786
288.16	-91.429
288.63	-90.786
289.10	-90.887
289.57	-88.244
290.04	-85.323
290.51	-85.963
290.98	-86.657
291.45	-83.593
291.92	-83.806
292.39	-84.036
292.86	-86.699
293.33	-84.761
293.80	-84.562
294.27	-84.115
294.74	-87.244
295.21	-85.411
295.68	-83.603
296.15	-84.777
296.62	-88.005
297.09	-85.219
297.56	-81.284
298.03	-80.783
298.49	-82.057
298.96	-82.148
299.43	-80.386
299.90	-82.529
300.37	-84.827
300.84	-82.789
301.31	-81.784
301.78	-80.444
302.25	-82.343
302.72	-79.686
303.19	-78.506
303.66	-75.161
304.13	-76.049
304.60	-74.568
305.07	-72.270
305.53	-70.515
306.00	-71.672
306.47	-71.265
306.94	-69.582
307.41	-70.061
307.88	-71.922
308.35	-71.954
308.82	-69.238
309.29	-69.258
309.76	-68.374
310.22	-68.332
310.69	-68.027
311.16	-65.521
311.63	-64.296
312.10	-64.002
312.57	-63.475
313.04	-63.729
313.51	-65.863
313.97	-66.631
314.44	-65.284
314.91	-65.184
315.38	-66.236
315.85	-66.200
316.32	-64.064
316.79	-62.638
317.25	-64.344
317.72	-66.984
318.19	-65.140
318.66	-63.754
319.13	-63.391
319.60	-65.365
320.07	-63.840
320.53	-60.482
321.00	-60.999
321.47	-62.241
321.94	-60.441
322.41	-58.769
322.87	-57.026
323.34	-58.395
323.81	-56.500
324.28	-54.804
324.75	-55.458
325.22	-56.116
325.68	-55.703
326.15	-55.108
326.62	-55.202
327.09	-54.257
327.56	-52.443
328.02	-50.931
328.49	-52.050
328.96	-52.623
329.43	-51.247
329.89	-51.332
330.36	-52.601
330.83	-54.264
331.30	-54.481
331.77	-53.259
332.23	-52.983
332.70	-53.871
333.17	-53.061
333.64	-51.836
334.10	-50.625
334.57	-49.501
335.04	-48.261
335.51	-46.432
335.97	-45.508
336.44	-45.362
336.91	-45.275
337.38	-44.126
337.84	-44.042
338.31	-43.435
338.78	-42.780
339.24	-41.139
339.71	-38.415
340.18	-36.724
340.65	-35.849
341.11	-33.330
341.58	-32.048
342.05	-31.417
342.52	-30.524
342.98	-28.881
343.45	-27.240
343.92	-27.294
344.38	-27.368
344.85	-26.644
345.32	-25.309
345.78	-25.128
346.25	-24.279
346.72	-23.141
347.18	-21.454
347.65	-20.938
348.12	-20.501
348.58	-19.209
349.05	-18.439
349.52	-18.462
349.99	-18.529
350.45	-17.155
350.92	-16.658
351.38	-16.558
351.85	-16.545
352.32	-15.605
352.78	-14.737
353.25	-14.273
353.72	-13.917
354.18	-13.152
354.65	-11.814
355.12	-11.788
355.58	-11.138
356.05	-10.594
356.52	-9.846
356.98	-9.765
357.45	-9.274
357.91	-8.606
358.38	-8.394
358.85	-7.965
359.31	-7.802
359.78	-7.187
360.25	-7.083
360.71	-6.750
361.18	-6.455
361.64	-6.007
362.11	-5.735
362.58	-5.554
363.04	-5.743
363.51	-5.275
363.97	-4.834
364.44	-4.917
364.91	-4.736
365.37	-4.577
365.84	-4.309
366.30	-4.195
366.77	-4.228
367.23	-3.910
367.70	-3.735
368.17	-3.482
368.63	-3.324
369.10	-3.148
369.56	-3.022
370.03	-2.772
370.49	-2.804
370.96	-2.627
371.42	-2.341
371.89	-2.144
372.36	-1.973
372.82	-1.736
373.29	-1.600
373.75	-1.430
374.22	-1.272
374.68	-1.003
375.15	-0.822
375.61	-0.581
376.08	-0.503
376.54	-0.287
377.01	-0.166
377.47	0.064
377.94	0.140
378.40	0.193
378.87	0.333
379.33	0.608
379.80	0.682
380.26	0.773
380.73	0.928
381.19	1.032
381.66	1.115
382.12	1.134
382.59	1.268
383.05	1.379
383.52	1.392
383.98	1.397
384.45	1.425
384.91	1.463
385.38	1.405
385.84	1.454
386.31	1.510
386.77	1.576
387.24	1.547
387.70	1.655
388.16	1.770
388.63	1.916
389.09	1.901
389.56	1.981
390.02	2.120
390.49	2.188
390.95	2.202
391.42	2.248
391.88	2.393
392.34	2.464
392.81	2.565
393.27	2.627
393.74	2.766
394.20	2.911
394.67	3.007
395.13	3.131
395.59	3.294
396.06	3.429
396.52	3.514
396.99	3.649
397.45	3.680
397.91	3.751
398.38	3.672
398.84	3.674
399.31	3.715
399.77	3.748
400.23	3.805
400.70	3.852
401.16	3.852
401.63	3.839
402.09	3.820
402.55	3.766
403.02	3.774
403.48	3.723
403.94	3.685
404.41	3.631
404.87	3.578
405.33	3.517
405.80	3.477
406.26	3.420
406.73	3.398
407.19	3.415
407.65	3.413
408.12	3.483
408.58	3.573
409.04	3.658
409.51	3.730
409.97	3.783
410.43	3.904
410.90	4.063
411.36	4.211
411.82	4.358
412.29	4.590
412.75	4.814
413.21	5.033
413.67	5.261
414.14	5.523
414.60	5.781
415.06	6.044
415.53	6.279
415.99	6.544
416.45	6.826
416.92	7.058
417.38	7.255
417.84	7.486
418.30	7.660
418.77	7.818
419.23	7.942
419.69	8.057
420.16	8.138
420.62	8.191
421.08	8.187
421.54	8.198
422.01	8.146
422.47	8.079
422.93	7.984
423.39	7.871
423.86	7.774
424.32	7.651
424.78	7.495
425.24	7.367
425.71	7.232
426.17	7.047
426.63	6.870
427.09	6.731
427.56	6.566
428.02	6.399
428.48	6.239
428.94	6.077
429.41	5.907
429.87	5.777
430.33	5.772
430.79	5.855
431.25	5.970
431.72	6.095
432.18	6.241
432.64	6.450
433.10	6.697
433.56	6.964
434.03	7.258
434.49	7.598
434.95	7.951
435.41	8.308
435.87	8.684
436.34	9.109
436.80	9.530
437.26	9.991
437.72	10.446
438.18	10.915
438.64	11.414
439.11	11.912
439.57	12.388
440.03	12.766
440.49	13.112
440.95	13.424
441.41	13.701
441.88	13.971
442.34	14.211
442.80	14.395
443.26	14.533
443.72	14.645
444.18	14.735
444.64	14.762
445.11	14.754
445.57	14.714
446.03	14.658
446.49	14.564
446.95	14.414
447.41	14.246
447.87	14.054
448.33	13.845
448.79	13.607
449.26	13.356
449.72	13.131
450.18	12.893
450.64	12.647
451.10	12.395
451.56	12.154
452.02	11.933
452.48	11.715
452.94	11.511
453.40	11.349
453.87	11.204
454.33	11.104
454.79	11.031
455.25	10.991
455.71	10.977
456.17	11.001
456.63	11.088
457.09	11.225
457.55	11.395
458.01	11.595
458.47	11.849
458.93	12.150
459.39	12.473
459.85	12.821
460.31	13.197
460.77	13.626
461.24	14.074
461.70	14.555
462.16	15.059
462.62	15.587
463.08	16.116
463.54	16.644
464.00	17.176
464.46	17.717
464.92	18.242
465.38	18.752
465.84	19.254
466.30	19.741
466.76	20.203
467.22	20.631
467.68	21.028
468.14	21.397
468.60	21.738
469.06	22.049
469.52	22.303
469.98	22.530
470.44	22.723
470.90	22.868
471.36	22.967
471.82	23.023
472.28	23.048
472.74	23.026
473.20	22.968
473.66	22.872
474.12	22.745
474.58	22.574
475.04	22.379
475.50	22.150
475.95	21.898
476.41	21.620
476.87	21.323
477.33	21.011
477.79	20.698
478.25	20.365
478.71	20.020
479.17	19.677
479.63	19.340
480.09	19.000
480.55	18.671
481.01	18.353
481.47	18.061
481.93	17.790
482.39	17.537
482.84	17.312
483.30	17.125
483.76	16.966
484.22	16.843
484.68	16.750
485.14	16.701
485.60	16.686
486.06	16.711
486.52	16.779
486.98	16.895
487.44	17.046
487.89	17.233
488.35	17.462
488.81	17.739
489.27	18.049
489.73	18.392
490.19	18.767
490.65	19.179
491.11	19.620
491.56	20.078
492.02	20.557
492.48	21.062
492.94	21.578
493.40	22.103
493.86	22.640
494.32	23.189
494.77	23.740
495.23	24.286
495.69	24.828
496.15	25.363
496.61	25.891
497.07	26.404
497.52	26.902
497.98	27.387
498.44	27.850
498.90	28.292
499.36	28.706
499.82	29.096
500.27	29.455
500.73	29.776
501.19	30.067
501.65	30.337
502.11	30.566
502.56	30.769
503.02	30.931
503.48	31.059
503.94	31.160
504.40	31.225
504.85	31.250
505.31	31.247
505.77	31.211
506.23	31.142
506.69	31.037
507.14	30.905
507.60	30.745
508.06	30.545
508.52	30.315
508.97	30.063
509.43	29.792
509.89	29.496
510.35	29.184
510.80	28.856
511.26	28.521
511.72	28.170
512.18	27.800
512.63	27.428
513.09	27.057
513.55	26.674
514.01	26.294
514.46	25.920
514.92	25.553
515.38	25.195
515.84	24.841
516.29	24.511
516.75	24.199
517.21	23.901
517.66	23.622
518.12	23.373
518.58	23.155
519.04	22.958
519.49	22.793
519.95	22.661
520.41	22.560
520.86	22.486
521.32	22.451
521.78	22.451
522.23	22.485
522.69	22.560
523.15	22.673
523.61	22.814
524.06	22.993
524.52	23.211
524.98	23.461
525.43	23.744
525.89	24.053
526.35	24.384
526.80	24.743
527.26	25.131
527.72	25.545
528.17	25.976
528.63	26.426
529.09	26.889
529.54	27.368
530.00	27.860
530.45	28.362
530.91	28.869
531.37	29.380
531.82	29.898
532.28	30.405
532.74	30.908
533.19	31.407
533.65	31.894
534.10	32.366
534.56	32.816
535.02	33.254
535.47	33.680
535.93	34.090
536.39	34.487
536.84	34.865
537.30	35.220
537.75	35.548
538.21	35.853
538.67	36.136
539.12	36.396
539.58	36.631
540.03	36.837
540.49	37.028
540.94	37.194
541.40	37.320
541.86	37.420
542.31	37.491
542.77	37.546
543.22	37.577
543.68	37.576
544.13	37.563
544.59	37.528
545.05	37.458
545.50	37.366
545.96	37.244
546.41	37.102
546.87	36.937
547.32	36.746
547.78	36.541
548.23	36.315
548.69	36.064
549.14	35.794
549.60	35.509
550.06	35.202
550.51	34.880
550.97	34.551
551.42	34.206
551.88	33.857
552.33	33.486
552.79	33.115
553.24	32.743
553.70	32.369
554.15	31.990
554.61	31.620
555.06	31.246
555.52	30.878
555.97	30.518
556.43	30.167
556.88	29.828
557.34	29.505
557.79	29.199
558.25	28.909
558.70	28.639
559.15	28.388
559.61	28.155
560.06	27.945
560.52	27.763
560.97	27.611
561.43	27.486
561.88	27.394
562.34	27.322
562.79	27.276
563.25	27.262
563.70	27.267
564.16	27.309
564.61	27.385
565.06	27.488
565.52	27.617
565.97	27.778
566.43	27.972
566.88	28.186
567.34	28.426
567.79	28.694
568.24	28.989
568.70	29.307
569.15	29.640
569.61	29.996
570.06	30.369
570.51	30.764
570.97	31.171
571.42	31.591
571.88	32.035
572.33	32.484
572.78	32.940
573.24	33.409
573.69	33.873
574.15	34.351
574.60	34.829
575.05	35.309
575.51	35.795
575.96	36.276
576.42	36.768
576.87	37.253
577.32	37.735
577.78	38.206
578.23	38.673
578.68	39.133
579.14	39.587
579.59	40.025
580.04	40.446
580.50	40.849
580.95	41.239
581.40	41.613
581.86	41.977
582.31	42.320
582.76	42.660
583.22	42.984
583.67	43.285
584.12	43.570
584.58	43.832
585.03	44.065
585.48	44.270
585.94	44.442
586.39	44.588
586.84	44.721
587.30	44.843
587.75	44.930
588.20	45.008
588.66	45.058
589.11	45.088
589.56	45.096
590.01	45.089
590.47	45.056
590.92	45.002
591.37	44.927
591.83	44.830
592.28	44.705
592.73	44.563
593.18	44.396
593.64	44.211
594.09	44.007
594.54	43.796
594.99	43.576
595.45	43.338
595.90	43.088
596.35	42.818
596.80	42.523
597.26	42.221
597.71	41.899
598.16	41.566
598.61	41.227
599.07	40.879
599.52	40.515
599.97	40.152
600.42	39.775
600.88	39.392
601.33	39.008
601.78	38.620
602.23	38.222
602.69	37.825
603.14	37.435
603.59	37.041
604.04	36.646
604.49	36.244
604.95	35.849
605.40	35.470
605.85	35.101
606.30	34.736
606.75	34.388
607.21	34.056
607.66	33.730
608.11	33.416
608.56	33.114
609.01	32.832
609.46	32.563
609.92	32.314
610.37	32.087
610.82	31.879
611.27	31.697
611.72	31.540
612.17	31.404
612.63	31.281
613.08	31.184
613.53	31.107
613.98	31.072
614.43	31.057
614.88	31.054
615.34	31.071
615.79	31.110
616.24	31.168
616.69	31.246
617.14	31.348
617.59	31.473
618.04	31.622
618.49	31.791
618.95	31.973
619.40	32.179
619.85	32.408
620.30	32.652
620.75	32.902
621.20	33.175
621.65	33.458
622.10	33.756
622.55	34.072
623.00	34.404
623.46	34.741
623.91	35.077
624.36	35.434
624.81	35.795
625.26	36.170
625.71	36.548
626.16	36.938
626.61	37.334
627.06	37.734
627.51	38.138
627.96	38.545
628.41	38.957
628.86	39.356
629.32	39.754
629.77	40.147
630.22	40.545
630.67	40.936
631.12	41.326
631.57	41.719
632.02	42.102
632.47	42.471
632.92	42.840
633.37	43.219
633.82	43.577
634.27	43.924
634.72	44.254
635.17	44.576
635.62	44.886
636.07	45.180
636.52	45.459
636.97	45.730
637.42	45.982
637.87	46.219
638.32	46.448
638.77	46.669
639.22	46.877
639.67	47.068
640.12	47.243
640.57	47.406
641.02	47.547
641.47	47.673
641.92	47.798
642.37	47.887
642.82	47.946
643.27	47.993
643.72	48.035
644.17	48.066
644.62	48.076
645.07	48.068
645.52	48.059
645.97	48.035
646.42	47.986
646.87	47.931
647.32	47.887
647.77	47.835
648.22	47.753
648.66	47.655
649.11	47.532
649.56	47.391
650.01	47.238
650.46	47.076
650.91	46.910
651.36	46.714
651.81	46.508
652.26	46.310
652.71	46.093
653.16	45.860
653.61	45.611
654.06	45.359
654.50	45.091
654.95	44.806
655.40	44.515
655.85	44.223
656.30	43.919
656.75	43.584
657.20	43.238
657.65	42.897
658.10	42.547
658.55	42.209
658.99	41.877
659.44	41.541
659.89	41.202
660.34	40.846
660.79	40.496
661.24	40.155
661.69	39.810
662.13	39.472
662.58	39.127
663.03	38.791
663.48	38.453
663.93	38.127
664.38	37.801
664.83	37.482
665.27	37.159
665.72	36.839
666.17	36.532
666.62	36.229
667.07	35.934
667.52	35.653
667.96	35.365
668.41	35.080
668.86	34.808
669.31	34.545
669.76	34.306
670.21	34.078
670.65	33.865
671.10	33.655
671.55	33.457
672.00	33.279
672.45	33.114
672.89	32.963
673.34	32.812
673.79	32.681
674.24	32.557
674.68	32.451
675.13	32.362
675.58	32.293
676.03	32.239
676.48	32.194
676.92	32.158
677.37	32.147
677.82	32.157
678.27	32.170
678.71	32.194
679.16	32.231
679.61	32.289
680.06	32.356
680.50	32.434
680.95	32.541
681.40	32.659
681.85	32.778
682.29	32.915
682.74	33.075
683.19	33.238
683.64	33.417
684.08	33.614
684.53	33.822
684.98	34.043
685.43	34.277
685.87	34.517
686.32	34.766
686.77	35.016
687.21	35.260
687.66	35.528
688.11	35.814
688.55	36.102
689.00	36.380
689.45	36.682
689.90	36.997
690.34	37.300
690.79	37.602
691.24	37.922
691.68	38.239
692.13	38.553
692.58	38.858
693.02	39.177
693.47	39.488
693.92	39.796
694.36	40.091
694.81	40.400
695.26	40.706
695.70	41.009
696.15	41.308
696.60	41.623
697.04	41.929
697.49	42.219
697.94	42.489
698.38	42.778
698.83	43.059
699.27	43.328
699.72	43.579
700.17	43.844
700.61	44.101
701.06	44.359
701.51	44.613
701.95	44.874
702.40	45.122
702.84	45.361
703.29	45.595
703.74	45.816
704.18	46.023
704.63	46.232
705.07	46.431
705.52	46.627
705.97	46.804
706.41	46.963
706.86	47.116
707.30	47.275
707.75	47.434
708.20	47.575
708.64	47.694
709.09	47.808
709.53	47.904
709.98	47.999
710.42	48.066
710.87	48.111
711.32	48.150
711.76	48.175
712.21	48.201
712.65	48.215
713.10	48.235
713.54	48.238
713.99	48.229
714.43	48.217
714.88	48.182
715.33	48.123
715.77	48.077
716.22	48.035
716.66	47.975
717.11	47.885
717.55	47.800
718.00	47.715
718.44	47.622
718.89	47.511
719.33	47.400
719.78	47.293
720.22	47.184
720.67	47.062
721.11	46.944
721.56	46.815
722.00	46.666
722.45	46.500
722.89	46.330
723.34	46.158
723.78	45.993
724.23	45.828
724.67	45.664
725.12	45.474
725.56	45.264
726.01	45.057
726.45	44.845
726.90	44.604
727.34	44.364
727.78	44.137
728.23	43.905
728.67	43.646
729.12	43.384
729.56	43.132
730.01	42.871
730.45	42.580
730.90	42.274
731.34	42.003
731.79	41.732
732.23	41.448
732.67	41.148
733.12	40.836
733.56	40.554
734.01	40.273
734.45	39.977
734.89	39.699
735.34	39.440
735.78	39.180
736.23	38.913
736.67	38.636
737.12	38.359
737.56	38.086
738.00	37.817
738.45	37.553
738.89	37.291
739.34	37.056
739.78	36.847
740.22	36.638
740.67	36.406
741.11	36.171
741.55	35.959
742.00	35.752
742.44	35.541
742.89	35.319
743.33	35.110
743.77	34.929
744.22	34.750
744.66	34.549
745.10	34.353
745.55	34.167
745.99	34.017
746.43	33.875
746.88	33.734
747.32	33.588
747.76	33.459
748.21	33.356
748.65	33.231
749.09	33.102
749.54	32.979
749.98	32.886
750.42	32.811
750.87	32.725
751.31	32.641
751.75	32.594
752.20	32.563
752.64	32.541
753.08	32.513
753.53	32.476
753.97	32.471
754.41	32.478
754.85	32.502
755.30	32.520
755.74	32.543
756.18	32.595
756.63	32.682
757.07	32.773
757.51	32.840
757.95	32.925
758.40	33.032
758.84	33.156
759.28	33.277
759.72	33.395
760.17	33.527
760.61	33.684
761.05	33.838
761.50	33.973
761.94	34.112
762.38	34.265
762.82	34.449
763.26	34.628
763.71	34.802
764.15	34.981
764.59	35.154
765.03	35.327
765.48	35.500
765.92	35.660
766.36	35.824
766.80	36.011
767.25	36.210
767.69	36.404
768.13	36.614
768.57	36.838
769.01	37.066
769.46	37.292
769.90	37.514
770.34	37.732
770.78	37.962
771.22	38.214
771.67	38.483
772.11	38.743
772.55	38.994
772.99	39.238
773.43	39.477
773.87	39.740
774.32	40.009
774.76	40.274
775.20	40.533
775.64	40.791
776.08	41.069
776.52	41.336
776.97	41.599
777.41	41.844
777.85	42.073
778.29	42.321
778.73	42.582
779.17	42.848
779.62	43.097
780.06	43.345
780.50	43.585
780.94	43.813
781.38	44.032
781.82	44.249
782.26	44.483
782.70	44.717
783.15	44.947
783.59	45.174
784.03	45.391
784.47	45.606
784.91	45.798
785.35	45.975
785.79	46.154
786.23	46.339
786.67	46.513
787.11	46.676
787.56	46.830
788.00	46.983
788.44	47.127
788.88	47.287
789.32	47.442
789.76	47.583
790.20	47.713
790.64	47.861
791.08	48.019
791.52	48.148
791.96	48.252
792.40	48.349
792.84	48.457
793.28	48.574
793.73	48.699
794.17	48.821
794.61	48.927
795.05	49.029
795.49	49.098
795.93	49.160
796.37	49.226
796.81	49.281
797.25	49.342
797.69	49.379
798.13	49.400
798.57	49.414
799.01	49.429
799.45	49.419
799.89	49.382
800.33	49.343
800.77	49.333
801.21	49.338
801.65	49.320
802.09	49.276
802.53	49.222
802.97	49.153
803.41	49.099
803.85	49.049
804.29	48.987
804.73	48.956
805.17	48.905
805.61	48.837
806.05	48.760
806.49	48.642
806.93	48.559
807.37	48.477
807.81	48.412
808.25	48.323
808.69	48.226
809.13	48.130
809.57	48.018
810.01	47.889
810.44	47.754
810.88	47.619
811.32	47.483
811.76	47.343
812.20	47.194
812.64	47.037
813.08	46.864
813.52	46.680
813.96	46.470
814.40	46.297
814.84	46.135
815.28	45.966
815.72	45.813
816.16	45.638
816.59	45.466
817.03	45.267
817.47	45.085
817.91	44.925
818.35	44.768
818.79	44.606
819.23	44.435
819.67	44.251
820.11	44.068
820.54	43.863
820.98	43.650
821.42	43.447
821.86	43.235
822.30	43.021
822.74	42.826
823.18	42.621
823.62	42.402
824.05	42.177
824.49	41.982
824.93	41.782
825.37	41.577
825.81	41.365
826.25	41.141
826.69	40.889
827.12	40.630
827.56	40.366
828.00	40.117
828.44	39.889
828.88	39.665
829.32	39.430
829.75	39.218
830.19	39.007
830.63	38.781
831.07	38.559
831.51	38.341
831.94	38.111
832.38	37.892
832.82	37.687
833.26	37.494
833.70	37.294
834.13	37.090
834.57	36.882
835.01	36.680
835.45	36.509
835.89	36.352
836.32	36.191
836.76	36.023
837.20	35.847
837.64	35.671
838.08	35.505
838.51	35.377
838.95	35.242
839.39	35.110
839.83	34.986
840.26	34.873
840.70	34.765
841.14	34.665
841.58	34.572
842.01	34.483
842.45	34.396
842.89	34.293
843.33	34.187
843.76	34.089
844.20	34.008
844.64	33.930
845.08	33.848
845.51	33.764
845.95	33.706
846.39	33.650
846.82	33.579
847.26	33.515
847.70	33.431
848.14	33.362
848.57	33.306
849.01	33.263
849.45	33.214
849.88	33.168
850.32	33.129
850.76	33.104
851.19	33.093
851.63	33.078
852.07	33.082
852.50	33.099
852.94	33.107
853.38	33.097
853.81	33.100
854.25	33.122
854.69	33.174
855.12	33.225
855.56	33.272
856.00	33.339
856.43	33.423
856.87	33.510
857.31	33.603
857.74	33.696
858.18	33.778
858.62	33.874
859.05	33.958
859.49	34.051
859.93	34.137
860.36	34.229
860.80	34.326
861.24	34.416
861.67	34.514
862.11	34.614
862.54	34.717
862.98	34.832
863.42	34.970
863.85	35.101
864.29	35.236
864.72	35.387
865.16	35.529
865.60	35.669
866.03	35.811
866.47	35.941
866.90	36.080
867.34	36.244
867.78	36.410
868.21	36.614
868.65	36.825
869.08	37.047
869.52	37.236
869.95	37.414
870.39	37.605
870.83	37.803
871.26	38.028
871.70	38.278
872.13	38.496
872.57	38.701
873.00	38.894
873.44	39.085
873.87	39.263
874.31	39.455
874.75	39.634
875.18	39.816
875.62	40.015
876.05	40.218
876.49	40.431
876.92	40.668
877.36	40.896
877.79	41.111
878.23	41.310
878.66	41.515
879.10	41.738
879.53	41.971
879.97	42.191
880.40	42.398
880.84	42.600
881.27	42.802
881.71	42.987
882.14	43.174
882.58	43.361
883.01	43.569
883.45	43.787
883.88	43.995
884.32	44.191
884.75	44.396
885.19	44.599
885.62	44.799
886.06	44.987
886.49	45.179
886.92	45.378
887.36	45.578
887.79	45.772
888.23	45.965
888.66	46.134
889.10	46.290
889.53	46.418
889.97	46.565
890.40	46.711
890.83	46.858
891.27	47.014
891.70	47.183
892.14	47.367
892.57	47.528
893.01	47.713
893.44	47.918
893.87	48.101
894.31	48.286
894.74	48.434
895.18	48.568
895.61	48.670
896.04	48.748
896.48	48.814
896.91	48.893
897.35	48.959
897.78	49.023
898.21	49.111
898.65	49.253
899.08	49.368
899.52	49.472
899.95	49.581
900.38	49.691
900.82	49.829
901.25	49.939
901.68	50.051
902.12	50.153
902.55	50.246
902.99	50.358
903.42	50.448
903.85	50.542
904.29	50.640
904.72	50.732
905.15	50.820
905.59	50.919
906.02	51.043
906.45	51.163
906.89	51.275
907.32	51.385
907.75	51.489
908.19	51.548
908.62	51.606
909.05	51.648
909.49	51.688
909.92	51.673
910.35	51.638
910.78	51.597
911.22	51.549
911.65	51.492
912.08	51.423
912.52	51.369
912.95	51.338
913.38	51.288
913.82	51.246
914.25	51.229
914.68	51.204
915.11	51.154
915.55	51.093
915.98	51.020
916.41	50.951
916.84	50.854
917.28	50.776
917.71	50.731
918.14	50.705
918.58	50.642
919.01	50.558
919.44	50.493
919.87	50.451
920.31	50.423
920.74	50.385
921.17	50.302
921.60	50.226
922.03	50.126
922.47	50.007
922.90	49.883
923.33	49.755
923.76	49.639
924.20	49.512
924.63	49.389
925.06	49.282
925.49	49.116
925.92	48.965
926.36	48.837
926.79	48.719
927.22	48.576
927.65	48.445
928.08	48.315
928.52	48.192
928.95	48.039
929.38	47.860
929.81	47.692
930.24	47.576
930.68	47.421
931.11	47.265
931.54	47.127
931.97	47.009
932.40	46.892
932.83	46.778
933.27	46.644
933.70	46.503
934.13	46.376
934.56	46.267
934.99	46.108
935.42	45.941
935.85	45.747
936.29	45.564
936.72	45.376
937.15	45.239
937.58	45.087
938.01	44.926
938.44	44.755
938.87	44.592
939.31	44.414
939.74	44.256
940.17	44.081
940.60	43.895
941.03	43.708
941.46	43.514
941.89	43.294
942.32	43.099
942.75	42.908
943.18	42.701
943.62	42.503
944.05	42.318
944.48	42.132
944.91	41.913
945.34	41.685
945.77	41.482
946.20	41.260
946.63	41.052
947.06	40.819
947.49	40.586
947.92	40.404
948.35	40.177
948.78	39.908
949.22	39.665
949.65	39.446
950.08	39.217
950.51	38.957
950.94	38.691
951.37	38.466
951.80	38.277
952.23	38.084
952.66	37.912
953.09	37.766
953.52	37.594
953.95	37.437
954.38	37.296
954.81	37.141
955.24	36.993
955.67	36.791
956.10	36.630
956.53	36.506
956.96	36.337
957.39	36.176
957.82	36.030
958.25	35.922
958.68	35.774
959.11	35.611
959.54	35.438
959.97	35.331
960.40	35.243
960.83	35.108
961.26	34.950
961.69	34.781
962.12	34.615
962.55	34.425
962.98	34.217
963.41	34.071
963.84	33.977
964.27	33.801
964.70	33.680
965.13	33.559
965.56	33.435
965.99	33.280
966.42	33.113
966.84	33.004
967.27	32.868
967.70	32.765
968.13	32.647
968.56	32.608
968.99	32.536
969.42	32.371
969.85	32.215
970.28	32.073
970.71	31.985
971.14	31.851
971.57	31.760
972.00	31.698
972.42	31.577
972.85	31.406
973.28	31.304
973.71	31.161
974.14	31.061
974.57	30.947
975.00	30.831
975.43	30.794
975.86	30.750
976.28	30.684
976.71	30.562
977.14	30.484
977.57	30.404
978.00	30.284
978.43	30.213
978.86	30.124
979.29	30.104
979.71	30.009
980.14	29.941
980.57	29.894
981.00	29.878
981.43	29.875
981.86	29.831
982.28	29.779
982.71	29.835
983.14	29.806
983.57	29.693
984.00	29.629
984.43	29.593
984.85	29.609
985.28	29.598
985.71	29.615
986.14	29.657
986.57	29.666
986.99	29.608
987.42	29.528
987.85	29.576
988.28	29.609
988.71	29.606
989.13	29.625
989.56	29.720
989.99	29.780
990.42	29.785
990.85	29.850
991.27	29.976
991.70	29.975
992.13	29.918
992.56	29.995
992.98	30.094
993.41	30.199
993.84	30.151
994.27	30.141
994.70	30.241
995.12	30.293
995.55	30.332
995.98	30.436
996.41	30.563
996.83	30.651
997.26	30.671
997.69	30.724
998.11	30.809
998.54	30.819
998.97	30.857
999.40	30.896
999.82	31.002
1000.25	31.026
1000.68	31.143
1001.11	31.275
1001.53	31.380
1001.96	31.438
1002.39	31.423
1002.81	31.433
1003.24	31.538
1003.67	31.618
1004.09	31.630
1004.52	31.608
1004.95	31.661
1005.38	31.791
1005.80	31.884
1006.23	31.923
1006.66	32.011
1007.08	32.097
1007.51	32.176
1007.94	32.236
1008.36	32.315
1008.79	32.370
1009.22	32.447
1009.64	32.332
1010.07	32.345
1010.50	32.385
1010.92	32.515
1011.35	32.575
1011.77	32.702
1012.20	32.757
1012.63	32.787
1013.05	32.873
1013.48	32.958
1013.91	33.095
1014.33	33.113
1014.76	33.088
1015.19	33.112
1015.61	33.233
1016.04	33.303
1016.46	33.321
1016.89	33.279
1017.32	33.430
1017.74	33.420
1018.17	33.409
1018.59	33.622
1019.02	33.800
1019.45	33.912
1019.87	33.832
1020.30	33.881
1020.72	33.969
1021.15	34.004
1021.58	34.057
1022.00	34.058
1022.43	34.226
1022.85	34.282
1023.28	34.296
1023.70	34.171
1024.13	34.269
1024.55	34.283
1024.98	34.218
1025.41	34.060
1025.83	34.203
1026.26	34.192
1026.68	34.168
1027.11	34.090
1027.53	33.927
1027.96	33.791
1028.38	33.816
1028.81	33.781
1029.23	33.848
1029.66	33.871
1030.08	33.899
1030.51	33.834
1030.94	34.001
1031.36	33.935
1031.79	33.916
1032.21	33.706
1032.64	33.864
1033.06	33.748
1033.49	33.546
1033.91	33.314
1034.34	33.418
1034.76	33.318
1035.19	33.111
1035.61	32.926
1036.03	33.001
1036.46	33.151
1036.88	33.289
1037.31	33.026
1037.73	33.061
1038.16	33.023
1038.58	32.921
1039.01	32.711
1039.43	32.718
1039.86	32.693
1040.28	32.473
1040.71	32.368
1041.13	32.550
1041.55	32.350
1041.98	32.451
1042.40	32.275
1042.83	32.332
1043.25	32.363
1043.68	32.242
1044.10	32.064
1044.52	32.175
1044.95	32.135
1045.37	32.024
1045.80	31.658
1046.22	31.695
1046.65	31.656
1047.07	31.320
1047.49	31.057
1047.92	30.740
1048.34	30.584
1048.77	30.237
1049.19	29.929
1049.61	29.364
1050.04	29.040
1050.46	28.870
1050.89	28.613
1051.31	28.618
1051.73	28.467
1052.16	28.336
1052.58	27.934
1053.00	27.647
1053.43	27.319
1053.85	26.800
1054.27	26.232
1054.70	25.854
1055.12	25.674
1055.55	25.303
1055.97	24.766
1056.39	24.336
1056.82	24.782
1057.24	24.760
1057.66	24.251
1058.09	23.752
1058.51	23.746
1058.93	23.550
1059.36	23.441
1059.78	22.838
1060.20	22.311
1060.62	21.976
1061.05	21.386
1061.47	21.087
1061.89	20.725
1062.32	20.486
1062.74	20.127
1063.16	19.446
1063.59	19.305
1064.01	18.780
1064.43	18.088
1064.85	17.703
1065.28	17.480
1065.70	16.553
1066.12	15.543
1066.55	14.998
1066.97	15.214
1067.39	14.627
1067.81	13.566
1068.24	12.689
1068.66	12.220
1069.08	11.491
1069.50	10.615
1069.93	9.606
1070.35	8.818
1070.77	8.034
1071.19	7.076
1071.62	6.334
1072.04	6.227
1072.46	5.578
1072.88	4.920
1073.31	4.141
1073.73	3.276
1074.15	2.484
1074.57	1.567
1075.00	0.399
1075.42	-0.482
1075.84	-2.325
1076.26	-3.422
1076.68	-4.245
1077.11	-5.505
1077.53	-6.631
1077.95	-7.908
1078.37	-9.734
1078.79	-10.725
1079.22	-11.145
1079.64	-11.996
1080.06	-12.972
1080.48	-14.722
1080.90	-16.672
1081.32	-18.304
1081.75	-20.846
1082.17	-22.749
1082.59	-24.076
1083.01	-26.215
1083.43	-29.738
1083.85	-32.025
1084.28	-33.850
1084.70	-35.496
1085.12	-37.369
1085.54	-40.752
1085.96	-42.259
1086.38	-44.047
1086.80	-44.873
1087.23	-45.656
1087.65	-47.938
1088.07	-51.787
1088.49	-54.702
1088.91	-58.236
1089.33	-59.073
1089.75	-61.508
1090.17	-64.938
1090.60	-67.446
1091.02	-69.213
1091.44	-71.001
1091.86	-73.713
1092.28	-76.122
1092.70	-78.248
1093.12	-81.862
1093.54	-84.472
1093.96	-88.778
1094.38	-89.762
1094.81	-95.012
1095.23	-99.827
1095.65	-105.507
1096.07	-107.099
1096.49	-111.808
1096.91	-115.529
1097.33	-119.045
1097.75	-125.491
1098.17	-130.026
1098.59	-133.667
1099.01	-136.423
1099.43	-139.541
1099.85	-147.311
1100.27	-153.650
1100.69	-158.158
1101.11	-160.098
1101.53	-162.597
1101.95	-167.870
1102.38	-99.114
1102.80	-244.558
1103.22	-159.738
1103.64	-171.543
1104.06	-317.291
1104.48	-188.078
1104.90	-267.117
1105.32	-228.621
1105.74	-111.925
1106.16	-303.040
