188.40	-175.626
188.88	-154.308
189.35	277.994
189.83	1258.261
190.30	-1345.098
190.78	-264.904
191.26	-222.222
191.73	1022.642
192.21	-1418.841
192.68	-81.107
193.16	-910.834
193.63	-1055.032
194.11	-1136.484
194.58	-1075.148
195.06	-870.383
195.53	-562.025
196.01	-459.925
196.48	-415.323
196.96	-344.776
197.43	-293.886
197.91	-274.498
198.38	-248.298
198.86	-201.470
199.33	-164.970
199.81	-163.117
200.28	-154.669
200.76	-137.886
201.23	-124.959
201.71	-109.910
202.18	-104.881
202.66	-94.497
203.13	-86.944
203.61	-83.563
204.08	-78.363
204.55	-70.867
205.03	-66.134
205.50	-64.119
205.98	-63.570
206.45	-59.505
206.93	-57.155
207.40	-55.939
207.88	-53.642
208.35	-52.455
208.82	-53.596
209.30	-55.092
209.77	-54.378
210.25	-53.176
210.72	-51.234
211.20	-52.130
211.67	-52.053
212.14	-50.786
212.62	-49.122
213.09	-46.446
213.57	-45.524
214.04	-44.727
214.52	-44.700
214.99	-41.598
215.46	-44.882
215.94	-46.145
216.41	-46.330
216.89	-43.689
217.36	-43.212
217.83	-43.913
218.31	-43.448
218.78	-41.512
219.25	-40.928
219.73	-41.505
220.20	-43.559
220.68	-42.358
221.15	-42.650
221.62	-43.448
222.10	-43.188
222.57	-43.198
223.04	-44.735
223.52	-47.103
223.99	-47.035
224.47	-44.876
224.94	-47.906
225.41	-47.138
225.89	-45.116
226.36	-44.800
226.83	-48.354
227.31	-50.778
227.78	-50.599
228.25	-48.868
228.73	-50.800
229.20	-52.214
229.67	-53.576
230.15	-51.481
230.62	-51.368
231.09	-55.698
231.57	-57.376
232.04	-55.109
232.51	-55.828
232.98	-57.586
233.46	-55.716
233.93	-55.728
234.40	-57.140
234.88	-59.146
235.35	-60.057
235.82	-60.473
236.30	-59.020
236.77	-59.999
237.24	-61.199
237.71	-58.957
238.19	-58.544
238.66	-58.407
239.13	-58.250
239.61	-57.324
240.08	-55.644
240.55	-56.660
241.02	-52.909
241.50	-50.475
241.97	-49.809
242.44	-49.737
242.91	-48.673
243.39	-49.136
243.86	-47.590
244.33	-47.996
244.80	-48.025
245.28	-48.447
245.75	-46.704
246.22	-49.741
246.69	-47.250
247.17	-45.182
247.64	-45.114
248.11	-47.050
248.58	-46.017
249.05	-45.993
249.53	-43.444
250.00	-44.689
250.47	-45.206
250.94	-46.928
251.42	-45.494
251.89	-45.215
252.36	-45.784
252.83	-46.069
253.30	-42.287
253.78	-42.866
254.25	-40.740
254.72	-39.289
255.19	-37.265
255.66	-37.124
256.13	-36.395
256.61	-37.322
257.08	-36.793
257.55	-38.108
258.02	-37.508
258.49	-38.443
258.97	-38.247
259.44	-39.807
259.91	-40.946
260.38	-39.748
260.85	-38.214
261.32	-38.477
261.79	-37.723
262.27	-36.608
262.74	-34.514
263.21	-34.546
263.68	-37.414
264.15	-40.102
264.62	-41.322
265.09	-42.980
265.57	-45.446
266.04	-46.570
266.51	-46.073
266.98	-47.279
267.45	-47.673
267.92	-47.855
268.39	-45.799
268.86	-45.690
269.34	-43.111
269.81	-42.817
270.28	-43.496
270.75	-41.076
271.22	-41.970
271.69	-41.878
272.16	-42.015
272.63	-41.965
273.10	-42.916
273.57	-40.896
274.05	-40.208
274.52	-38.116
274.99	-37.591
275.46	-37.064
275.93	-36.013
276.40	-37.157
276.87	-34.759
277.34	-34.624
277.81	-33.871
278.28	-36.112
278.75	-36.910
279.22	-37.670
279.69	-37.076
280.16	-36.699
280.63	-37.916
281.11	-39.570
281.58	-40.268
282.05	-39.693
282.52	-41.056
282.99	-41.714
283.46	-43.199
283.93	-41.267
284.40	-41.869
284.87	-40.127
285.34	-39.577
285.81	-39.070
286.28	-36.873
286.75	-34.521
287.22	-35.001
287.69	-35.397
288.16	-32.485
288.63	-31.461
289.10	-32.182
289.57	-32.905
290.04	-31.817
290.51	-30.302
290.98	-28.665
291.45	-28.544
291.92	-28.677
292.39	-28.406
292.86	-27.700
293.33	-25.139
293.80	-25.520
294.27	-25.638
294.74	-27.865
295.21	-26.049
295.68	-26.279
296.15	-27.630
296.62	-31.064
297.09	-30.221
297.56	-29.821
298.03	-30.573
298.49	-30.466
298.96	-30.342
299.43	-27.861
299.90	-29.254
300.37	-30.583
300.84	-30.756
301.31	-30.482
301.78	-29.431
302.25	-29.232
302.72	-29.228
303.19	-29.824
303.66	-29.600
304.13	-29.279
304.60	-28.016
305.07	-28.322
305.53	-26.629
306.00	-26.235
306.47	-25.756
306.94	-24.652
307.41	-24.337
307.88	-23.197
308.35	-23.398
308.82	-22.284
309.29	-23.335
309.76	-21.779
310.22	-21.359
310.69	-21.825
311.16	-21.462
311.63	-21.746
312.10	-21.459
312.57	-20.875
313.04	-21.224
313.51	-20.930
313.97	-20.470
314.44	-20.275
314.91	-19.970
315.38	-20.262
315.85	-19.713
316.32	-19.148
316.79	-18.576
317.25	-18.051
317.72	-19.267
318.19	-19.796
318.66	-19.743
319.13	-18.716
319.60	-20.314
320.07	-20.314
320.53	-18.818
321.00	-18.343
321.47	-17.246
321.94	-17.070
322.41	-17.416
322.87	-16.391
323.34	-16.573
323.81	-15.725
324.28	-15.651
324.75	-16.283
325.22	-15.945
325.68	-16.418
326.15	-15.943
326.62	-15.920
327.09	-15.475
327.56	-15.256
328.02	-14.543
328.49	-15.451
328.96	-15.767
329.43	-15.015
329.89	-15.403
330.36	-15.195
330.83	-15.709
331.30	-15.952
331.77	-16.157
332.23	-15.971
332.70	-15.669
333.17	-16.064
333.64	-17.041
334.10	-16.123
334.57	-15.324
335.04	-15.754
335.51	-15.013
335.97	-14.600
336.44	-14.542
336.91	-14.817
337.38	-14.795
337.84	-13.943
338.31	-12.515
338.78	-12.194
339.24	-11.954
339.71	-10.798
340.18	-10.292
340.65	-10.110
341.11	-10.051
341.58	-9.057
342.05	-8.361
342.52	-8.035
342.98	-7.339
343.45	-6.413
343.92	-6.169
344.38	-6.129
344.85	-5.547
345.32	-5.150
345.78	-4.915
346.25	-4.326
346.72	-3.864
347.18	-3.170
347.65	-2.968
348.12	-2.830
348.58	-2.573
349.05	-2.043
349.52	-1.784
349.99	-1.465
350.45	-1.145
350.92	-0.915
351.38	-0.687
351.85	-0.565
352.32	-0.590
352.78	-0.310
353.25	0.158
353.72	0.600
354.18	0.604
354.65	0.836
355.12	0.855
355.58	1.082
356.05	1.077
356.52	1.007
356.98	1.133
357.45	1.377
357.91	1.496
358.38	1.438
358.85	1.641
359.31	1.651
359.78	1.525
360.25	1.371
360.71	1.540
361.18	1.606
361.64	1.597
362.11	1.659
362.58	1.901
363.04	1.837
363.51	1.789
363.97	1.887
364.44	1.910
364.91	2.084
365.37	1.977
365.84	1.934
366.30	2.130
366.77	2.098
367.23	2.030
367.70	2.028
368.17	2.185
368.63	2.298
369.10	2.448
369.56	2.418
370.03	2.646
370.49	2.769
370.96	2.747
371.42	2.801
371.89	2.926
372.36	2.896
372.82	2.957
373.29	2.913
373.75	3.107
374.22	3.231
374.68	3.266
375.15	3.305
375.61	3.411
376.08	3.491
376.54	3.601
377.01	3.693
377.47	3.818
377.94	3.846
378.40	3.844
378.87	3.723
379.33	3.852
379.80	3.923
380.26	3.893
380.73	3.976
381.19	4.007
381.66	4.057
382.12	4.119
382.59	4.012
383.05	4.012
383.52	3.989
383.98	3.973
384.45	3.960
384.91	3.951
385.38	4.012
385.84	4.041
386.31	3.950
386.77	3.932
387.24	3.974
387.70	4.046
388.16	4.100
388.63	4.219
389.09	4.243
389.56	4.286
390.02	4.342
390.49	4.309
390.95	4.377
391.42	4.408
391.88	4.464
392.34	4.593
392.81	4.762
393.27	4.846
393.74	4.924
394.20	4.999
394.67	5.135
395.13	5.208
395.59	5.278
396.06	5.344
396.52	5.405
396.99	5.419
397.45	5.416
397.91	5.390
398.38	5.315
398.84	5.321
399.31	5.296
399.77	5.273
400.23	5.316
400.70	5.346
401.16	5.279
401.63	5.178
402.09	5.129
402.55	5.042
403.02	4.960
403.48	4.864
403.94	4.816
404.41	4.775
404.87	4.728
405.33	4.663
405.80	4.688
406.26	4.688
406.73	4.705
407.19	4.694
407.65	4.762
408.12	4.900
408.58	4.994
409.04	5.106
409.51	5.191
409.97	5.334
410.43	5.464
410.90	5.655
411.36	5.865
411.82	6.093
412.29	6.292
412.75	6.494
413.21	6.737
413.67	6.979
414.14	7.212
414.60	7.389
415.06	7.579
415.53	7.794
415.99	7.990
416.45	8.142
416.92	8.313
417.38	8.442
417.84	8.553
418.30	8.616
418.77	8.645
419.23	8.718
419.69	8.694
420.16	8.661
420.62	8.598
421.08	8.516
421.54	8.406
422.01	8.290
422.47	8.165
422.93	8.042
423.39	7.883
423.86	7.723
424.32	7.564
424.78	7.433
425.24	7.287
425.71	7.134
426.17	7.016
426.63	6.906
427.09	6.818
427.56	6.717
428.02	6.652
428.48	6.610
428.94	6.547
429.41	6.457
429.87	6.431
430.33	6.557
430.79	6.741
431.25	6.947
431.72	7.163
432.18	7.436
432.64	7.738
433.10	8.050
433.56	8.359
434.03	8.738
434.49	9.119
434.95	9.503
435.41	9.895
435.87	10.287
436.34	10.707
436.80	11.115
437.26	11.507
437.72	11.905
438.18	12.319
438.64	12.731
439.11	13.147
439.57	13.523
440.03	13.793
440.49	14.026
440.95	14.203
441.41	14.370
441.88	14.501
442.34	14.595
442.80	14.656
443.26	14.692
443.72	14.677
444.18	14.631
444.64	14.535
445.11	14.418
445.57	14.274
446.03	14.117
446.49	13.918
446.95	13.714
447.41	13.499
447.87	13.252
448.33	12.998
448.79	12.757
449.26	12.515
449.72	12.290
450.18	12.071
450.64	11.878
451.10	11.706
451.56	11.538
452.02	11.393
452.48	11.280
452.94	11.194
453.40	11.153
453.87	11.141
454.33	11.178
454.79	11.260
455.25	11.376
455.71	11.511
456.17	11.696
456.63	11.936
457.09	12.206
457.55	12.520
458.01	12.859
458.47	13.254
458.93	13.665
459.39	14.091
459.85	14.532
460.31	14.998
460.77	15.471
461.24	15.980
461.70	16.489
462.16	16.996
462.62	17.523
463.08	18.019
463.54	18.509
464.00	19.000
464.46	19.464
464.92	19.909
465.38	20.322
465.84	20.710
466.30	21.084
466.76	21.424
467.22	21.714
467.68	21.982
468.14	22.191
468.60	22.374
469.06	22.516
469.52	22.617
469.98	22.689
470.44	22.725
470.90	22.699
471.36	22.643
471.82	22.561
472.28	22.433
472.74	22.278
473.20	22.095
473.66	21.876
474.12	21.642
474.58	21.364
475.04	21.084
475.50	20.788
475.95	20.469
476.41	20.138
476.87	19.811
477.33	19.482
477.79	19.164
478.25	18.844
478.71	18.538
479.17	18.244
479.63	17.958
480.09	17.687
480.55	17.444
481.01	17.232
481.47	17.051
481.93	16.895
482.39	16.778
482.84	16.699
483.30	16.664
483.76	16.663
484.22	16.702
484.68	16.776
485.14	16.893
485.60	17.053
486.06	17.252
486.52	17.494
486.98	17.769
487.44	18.082
487.89	18.422
488.35	18.795
488.81	19.203
489.27	19.632
489.73	20.091
490.19	20.578
490.65	21.079
491.11	21.597
491.56	22.128
492.02	22.661
492.48	23.196
492.94	23.734
493.40	24.271
493.86	24.809
494.32	25.337
494.77	25.850
495.23	26.347
495.69	26.829
496.15	27.290
496.61	27.737
497.07	28.148
497.52	28.543
497.98	28.912
498.44	29.252
498.90	29.570
499.36	29.855
499.82	30.094
500.27	30.306
500.73	30.474
501.19	30.618
501.65	30.726
502.11	30.808
502.56	30.854
503.02	30.854
503.48	30.828
503.94	30.777
504.40	30.695
504.85	30.579
505.31	30.435
505.77	30.264
506.23	30.060
506.69	29.838
507.14	29.593
507.60	29.332
508.06	29.038
508.52	28.723
508.97	28.395
509.43	28.061
509.89	27.707
510.35	27.356
510.80	26.996
511.26	26.643
511.72	26.286
512.18	25.927
512.63	25.576
513.09	25.234
513.55	24.891
514.01	24.566
514.46	24.259
514.92	23.971
515.38	23.703
515.84	23.456
516.29	23.240
516.75	23.047
517.21	22.876
517.66	22.735
518.12	22.627
518.58	22.556
519.04	22.521
519.49	22.521
519.95	22.554
520.41	22.617
520.86	22.714
521.32	22.842
521.78	23.007
522.23	23.204
522.69	23.434
523.15	23.704
523.61	24.003
524.06	24.327
524.52	24.682
524.98	25.058
525.43	25.458
525.89	25.871
526.35	26.308
526.80	26.759
527.26	27.228
527.72	27.711
528.17	28.200
528.63	28.694
529.09	29.191
529.54	29.694
530.00	30.199
530.45	30.699
530.91	31.198
531.37	31.682
531.82	32.163
532.28	32.631
532.74	33.084
533.19	33.524
533.65	33.937
534.10	34.328
534.56	34.698
535.02	35.043
535.47	35.368
535.93	35.672
536.39	35.956
536.84	36.216
537.30	36.449
537.75	36.648
538.21	36.820
538.67	36.968
539.12	37.088
539.58	37.183
540.03	37.251
540.49	37.298
540.94	37.324
541.40	37.317
541.86	37.278
542.31	37.214
542.77	37.124
543.22	37.023
543.68	36.898
544.13	36.750
544.59	36.591
545.05	36.407
545.50	36.203
545.96	35.971
546.41	35.722
546.87	35.461
547.32	35.188
547.78	34.899
548.23	34.596
548.69	34.280
549.14	33.954
549.60	33.616
550.06	33.268
550.51	32.918
550.97	32.569
551.42	32.213
551.88	31.856
552.33	31.494
552.79	31.139
553.24	30.787
553.70	30.450
554.15	30.118
554.61	29.803
555.06	29.496
555.52	29.202
555.97	28.924
556.43	28.667
556.88	28.430
557.34	28.215
557.79	28.023
558.25	27.854
558.70	27.709
559.15	27.593
559.61	27.502
560.06	27.434
560.52	27.396
560.97	27.393
561.43	27.419
561.88	27.478
562.34	27.563
562.79	27.670
563.25	27.806
563.70	27.966
564.16	28.160
564.61	28.378
565.06	28.629
565.52	28.904
565.97	29.197
566.43	29.521
566.88	29.865
567.34	30.231
567.79	30.610
568.24	31.010
568.70	31.420
569.15	31.839
569.61	32.280
570.06	32.724
570.51	33.183
570.97	33.653
571.42	34.124
571.88	34.609
572.33	35.092
572.78	35.571
573.24	36.054
573.69	36.526
574.15	37.002
574.60	37.466
575.05	37.927
575.51	38.386
575.96	38.833
576.42	39.278
576.87	39.710
577.32	40.140
577.78	40.547
578.23	40.952
578.68	41.340
579.14	41.710
579.59	42.059
580.04	42.385
580.50	42.688
580.95	42.975
581.40	43.239
581.86	43.493
582.31	43.731
582.76	43.955
583.22	44.158
583.67	44.335
584.12	44.497
584.58	44.630
585.03	44.741
585.48	44.818
585.94	44.863
586.39	44.883
586.84	44.888
587.30	44.886
587.75	44.848
588.20	44.801
588.66	44.730
589.11	44.643
589.56	44.540
590.01	44.419
590.47	44.276
590.92	44.116
591.37	43.935
591.83	43.729
592.28	43.500
592.73	43.259
593.18	43.001
593.64	42.734
594.09	42.449
594.54	42.156
594.99	41.865
595.45	41.563
595.90	41.249
596.35	40.917
596.80	40.567
597.26	40.219
597.71	39.855
598.16	39.486
598.61	39.114
599.07	38.739
599.52	38.357
599.97	37.977
600.42	37.595
600.88	37.217
601.33	36.843
601.78	36.473
602.23	36.103
602.69	35.743
603.14	35.383
603.59	35.036
604.04	34.694
604.49	34.354
604.95	34.023
605.40	33.719
605.85	33.430
606.30	33.157
606.75	32.894
607.21	32.656
607.66	32.432
608.11	32.228
608.56	32.039
609.01	31.876
609.46	31.733
609.92	31.609
610.37	31.508
610.82	31.431
611.27	31.378
611.72	31.351
612.17	31.345
612.63	31.355
613.08	31.390
613.53	31.451
613.98	31.543
614.43	31.657
614.88	31.785
615.34	31.933
615.79	32.095
616.24	32.280
616.69	32.483
617.14	32.711
617.59	32.950
618.04	33.208
618.49	33.481
618.95	33.765
619.40	34.067
619.85	34.388
620.30	34.718
620.75	35.051
621.20	35.398
621.65	35.758
622.10	36.129
622.55	36.507
623.00	36.887
623.46	37.269
623.91	37.653
624.36	38.045
624.81	38.435
625.26	38.828
625.71	39.220
626.16	39.622
626.61	40.018
627.06	40.416
627.51	40.811
627.96	41.196
628.41	41.582
628.86	41.955
629.32	42.321
629.77	42.684
630.22	43.042
630.67	43.389
631.12	43.721
631.57	44.052
632.02	44.376
632.47	44.685
632.92	44.992
633.37	45.293
633.82	45.576
634.27	45.843
634.72	46.104
635.17	46.348
635.62	46.566
636.07	46.777
636.52	46.958
636.97	47.135
637.42	47.300
637.87	47.448
638.32	47.581
638.77	47.704
639.22	47.817
639.67	47.910
640.12	47.989
640.57	48.060
641.02	48.108
641.47	48.136
641.92	48.154
642.37	48.146
642.82	48.111
643.27	48.062
643.72	48.009
644.17	47.936
644.62	47.852
645.07	47.757
645.52	47.650
645.97	47.542
646.42	47.409
646.87	47.268
647.32	47.134
647.77	47.002
648.22	46.845
648.66	46.663
649.11	46.461
649.56	46.240
650.01	46.012
650.46	45.779
650.91	45.548
651.36	45.296
651.81	45.031
652.26	44.776
652.71	44.502
653.16	44.219
653.61	43.929
654.06	43.636
654.50	43.333
654.95	43.016
655.40	42.692
655.85	42.369
656.30	42.039
656.75	41.688
657.20	41.324
657.65	40.965
658.10	40.607
658.55	40.269
658.99	39.944
659.44	39.614
659.89	39.283
660.34	38.938
660.79	38.602
661.24	38.280
661.69	37.956
662.13	37.646
662.58	37.335
663.03	37.035
663.48	36.733
663.93	36.445
664.38	36.160
664.83	35.891
665.27	35.628
665.72	35.367
666.17	35.124
666.62	34.888
667.07	34.660
667.52	34.450
667.96	34.233
668.41	34.022
668.86	33.830
669.31	33.646
669.76	33.491
670.21	33.348
670.65	33.220
671.10	33.105
671.55	33.001
672.00	32.917
672.45	32.845
672.89	32.792
673.34	32.742
673.79	32.714
674.24	32.694
674.68	32.689
675.13	32.703
675.58	32.730
676.03	32.773
676.48	32.822
676.92	32.883
677.37	32.974
677.82	33.076
678.27	33.181
678.71	33.300
679.16	33.433
679.61	33.574
680.06	33.723
680.50	33.881
680.95	34.063
681.40	34.256
681.85	34.449
682.29	34.652
682.74	34.873
683.19	35.102
683.64	35.336
684.08	35.588
684.53	35.850
684.98	36.125
685.43	36.408
685.87	36.699
686.32	36.991
686.77	37.270
687.21	37.550
687.66	37.849
688.11	38.163
688.55	38.462
689.00	38.763
689.45	39.090
689.90	39.421
690.34	39.736
690.79	40.047
691.24	40.366
691.68	40.689
692.13	40.998
692.58	41.287
693.02	41.600
693.47	41.898
693.92	42.183
694.36	42.452
694.81	42.736
695.26	43.017
695.70	43.287
696.15	43.561
696.60	43.844
697.04	44.111
697.49	44.354
697.94	44.588
698.38	44.837
698.83	45.068
699.27	45.297
699.72	45.503
700.17	45.712
700.61	45.913
701.06	46.110
701.51	46.305
701.95	46.511
702.40	46.704
702.84	46.891
703.29	47.074
703.74	47.239
704.18	47.385
704.63	47.532
705.07	47.667
705.52	47.793
705.97	47.906
706.41	47.999
706.86	48.087
707.30	48.186
707.75	48.280
708.20	48.350
708.64	48.395
709.09	48.438
709.53	48.467
709.98	48.493
710.42	48.486
710.87	48.459
711.32	48.427
711.76	48.378
712.21	48.327
712.65	48.269
713.10	48.220
713.54	48.151
713.99	48.069
714.43	47.992
714.88	47.890
715.33	47.765
715.77	47.652
716.22	47.543
716.66	47.408
717.11	47.261
717.55	47.116
718.00	46.969
718.44	46.813
718.89	46.642
719.33	46.479
719.78	46.326
720.22	46.170
720.67	46.002
721.11	45.829
721.56	45.647
722.00	45.446
722.45	45.235
722.89	45.027
723.34	44.818
723.78	44.615
724.23	44.412
724.67	44.213
725.12	43.998
725.56	43.767
726.01	43.537
726.45	43.293
726.90	43.032
727.34	42.768
727.78	42.526
728.23	42.275
728.67	42.001
729.12	41.728
729.56	41.466
730.01	41.195
730.45	40.900
730.90	40.602
731.34	40.334
731.79	40.065
732.23	39.785
732.67	39.493
733.12	39.192
733.56	38.924
734.01	38.655
734.45	38.373
734.89	38.105
735.34	37.859
735.78	37.618
736.23	37.373
736.67	37.124
737.12	36.874
737.56	36.639
738.00	36.410
738.45	36.185
738.89	35.963
739.34	35.768
739.78	35.605
740.22	35.438
740.67	35.256
741.11	35.066
741.55	34.901
742.00	34.741
742.44	34.580
742.89	34.415
743.33	34.265
743.77	34.143
744.22	34.028
744.66	33.894
745.10	33.759
745.55	33.633
745.99	33.538
746.43	33.454
746.88	33.373
747.32	33.286
747.76	33.221
748.21	33.185
748.65	33.131
749.09	33.069
749.54	33.016
749.98	32.987
750.42	32.982
750.87	32.964
751.31	32.950
751.75	32.969
752.20	33.003
752.64	33.050
753.08	33.094
753.53	33.133
753.97	33.193
754.41	33.269
754.85	33.368
755.30	33.456
755.74	33.549
756.18	33.671
756.63	33.823
757.07	33.976
757.51	34.098
757.95	34.233
758.40	34.387
758.84	34.558
759.28	34.722
759.72	34.883
760.17	35.067
760.61	35.271
761.05	35.470
761.50	35.656
761.94	35.835
762.38	36.018
762.82	36.236
763.26	36.452
763.71	36.666
764.15	36.873
764.59	37.081
765.03	37.283
765.48	37.485
765.92	37.671
766.36	37.850
766.80	38.062
767.25	38.281
767.69	38.501
768.13	38.730
768.57	38.975
769.01	39.217
769.46	39.452
769.90	39.683
770.34	39.912
770.78	40.140
771.22	40.391
771.67	40.656
772.11	40.907
772.55	41.153
772.99	41.387
773.43	41.615
773.87	41.873
774.32	42.132
774.76	42.373
775.20	42.609
775.64	42.851
776.08	43.106
776.52	43.353
776.97	43.594
777.41	43.822
777.85	44.039
778.29	44.273
778.73	44.511
779.17	44.756
779.62	44.980
780.06	45.204
780.50	45.410
780.94	45.618
781.38	45.807
781.82	45.995
782.26	46.196
782.70	46.399
783.15	46.589
783.59	46.778
784.03	46.956
784.47	47.126
784.91	47.277
785.35	47.417
785.79	47.561
786.23	47.698
786.67	47.829
787.11	47.951
787.56	48.055
788.00	48.160
788.44	48.255
788.88	48.361
789.32	48.466
789.76	48.564
790.20	48.646
790.64	48.741
791.08	48.837
791.52	48.913
791.96	48.973
792.40	49.024
792.84	49.086
793.28	49.162
793.73	49.242
794.17	49.308
794.61	49.357
795.05	49.407
795.49	49.435
795.93	49.445
796.37	49.445
796.81	49.447
797.25	49.457
797.69	49.449
798.13	49.422
798.57	49.391
799.01	49.365
799.45	49.311
799.89	49.232
800.33	49.159
800.77	49.102
801.21	49.057
801.65	48.984
802.09	48.891
802.53	48.791
802.97	48.685
803.41	48.600
803.85	48.516
804.29	48.419
804.73	48.342
805.17	48.247
805.61	48.141
806.05	48.028
806.49	47.878
806.93	47.751
807.37	47.636
807.81	47.532
808.25	47.403
808.69	47.267
809.13	47.129
809.57	46.979
810.01	46.822
810.44	46.649
810.88	46.483
811.32	46.331
811.76	46.174
812.20	46.008
812.64	45.832
813.08	45.642
813.52	45.426
813.96	45.200
814.40	45.008
814.84	44.836
815.28	44.660
815.72	44.487
816.16	44.294
816.59	44.107
817.03	43.898
817.47	43.697
817.91	43.523
818.35	43.361
818.79	43.198
819.23	43.014
819.67	42.824
820.11	42.648
820.54	42.435
820.98	42.215
821.42	42.007
821.86	41.786
822.30	41.572
822.74	41.386
823.18	41.190
823.62	40.984
824.05	40.762
824.49	40.553
824.93	40.357
825.37	40.165
825.81	39.961
826.25	39.758
826.69	39.530
827.12	39.281
827.56	39.040
828.00	38.805
828.44	38.594
828.88	38.394
829.32	38.175
829.75	37.976
830.19	37.783
830.63	37.579
831.07	37.386
831.51	37.183
831.94	36.970
832.38	36.768
832.82	36.578
833.26	36.410
833.70	36.249
834.13	36.087
834.57	35.919
835.01	35.751
835.45	35.597
835.89	35.469
836.32	35.352
836.76	35.216
837.20	35.073
837.64	34.941
838.08	34.829
838.51	34.743
838.95	34.659
839.39	34.579
839.83	34.501
840.26	34.434
840.70	34.379
841.14	34.325
841.58	34.277
842.01	34.234
842.45	34.190
842.89	34.139
843.33	34.076
843.76	34.023
844.20	33.994
844.64	33.960
845.08	33.920
845.51	33.885
845.95	33.874
846.39	33.863
846.82	33.842
847.26	33.813
847.70	33.765
848.14	33.738
848.57	33.719
849.01	33.720
849.45	33.706
849.88	33.701
850.32	33.717
850.76	33.751
851.19	33.788
851.63	33.833
852.07	33.884
852.50	33.948
852.94	33.995
853.38	34.037
853.81	34.096
854.25	34.170
854.69	34.253
855.12	34.343
855.56	34.445
856.00	34.554
856.43	34.683
856.87	34.815
857.31	34.944
857.74	35.082
858.18	35.201
858.62	35.336
859.05	35.461
859.49	35.582
859.93	35.686
860.36	35.803
860.80	35.931
861.24	36.051
861.67	36.171
862.11	36.308
862.54	36.440
862.98	36.587
863.42	36.756
863.85	36.927
864.29	37.090
864.72	37.256
865.16	37.416
865.60	37.574
866.03	37.740
866.47	37.893
866.90	38.036
867.34	38.209
867.78	38.413
868.21	38.634
868.65	38.866
869.08	39.109
869.52	39.326
869.95	39.510
870.39	39.707
870.83	39.915
871.26	40.148
871.70	40.401
872.13	40.628
872.57	40.842
873.00	41.030
873.44	41.232
873.87	41.419
874.31	41.609
874.75	41.788
875.18	41.985
875.62	42.179
876.05	42.379
876.49	42.593
876.92	42.819
877.36	43.050
877.79	43.253
878.23	43.446
878.66	43.651
879.10	43.874
879.53	44.096
879.97	44.307
880.40	44.500
880.84	44.686
881.27	44.875
881.71	45.039
882.14	45.234
882.58	45.420
883.01	45.613
883.45	45.820
883.88	46.021
884.32	46.189
884.75	46.367
885.19	46.554
885.62	46.743
886.06	46.900
886.49	47.062
886.92	47.229
887.36	47.401
887.79	47.555
888.23	47.707
888.66	47.856
889.10	48.003
889.53	48.141
889.97	48.266
890.40	48.379
890.83	48.507
891.27	48.623
891.70	48.746
892.14	48.880
892.57	49.018
893.01	49.178
893.44	49.353
893.87	49.514
894.31	49.688
894.74	49.828
895.18	49.949
895.61	50.029
896.04	50.102
896.48	50.161
896.91	50.237
897.35	50.275
897.78	50.314
898.21	50.378
898.65	50.460
899.08	50.533
899.52	50.622
899.95	50.710
900.38	50.815
900.82	50.932
901.25	51.035
901.68	51.115
902.12	51.178
902.55	51.239
902.99	51.325
903.42	51.387
903.85	51.435
904.29	51.500
904.72	51.566
905.15	51.634
905.59	51.700
906.02	51.758
906.45	51.839
906.89	51.921
907.32	51.974
907.75	52.018
908.19	52.050
908.62	52.058
909.05	52.060
909.49	52.021
909.92	51.974
910.35	51.910
910.78	51.833
911.22	51.730
911.65	51.629
912.08	51.555
912.52	51.479
912.95	51.400
913.38	51.299
913.82	51.215
914.25	51.146
914.68	51.069
915.11	51.005
915.55	50.938
915.98	50.866
916.41	50.782
916.84	50.693
917.28	50.616
917.71	50.551
918.14	50.486
918.58	50.412
919.01	50.311
919.44	50.217
919.87	50.151
920.31	50.124
920.74	50.086
921.17	49.960
921.60	49.852
922.03	49.744
922.47	49.629
922.90	49.506
923.33	49.349
923.76	49.241
924.20	49.100
924.63	48.975
925.06	48.835
925.49	48.663
925.92	48.507
926.36	48.361
926.79	48.207
927.22	48.047
927.65	47.917
928.08	47.765
928.52	47.624
928.95	47.464
929.38	47.287
929.81	47.127
930.24	46.991
930.68	46.822
931.11	46.665
931.54	46.510
931.97	46.349
932.40	46.216
932.83	46.064
933.27	45.925
933.70	45.744
934.13	45.587
934.56	45.477
934.99	45.309
935.42	45.132
935.85	44.941
936.29	44.758
936.72	44.580
937.15	44.432
937.58	44.285
938.01	44.137
938.44	43.956
938.87	43.761
939.31	43.573
939.74	43.402
940.17	43.252
940.60	43.087
941.03	42.942
941.46	42.792
941.89	42.619
942.32	42.421
942.75	42.254
943.18	42.068
943.62	41.876
944.05	41.676
944.48	41.458
944.91	41.262
945.34	41.074
945.77	40.866
946.20	40.679
946.63	40.481
947.06	40.290
947.49	40.074
947.92	39.878
948.35	39.670
948.78	39.461
949.22	39.214
949.65	38.977
950.08	38.746
950.51	38.505
950.94	38.271
951.37	38.047
951.80	37.867
952.23	37.682
952.66	37.506
953.09	37.372
953.52	37.243
953.95	37.106
954.38	36.958
954.81	36.820
955.24	36.653
955.67	36.498
956.10	36.324
956.53	36.213
956.96	36.109
957.39	36.013
957.82	35.901
958.25	35.779
958.68	35.660
959.11	35.533
959.54	35.416
959.97	35.290
960.40	35.226
960.83	35.105
961.26	35.023
961.69	34.891
962.12	34.745
962.55	34.608
962.98	34.475
963.41	34.373
963.84	34.280
964.27	34.173
964.70	34.055
965.13	33.945
965.56	33.865
965.99	33.745
966.42	33.632
966.84	33.512
967.27	33.431
967.70	33.384
968.13	33.342
968.56	33.282
968.99	33.250
969.42	33.172
969.85	33.105
970.28	32.979
970.71	32.897
971.14	32.847
971.57	32.801
972.00	32.747
972.42	32.659
972.85	32.591
973.28	32.564
973.71	32.503
974.14	32.463
974.57	32.400
975.00	32.343
975.43	32.293
975.86	32.312
976.28	32.304
976.71	32.307
977.14	32.244
977.57	32.209
978.00	32.164
978.43	32.163
978.86	32.138
979.29	32.115
979.71	32.123
980.14	32.134
980.57	32.123
981.00	32.096
981.43	32.112
981.86	32.118
982.28	32.088
982.71	32.089
983.14	32.108
983.57	32.063
984.00	32.048
984.43	32.040
984.85	32.038
985.28	32.106
985.71	32.156
986.14	32.191
986.57	32.259
986.99	32.303
987.42	32.274
987.85	32.279
988.28	32.340
988.71	32.374
989.13	32.430
989.56	32.443
989.99	32.587
990.42	32.711
990.85	32.850
991.27	32.970
991.70	33.052
992.13	33.125
992.56	33.274
992.98	33.331
993.41	33.506
993.84	33.590
994.27	33.586
994.70	33.546
995.12	33.640
995.55	33.692
995.98	33.799
996.41	33.937
996.83	34.079
997.26	34.210
997.69	34.384
998.11	34.421
998.54	34.560
998.97	34.588
999.40	34.707
999.82	34.737
1000.25	34.845
1000.68	35.033
1001.11	35.181
1001.53	35.228
1001.96	35.372
1002.39	35.466
1002.81	35.555
1003.24	35.659
1003.67	35.819
1004.09	35.960
1004.52	36.117
1004.95	36.200
1005.38	36.235
1005.80	36.302
1006.23	36.462
1006.66	36.454
1007.08	36.546
1007.51	36.628
1007.94	36.835
1008.36	36.891
1008.79	36.947
1009.22	36.996
1009.64	36.995
1010.07	36.997
1010.50	37.136
1010.92	37.298
1011.35	37.369
1011.77	37.454
1012.20	37.542
1012.63	37.688
1013.05	37.746
1013.48	37.748
1013.91	37.813
1014.33	37.964
1014.76	38.172
1015.19	38.179
1015.61	38.243
1016.04	38.356
1016.46	38.569
1016.89	38.624
1017.32	38.677
1017.74	38.776
1018.17	38.857
1018.59	38.970
1019.02	39.019
1019.45	39.028
1019.87	39.010
1020.30	39.140
1020.72	39.234
1021.15	39.282
1021.58	39.314
1022.00	39.482
1022.43	39.587
1022.85	39.684
1023.28	39.754
1023.70	39.816
1024.13	39.821
1024.55	39.902
1024.98	39.934
1025.41	39.881
1025.83	39.817
1026.26	39.859
1026.68	39.914
1027.11	39.995
1027.53	40.045
1027.96	40.137
1028.38	40.242
1028.81	40.420
1029.23	40.282
1029.66	40.264
1030.08	40.401
1030.51	40.548
1030.94	40.548
1031.36	40.439
1031.79	40.531
1032.21	40.555
1032.64	40.482
1033.06	40.377
1033.49	40.379
1033.91	40.451
1034.34	40.483
1034.76	40.403
1035.19	40.404
1035.61	40.480
1036.03	40.418
1036.46	40.332
1036.88	40.205
1037.31	40.219
1037.73	40.072
1038.16	40.120
1038.58	40.132
1039.01	40.138
1039.43	40.038
1039.86	40.021
1040.28	40.069
1040.71	39.883
1041.13	39.871
1041.55	39.692
1041.98	39.848
1042.40	39.895
1042.83	39.836
1043.25	39.646
1043.68	39.781
1044.10	39.787
1044.52	39.584
1044.95	39.480
1045.37	39.634
1045.80	39.616
1046.22	39.549
1046.65	39.445
1047.07	39.221
1047.49	39.161
1047.92	38.853
1048.34	38.581
1048.77	38.350
1049.19	38.334
1049.61	38.204
1050.04	37.968
1050.46	37.879
1050.89	37.949
1051.31	37.777
1051.73	37.483
1052.16	37.529
1052.58	37.312
1053.00	37.161
1053.43	36.986
1053.85	36.898
1054.27	36.827
1054.70	36.787
1055.12	36.570
1055.55	36.475
1055.97	36.567
1056.39	36.677
1056.82	36.599
1057.24	36.392
1057.66	36.194
1058.09	36.046
1058.51	36.059
1058.93	35.917
1059.36	35.623
1059.78	35.169
1060.20	34.719
1060.62	34.569
1061.05	34.233
1061.47	33.959
1061.89	33.528
1062.32	33.357
1062.74	32.743
1063.16	32.393
1063.59	32.102
1064.01	31.750
1064.43	31.509
1064.85	31.170
1065.28	30.539
1065.70	30.309
1066.12	30.177
1066.55	29.893
1066.97	29.619
1067.39	28.960
1067.81	28.336
1068.24	28.144
1068.66	27.680
1069.08	27.397
1069.50	27.026
1069.93	26.145
1070.35	25.758
1070.77	25.084
1071.19	24.742
1071.62	25.172
1072.04	24.467
1072.46	24.088
1072.88	23.499
1073.31	23.440
1073.73	22.940
1074.15	21.798
1074.57	21.031
1075.00	20.515
1075.42	19.591
1075.84	18.137
1076.26	16.750
1076.68	16.866
1077.11	16.422
1077.53	15.522
1077.95	15.549
1078.37	15.028
1078.79	14.816
1079.22	13.730
1079.64	12.809
1080.06	12.100
1080.48	10.909
1080.90	10.193
1081.32	8.989
1081.75	7.916
1082.17	6.507
1082.59	4.711
1083.01	3.933
1083.43	2.541
1083.85	1.677
1084.28	0.146
1084.70	-0.434
1085.12	-0.983
1085.54	-3.069
1085.96	-5.737
1086.38	-7.907
1086.80	-9.339
1087.23	-10.490
1087.65	-11.539
1088.07	-13.052
1088.49	-14.359
1088.91	-16.404
1089.33	-18.204
1089.75	-21.456
1090.17	-22.251
1090.60	-23.864
1091.02	-26.167
1091.44	-26.488
1091.86	-27.888
1092.28	-28.493
1092.70	-31.656
1093.12	-33.969
1093.54	-36.089
1093.96	-36.134
1094.38	-38.035
1094.81	-40.504
1095.23	-41.195
1095.65	-44.511
1096.07	-46.005
1096.49	-50.003
1096.91	-51.317
1097.33	-52.357
1097.75	-55.772
1098.17	-58.726
1098.59	-60.197
1099.01	-60.781
1099.43	-61.115
1099.85	-66.544
1100.27	-70.041
1100.69	-70.553
1101.11	-71.764
1101.53	-75.272
1101.95	-76.352
1102.38	-49.839
1102.80	-150.576
1103.22	-28.924
1103.64	-46.476
1104.06	-209.269
1104.48	-91.881
1104.90	-99.509
1105.32	-68.851
1105.74	-101.408
1106.16	-156.800
