188.40	-285.142
188.88	-471.802
189.35	602.786
189.83	1891.304
190.30	-2041.176
190.78	-411.058
191.26	-509.662
191.73	1467.925
192.21	-2140.580
192.68	-314.313
193.16	-1597.351
193.63	-1876.639
194.11	-2018.168
194.58	-1861.493
195.06	-1508.896
195.53	-999.043
196.01	-829.618
196.48	-736.311
196.96	-619.272
197.43	-529.794
197.91	-477.641
198.38	-420.149
198.86	-354.714
199.33	-299.433
199.81	-290.040
200.28	-276.320
200.76	-250.714
201.23	-229.687
201.71	-211.239
202.18	-201.494
202.66	-185.920
203.13	-176.459
203.61	-171.668
204.08	-159.908
204.55	-148.600
205.03	-141.355
205.50	-141.389
205.98	-142.374
206.45	-138.240
206.93	-133.252
207.40	-133.013
207.88	-132.157
208.35	-132.167
208.82	-135.677
209.30	-139.386
209.77	-139.258
210.25	-137.119
210.72	-136.318
211.20	-137.324
211.67	-133.525
212.14	-131.022
212.62	-129.339
213.09	-124.967
213.57	-121.198
214.04	-117.616
214.52	-117.797
214.99	-116.079
215.46	-117.556
215.94	-117.028
216.41	-115.114
216.89	-114.256
217.36	-114.306
217.83	-116.369
218.31	-115.170
218.78	-113.035
219.25	-112.019
219.73	-111.675
220.20	-113.062
220.68	-109.378
221.15	-109.974
221.62	-111.209
222.10	-110.911
222.57	-109.260
223.04	-108.328
223.52	-110.655
223.99	-114.425
224.47	-113.999
224.94	-117.116
225.41	-114.593
225.89	-115.306
226.36	-118.560
226.83	-121.806
227.31	-123.887
227.78	-123.295
228.25	-120.765
228.73	-121.902
229.20	-117.829
229.67	-119.006
230.15	-119.318
230.62	-119.459
231.09	-122.582
231.57	-124.757
232.04	-124.012
232.51	-124.758
232.98	-126.684
233.46	-123.738
233.93	-122.656
234.40	-120.140
234.88	-119.378
235.35	-121.015
235.82	-118.112
236.30	-113.494
236.77	-112.785
237.24	-115.498
237.71	-112.624
238.19	-111.950
238.66	-110.467
239.13	-113.811
239.61	-113.662
240.08	-111.358
240.55	-110.872
241.02	-107.351
241.50	-104.078
241.97	-102.876
242.44	-103.146
242.91	-103.619
243.39	-103.691
243.86	-102.384
244.33	-103.390
244.80	-105.636
245.28	-104.427
245.75	-102.838
246.22	-106.464
246.69	-106.382
247.17	-102.427
247.64	-104.757
248.11	-105.391
248.58	-105.891
249.05	-107.436
249.53	-105.626
250.00	-106.548
250.47	-108.437
250.94	-111.727
251.42	-112.913
251.89	-110.760
252.36	-110.177
252.83	-110.509
253.30	-107.243
253.78	-105.047
254.25	-104.904
254.72	-102.894
255.19	-103.798
255.66	-102.916
256.13	-103.633
256.61	-102.210
257.08	-102.788
257.55	-102.270
258.02	-102.481
258.49	-104.661
258.97	-104.877
259.44	-104.981
259.91	-105.180
260.38	-105.147
260.85	-102.514
261.32	-102.931
261.79	-102.206
262.27	-103.539
262.74	-102.329
263.21	-102.105
263.68	-106.670
264.15	-108.351
264.62	-110.934
265.09	-111.589
265.57	-111.445
266.04	-111.623
266.51	-112.851
266.98	-113.080
267.45	-111.897
267.92	-112.624
268.39	-111.667
268.86	-109.853
269.34	-104.536
269.81	-104.408
270.28	-103.369
270.75	-98.996
271.22	-98.864
271.69	-97.716
272.16	-96.353
272.63	-96.298
273.10	-96.709
273.57	-95.378
274.05	-94.937
274.52	-91.385
274.99	-88.921
275.46	-89.470
275.93	-89.225
276.40	-90.131
276.87	-86.725
277.34	-86.553
277.81	-86.952
278.28	-86.943
278.75	-87.420
279.22	-89.886
279.69	-90.270
280.16	-90.267
280.63	-89.908
281.11	-92.055
281.58	-95.702
282.05	-95.459
282.52	-93.923
282.99	-93.132
283.46	-93.808
283.93	-92.821
284.40	-92.292
284.87	-93.572
285.34	-95.129
285.81	-96.185
286.28	-93.608
286.75	-91.805
287.22	-93.414
287.69	-93.718
288.16	-88.609
288.63	-87.618
289.10	-87.168
289.57	-86.709
290.04	-84.521
290.51	-83.902
290.98	-82.314
291.45	-82.592
291.92	-82.522
292.39	-82.481
292.86	-84.381
293.33	-83.624
293.80	-82.077
294.27	-81.117
294.74	-81.109
295.21	-79.330
295.68	-75.130
296.15	-75.734
296.62	-78.702
297.09	-78.735
297.56	-76.975
298.03	-77.547
298.49	-77.466
298.96	-79.230
299.43	-76.859
299.90	-77.966
300.37	-79.553
300.84	-79.154
301.31	-76.868
301.78	-74.707
302.25	-75.390
302.72	-75.374
303.19	-74.016
303.66	-71.781
304.13	-72.529
304.60	-73.398
305.07	-72.602
305.53	-70.435
306.00	-71.533
306.47	-71.725
306.94	-70.117
307.41	-69.993
307.88	-70.476
308.35	-70.939
308.82	-68.777
309.29	-68.487
309.76	-68.005
310.22	-68.078
310.69	-68.757
311.16	-67.307
311.63	-66.571
312.10	-66.596
312.57	-65.970
313.04	-64.797
313.51	-65.040
313.97	-65.332
314.44	-64.436
314.91	-63.719
315.38	-64.470
315.85	-63.352
316.32	-61.850
316.79	-58.704
317.25	-58.097
317.72	-60.085
318.19	-59.422
318.66	-58.562
319.13	-57.081
319.60	-58.891
320.07	-58.772
320.53	-55.363
321.00	-54.968
321.47	-55.656
321.94	-56.108
322.41	-54.485
322.87	-53.358
323.34	-55.188
323.81	-54.062
324.28	-52.177
324.75	-52.719
325.22	-53.166
325.68	-53.584
326.15	-52.528
326.62	-52.564
327.09	-52.776
327.56	-51.420
328.02	-50.056
328.49	-50.052
328.96	-50.365
329.43	-49.685
329.89	-49.509
330.36	-49.415
330.83	-50.806
331.30	-51.406
331.77	-49.667
332.23	-49.244
332.70	-49.482
333.17	-49.608
333.64	-49.373
334.10	-47.565
334.57	-46.625
335.04	-46.410
335.51	-44.768
335.97	-44.253
336.44	-44.035
336.91	-44.240
337.38	-43.720
337.84	-42.890
338.31	-41.943
338.78	-42.280
339.24	-40.104
339.71	-36.764
340.18	-35.009
340.65	-34.064
341.11	-32.176
341.58	-30.301
342.05	-29.285
342.52	-29.087
342.98	-27.974
343.45	-26.643
343.92	-26.436
344.38	-26.702
344.85	-26.217
345.32	-25.045
345.78	-24.466
346.25	-24.011
346.72	-22.922
347.18	-21.612
347.65	-20.534
348.12	-20.536
348.58	-19.620
349.05	-18.663
349.52	-18.585
349.99	-18.919
350.45	-17.864
350.92	-17.044
351.38	-16.695
351.85	-16.589
352.32	-15.790
352.78	-14.431
353.25	-13.884
353.72	-13.379
354.18	-12.586
354.65	-11.439
355.12	-11.023
355.58	-10.581
356.05	-10.510
356.52	-9.722
356.98	-9.114
357.45	-8.924
357.91	-8.485
358.38	-7.908
358.85	-7.561
359.31	-7.316
359.78	-7.102
360.25	-6.805
360.71	-6.520
361.18	-6.247
361.64	-6.195
362.11	-5.748
362.58	-5.525
363.04	-5.324
363.51	-5.168
363.97	-4.848
364.44	-4.793
364.91	-4.571
365.37	-4.520
365.84	-4.121
366.30	-3.882
366.77	-3.873
367.23	-3.704
367.70	-3.483
368.17	-3.260
368.63	-3.095
369.10	-3.144
369.56	-2.839
370.03	-2.562
370.49	-2.480
370.96	-2.502
371.42	-2.211
371.89	-2.054
372.36	-1.754
372.82	-1.722
373.29	-1.634
373.75	-1.309
374.22	-1.107
374.68	-1.082
375.15	-0.862
375.61	-0.669
376.08	-0.484
376.54	-0.379
377.01	-0.241
377.47	0.016
377.94	0.137
378.40	0.118
378.87	0.254
379.33	0.460
379.80	0.522
380.26	0.535
380.73	0.681
381.19	0.890
381.66	0.982
382.12	0.872
382.59	1.027
383.05	1.156
383.52	1.181
383.98	1.096
384.45	1.198
384.91	1.361
385.38	1.492
385.84	1.453
386.31	1.478
386.77	1.556
387.24	1.626
387.70	1.696
388.16	1.836
388.63	1.980
389.09	2.012
389.56	2.059
390.02	2.150
390.49	2.247
390.95	2.301
391.42	2.304
391.88	2.433
392.34	2.499
392.81	2.646
393.27	2.710
393.74	2.876
394.20	2.987
394.67	3.079
395.13	3.154
395.59	3.315
396.06	3.444
396.52	3.561
396.99	3.615
397.45	3.652
397.91	3.712
398.38	3.716
398.84	3.750
399.31	3.825
399.77	3.896
400.23	3.973
400.70	3.992
401.16	3.999
401.63	3.968
402.09	3.996
402.55	3.950
403.02	3.887
403.48	3.863
403.94	3.871
404.41	3.828
404.87	3.743
405.33	3.684
405.80	3.688
406.26	3.633
406.73	3.594
407.19	3.613
407.65	3.636
408.12	3.689
408.58	3.735
409.04	3.797
409.51	3.864
409.97	3.911
410.43	4.015
410.90	4.188
411.36	4.362
411.82	4.546
412.29	4.744
412.75	4.994
413.21	5.234
413.67	5.448
414.14	5.665
414.60	5.918
415.06	6.160
415.53	6.410
415.99	6.642
416.45	6.909
416.92	7.142
417.38	7.334
417.84	7.527
418.30	7.685
418.77	7.839
419.23	7.998
419.69	8.096
420.16	8.181
420.62	8.210
421.08	8.227
421.54	8.174
422.01	8.122
422.47	8.031
422.93	7.940
423.39	7.823
423.86	7.706
424.32	7.567
424.78	7.434
425.24	7.283
425.71	7.143
426.17	6.984
426.63	6.824
427.09	6.674
427.56	6.512
428.02	6.382
428.48	6.223
428.94	6.039
429.41	5.870
429.87	5.749
430.33	5.780
430.79	5.843
431.25	5.945
431.72	6.094
432.18	6.274
432.64	6.484
433.10	6.728
433.56	6.994
434.03	7.320
434.49	7.654
434.95	8.003
435.41	8.372
435.87	8.767
436.34	9.176
436.80	9.609
437.26	10.060
437.72	10.504
438.18	10.972
438.64	11.451
439.11	11.966
439.57	12.439
440.03	12.811
440.49	13.144
440.95	13.459
441.41	13.713
441.88	13.960
442.34	14.175
442.80	14.374
443.26	14.535
443.72	14.648
444.18	14.701
444.64	14.722
445.11	14.730
445.57	14.683
446.03	14.610
446.49	14.505
446.95	14.375
447.41	14.205
447.87	14.014
448.33	13.812
448.79	13.567
449.26	13.316
449.72	13.053
450.18	12.810
450.64	12.577
451.10	12.345
451.56	12.109
452.02	11.888
452.48	11.672
452.94	11.465
453.40	11.306
453.87	11.182
454.33	11.085
454.79	11.008
455.25	10.964
455.71	10.961
456.17	10.998
456.63	11.091
457.09	11.226
457.55	11.405
458.01	11.618
458.47	11.887
458.93	12.189
459.39	12.542
459.85	12.913
460.31	13.300
460.77	13.725
461.24	14.185
461.70	14.667
462.16	15.178
462.62	15.708
463.08	16.223
463.54	16.763
464.00	17.307
464.46	17.840
464.92	18.372
465.38	18.879
465.84	19.373
466.30	19.841
466.76	20.297
467.22	20.717
467.68	21.126
468.14	21.482
468.60	21.810
469.06	22.104
469.52	22.352
469.98	22.571
470.44	22.748
470.90	22.887
471.36	22.976
471.82	23.017
472.28	23.022
472.74	22.993
473.20	22.923
473.66	22.817
474.12	22.674
474.58	22.495
475.04	22.298
475.50	22.066
475.95	21.809
476.41	21.526
476.87	21.230
477.33	20.907
477.79	20.585
478.25	20.254
478.71	19.915
479.17	19.572
479.63	19.229
480.09	18.891
480.55	18.559
481.01	18.253
481.47	17.959
481.93	17.692
482.39	17.448
482.84	17.230
483.30	17.046
483.76	16.906
484.22	16.789
484.68	16.705
485.14	16.663
485.60	16.667
486.06	16.707
486.52	16.784
486.98	16.906
487.44	17.069
487.89	17.271
488.35	17.510
488.81	17.791
489.27	18.109
489.73	18.461
490.19	18.850
490.65	19.269
491.11	19.723
491.56	20.196
492.02	20.688
492.48	21.195
492.94	21.718
493.40	22.242
493.86	22.784
494.32	23.329
494.77	23.874
495.23	24.416
495.69	24.954
496.15	25.486
496.61	26.014
497.07	26.525
497.52	27.015
497.98	27.492
498.44	27.946
498.90	28.383
499.36	28.795
499.82	29.169
500.27	29.513
500.73	29.829
501.19	30.111
501.65	30.364
502.11	30.588
502.56	30.780
503.02	30.935
503.48	31.051
503.94	31.145
504.40	31.202
504.85	31.217
505.31	31.202
505.77	31.158
506.23	31.082
506.69	30.965
507.14	30.823
507.60	30.650
508.06	30.449
508.52	30.220
508.97	29.960
509.43	29.684
509.89	29.383
510.35	29.068
510.80	28.733
511.26	28.396
511.72	28.044
512.18	27.676
512.63	27.302
513.09	26.932
513.55	26.551
514.01	26.172
514.46	25.803
514.92	25.440
515.38	25.083
515.84	24.738
516.29	24.418
516.75	24.115
517.21	23.830
517.66	23.561
518.12	23.314
518.58	23.098
519.04	22.915
519.49	22.763
519.95	22.638
520.41	22.548
520.86	22.485
521.32	22.458
521.78	22.469
522.23	22.515
522.69	22.598
523.15	22.721
523.61	22.879
524.06	23.068
524.52	23.296
524.98	23.552
525.43	23.837
525.89	24.150
526.35	24.487
526.80	24.851
527.26	25.241
527.72	25.659
528.17	26.097
528.63	26.549
529.09	27.017
529.54	27.495
530.00	27.991
530.45	28.493
530.91	28.997
531.37	29.504
531.82	30.017
532.28	30.523
532.74	31.026
533.19	31.523
533.65	32.007
534.10	32.471
534.56	32.924
535.02	33.355
535.47	33.776
535.93	34.180
536.39	34.574
536.84	34.948
537.30	35.299
537.75	35.623
538.21	35.919
538.67	36.190
539.12	36.444
539.58	36.668
540.03	36.867
540.49	37.048
540.94	37.210
541.40	37.335
541.86	37.430
542.31	37.489
542.77	37.530
543.22	37.552
543.68	37.551
544.13	37.528
544.59	37.484
545.05	37.412
545.50	37.317
545.96	37.183
546.41	37.029
546.87	36.858
547.32	36.664
547.78	36.451
548.23	36.217
548.69	35.961
549.14	35.687
549.60	35.392
550.06	35.085
550.51	34.756
550.97	34.421
551.42	34.073
551.88	33.722
552.33	33.355
552.79	32.980
553.24	32.602
553.70	32.226
554.15	31.853
554.61	31.483
555.06	31.111
555.52	30.749
555.97	30.397
556.43	30.049
556.88	29.716
557.34	29.401
557.79	29.103
558.25	28.822
558.70	28.560
559.15	28.320
559.61	28.095
560.06	27.896
560.52	27.724
560.97	27.582
561.43	27.467
561.88	27.385
562.34	27.325
562.79	27.289
563.25	27.282
563.70	27.299
564.16	27.348
564.61	27.431
565.06	27.547
565.52	27.684
565.97	27.855
566.43	28.054
566.88	28.282
567.34	28.531
567.79	28.804
568.24	29.106
568.70	29.428
569.15	29.769
569.61	30.130
570.06	30.504
570.51	30.901
570.97	31.314
571.42	31.736
571.88	32.185
572.33	32.640
572.78	33.099
573.24	33.570
573.69	34.043
574.15	34.524
574.60	34.998
575.05	35.479
575.51	35.960
575.96	36.441
576.42	36.928
576.87	37.412
577.32	37.893
577.78	38.360
578.23	38.831
578.68	39.284
579.14	39.731
579.59	40.163
580.04	40.580
580.50	40.978
580.95	41.363
581.40	41.727
581.86	42.086
582.31	42.425
582.76	42.759
583.22	43.070
583.67	43.361
584.12	43.640
584.58	43.893
585.03	44.119
585.48	44.319
585.94	44.483
586.39	44.619
586.84	44.744
587.30	44.855
587.75	44.933
588.20	45.003
588.66	45.047
589.11	45.071
589.56	45.073
590.01	45.056
590.47	45.015
590.92	44.959
591.37	44.877
591.83	44.769
592.28	44.632
592.73	44.482
593.18	44.310
593.64	44.122
594.09	43.912
594.54	43.697
594.99	43.466
595.45	43.222
595.90	42.967
596.35	42.692
596.80	42.397
597.26	42.090
597.71	41.766
598.16	41.431
598.61	41.088
599.07	40.735
599.52	40.367
599.97	39.998
600.42	39.617
600.88	39.233
601.33	38.849
601.78	38.466
602.23	38.071
602.69	37.675
603.14	37.279
603.59	36.889
604.04	36.495
604.49	36.099
604.95	35.707
605.40	35.334
605.85	34.971
606.30	34.610
606.75	34.264
607.21	33.934
607.66	33.614
608.11	33.312
608.56	33.018
609.01	32.750
609.46	32.495
609.92	32.254
610.37	32.032
610.82	31.834
611.27	31.656
611.72	31.505
612.17	31.374
612.63	31.264
613.08	31.173
613.53	31.105
613.98	31.071
614.43	31.062
614.88	31.071
615.34	31.097
615.79	31.143
616.24	31.216
616.69	31.308
617.14	31.419
617.59	31.545
618.04	31.701
618.49	31.872
618.95	32.059
619.40	32.271
619.85	32.509
620.30	32.758
620.75	33.012
621.20	33.286
621.65	33.581
622.10	33.892
622.55	34.214
623.00	34.550
623.46	34.895
623.91	35.243
624.36	35.601
624.81	35.965
625.26	36.343
625.71	36.717
626.16	37.106
626.61	37.500
627.06	37.902
627.51	38.308
627.96	38.714
628.41	39.123
628.86	39.520
629.32	39.916
629.77	40.311
630.22	40.711
630.67	41.105
631.12	41.487
631.57	41.869
632.02	42.250
632.47	42.617
632.92	42.981
633.37	43.351
633.82	43.701
634.27	44.038
634.72	44.370
635.17	44.690
635.62	44.992
636.07	45.285
636.52	45.561
636.97	45.827
637.42	46.075
637.87	46.310
638.32	46.532
638.77	46.745
639.22	46.948
639.67	47.130
640.12	47.298
640.57	47.456
641.02	47.592
641.47	47.709
641.92	47.822
642.37	47.913
642.82	47.969
643.27	48.013
643.72	48.051
644.17	48.067
644.62	48.072
645.07	48.058
645.52	48.039
645.97	48.009
646.42	47.953
646.87	47.891
647.32	47.833
647.77	47.776
648.22	47.693
648.66	47.586
649.11	47.458
649.56	47.311
650.01	47.155
650.46	46.994
650.91	46.827
651.36	46.633
651.81	46.422
652.26	46.219
652.71	45.995
653.16	45.761
653.61	45.515
654.06	45.258
654.50	44.992
654.95	44.704
655.40	44.410
655.85	44.113
656.30	43.805
656.75	43.474
657.20	43.131
657.65	42.787
658.10	42.439
658.55	42.106
658.99	41.778
659.44	41.441
659.89	41.093
660.34	40.738
660.79	40.384
661.24	40.039
661.69	39.692
662.13	39.357
662.58	39.014
663.03	38.679
663.48	38.344
663.93	38.016
664.38	37.691
664.83	37.373
665.27	37.057
665.72	36.740
666.17	36.437
666.62	36.137
667.07	35.842
667.52	35.563
667.96	35.274
668.41	34.988
668.86	34.722
669.31	34.464
669.76	34.229
670.21	34.005
670.65	33.796
671.10	33.594
671.55	33.401
672.00	33.228
672.45	33.066
672.89	32.919
673.34	32.782
673.79	32.661
674.24	32.546
674.68	32.444
675.13	32.363
675.58	32.295
676.03	32.242
676.48	32.202
676.92	32.177
677.37	32.175
677.82	32.192
678.27	32.211
678.71	32.245
679.16	32.290
679.61	32.350
680.06	32.423
680.50	32.505
680.95	32.617
681.40	32.738
681.85	32.864
682.29	33.006
682.74	33.165
683.19	33.331
683.64	33.515
684.08	33.720
684.53	33.934
684.98	34.164
685.43	34.410
685.87	34.660
686.32	34.912
686.77	35.164
687.21	35.415
687.66	35.686
688.11	35.977
688.55	36.263
689.00	36.549
689.45	36.856
689.90	37.174
690.34	37.479
690.79	37.789
691.24	38.108
691.68	38.428
692.13	38.738
692.58	39.048
693.02	39.369
693.47	39.682
693.92	39.983
694.36	40.274
694.81	40.574
695.26	40.876
695.70	41.169
696.15	41.469
696.60	41.776
697.04	42.080
697.49	42.364
697.94	42.635
698.38	42.924
698.83	43.200
699.27	43.470
699.72	43.724
700.17	43.984
700.61	44.237
701.06	44.487
701.51	44.738
701.95	44.990
702.40	45.232
702.84	45.466
703.29	45.698
703.74	45.922
704.18	46.136
704.63	46.339
705.07	46.536
705.52	46.724
705.97	46.903
706.41	47.061
706.86	47.209
707.30	47.371
707.75	47.525
708.20	47.660
708.64	47.776
709.09	47.880
709.53	47.971
709.98	48.062
710.42	48.131
710.87	48.174
711.32	48.211
711.76	48.229
712.21	48.249
712.65	48.264
713.10	48.274
713.54	48.266
713.99	48.254
714.43	48.240
714.88	48.201
715.33	48.133
715.77	48.074
716.22	48.023
716.66	47.950
717.11	47.854
717.55	47.764
718.00	47.669
718.44	47.568
718.89	47.448
719.33	47.328
719.78	47.214
720.22	47.103
720.67	46.980
721.11	46.856
721.56	46.720
722.00	46.561
722.45	46.389
722.89	46.216
723.34	46.039
723.78	45.871
724.23	45.702
724.67	45.535
725.12	45.346
725.56	45.139
726.01	44.929
726.45	44.713
726.90	44.476
727.34	44.231
727.78	44.005
728.23	43.775
728.67	43.519
729.12	43.260
729.56	43.001
730.01	42.731
730.45	42.442
730.90	42.144
731.34	41.876
731.79	41.612
732.23	41.330
732.67	41.033
733.12	40.720
733.56	40.434
734.01	40.159
734.45	39.866
734.89	39.586
735.34	39.325
735.78	39.067
736.23	38.795
736.67	38.522
737.12	38.247
737.56	37.977
738.00	37.706
738.45	37.446
738.89	37.191
739.34	36.962
739.78	36.760
740.22	36.549
740.67	36.320
741.11	36.085
741.55	35.873
742.00	35.668
742.44	35.457
742.89	35.240
743.33	35.032
743.77	34.855
744.22	34.681
744.66	34.490
745.10	34.296
745.55	34.118
745.99	33.964
746.43	33.820
746.88	33.678
747.32	33.539
747.76	33.409
748.21	33.312
748.65	33.194
749.09	33.069
749.54	32.953
749.98	32.861
750.42	32.791
750.87	32.712
751.31	32.633
751.75	32.588
752.20	32.565
752.64	32.550
753.08	32.523
753.53	32.492
753.97	32.490
754.41	32.507
754.85	32.537
755.30	32.564
755.74	32.596
756.18	32.657
756.63	32.748
757.07	32.840
757.51	32.901
757.95	32.984
758.40	33.089
758.84	33.206
759.28	33.328
759.72	33.446
760.17	33.581
760.61	33.735
761.05	33.889
761.50	34.030
761.94	34.173
762.38	34.326
762.82	34.512
763.26	34.690
763.71	34.862
764.15	35.038
764.59	35.217
765.03	35.388
765.48	35.569
765.92	35.732
766.36	35.901
766.80	36.096
767.25	36.299
767.69	36.501
768.13	36.726
768.57	36.956
769.01	37.184
769.46	37.407
769.90	37.641
770.34	37.871
770.78	38.101
771.22	38.348
771.67	38.622
772.11	38.884
772.55	39.139
772.99	39.380
773.43	39.619
773.87	39.882
774.32	40.156
774.76	40.414
775.20	40.669
775.64	40.927
776.08	41.211
776.52	41.476
776.97	41.730
777.41	41.965
777.85	42.195
778.29	42.439
778.73	42.703
779.17	42.966
779.62	43.210
780.06	43.457
780.50	43.699
780.94	43.926
781.38	44.141
781.82	44.358
782.26	44.597
782.70	44.839
783.15	45.068
783.59	45.288
784.03	45.496
784.47	45.708
784.91	45.893
785.35	46.060
785.79	46.236
786.23	46.415
786.67	46.584
787.11	46.749
787.56	46.908
788.00	47.055
788.44	47.197
788.88	47.354
789.32	47.500
789.76	47.641
790.20	47.776
790.64	47.916
791.08	48.063
791.52	48.186
791.96	48.284
792.40	48.377
792.84	48.489
793.28	48.621
793.73	48.746
794.17	48.864
794.61	48.969
795.05	49.076
795.49	49.154
795.93	49.217
796.37	49.266
796.81	49.311
797.25	49.375
797.69	49.409
798.13	49.428
798.57	49.449
799.01	49.455
799.45	49.431
799.89	49.392
800.33	49.352
800.77	49.340
801.21	49.332
801.65	49.307
802.09	49.258
802.53	49.195
802.97	49.125
803.41	49.064
803.85	49.012
804.29	48.950
804.73	48.908
805.17	48.848
805.61	48.788
806.05	48.719
806.49	48.593
806.93	48.501
807.37	48.417
807.81	48.344
808.25	48.253
808.69	48.162
809.13	48.070
809.57	47.967
810.01	47.839
810.44	47.704
810.88	47.564
811.32	47.431
811.76	47.284
812.20	47.133
812.64	46.981
813.08	46.807
813.52	46.615
813.96	46.406
814.40	46.232
814.84	46.065
815.28	45.893
815.72	45.734
816.16	45.553
816.59	45.373
817.03	45.181
817.47	44.995
817.91	44.828
818.35	44.670
818.79	44.501
819.23	44.321
819.67	44.139
820.11	43.968
820.54	43.766
820.98	43.558
821.42	43.357
821.86	43.141
822.30	42.926
822.74	42.725
823.18	42.526
823.62	42.311
824.05	42.091
824.49	41.882
824.93	41.689
825.37	41.494
825.81	41.292
826.25	41.067
826.69	40.814
827.12	40.551
827.56	40.290
828.00	40.047
828.44	39.825
828.88	39.608
829.32	39.369
829.75	39.149
830.19	38.930
830.63	38.705
831.07	38.493
831.51	38.274
831.94	38.045
832.38	37.822
832.82	37.614
833.26	37.418
833.70	37.225
834.13	37.018
834.57	36.809
835.01	36.605
835.45	36.428
835.89	36.275
836.32	36.123
836.76	35.949
837.20	35.762
837.64	35.579
838.08	35.423
838.51	35.296
838.95	35.163
839.39	35.043
839.83	34.923
840.26	34.808
840.70	34.706
841.14	34.613
841.58	34.521
842.01	34.436
842.45	34.347
842.89	34.251
843.33	34.158
843.76	34.069
844.20	33.988
844.64	33.913
845.08	33.838
845.51	33.765
845.95	33.708
846.39	33.660
846.82	33.605
847.26	33.524
847.70	33.436
848.14	33.367
848.57	33.309
849.01	33.266
849.45	33.216
849.88	33.170
850.32	33.143
850.76	33.127
851.19	33.119
851.63	33.110
852.07	33.120
852.50	33.135
852.94	33.139
853.38	33.143
853.81	33.145
854.25	33.169
854.69	33.210
855.12	33.269
855.56	33.325
856.00	33.386
856.43	33.474
856.87	33.561
857.31	33.662
857.74	33.766
858.18	33.847
858.62	33.941
859.05	34.043
859.49	34.131
859.93	34.218
860.36	34.314
860.80	34.418
861.24	34.514
861.67	34.600
862.11	34.699
862.54	34.803
862.98	34.932
863.42	35.070
863.85	35.212
864.29	35.348
864.72	35.502
865.16	35.644
865.60	35.795
866.03	35.947
866.47	36.083
866.90	36.210
867.34	36.368
867.78	36.546
868.21	36.748
868.65	36.965
869.08	37.185
869.52	37.381
869.95	37.564
870.39	37.748
870.83	37.964
871.26	38.200
871.70	38.451
872.13	38.673
872.57	38.885
873.00	39.074
873.44	39.265
873.87	39.438
874.31	39.632
874.75	39.812
875.18	40.005
875.62	40.199
876.05	40.388
876.49	40.598
876.92	40.840
877.36	41.058
877.79	41.268
878.23	41.456
878.66	41.661
879.10	41.880
879.53	42.100
879.97	42.318
880.40	42.514
880.84	42.709
881.27	42.896
881.71	43.075
882.14	43.273
882.58	43.459
883.01	43.669
883.45	43.879
883.88	44.083
884.32	44.280
884.75	44.464
885.19	44.683
885.62	44.895
886.06	45.074
886.49	45.262
886.92	45.451
887.36	45.664
887.79	45.846
888.23	46.027
888.66	46.204
889.10	46.360
889.53	46.508
889.97	46.650
890.40	46.807
890.83	46.964
891.27	47.102
891.70	47.262
892.14	47.434
892.57	47.598
893.01	47.785
893.44	47.957
893.87	48.146
894.31	48.341
894.74	48.508
895.18	48.643
895.61	48.755
896.04	48.851
896.48	48.924
896.91	49.010
897.35	49.071
897.78	49.136
898.21	49.223
898.65	49.336
899.08	49.448
899.52	49.558
899.95	49.664
900.38	49.788
900.82	49.915
901.25	50.034
901.68	50.159
902.12	50.244
902.55	50.361
902.99	50.482
903.42	50.571
903.85	50.640
904.29	50.734
904.72	50.829
905.15	50.922
905.59	51.005
906.02	51.105
906.45	51.232
906.89	51.347
907.32	51.444
907.75	51.547
908.19	51.613
908.62	51.667
909.05	51.687
909.49	51.690
909.92	51.695
910.35	51.666
910.78	51.597
911.22	51.546
911.65	51.475
912.08	51.409
912.52	51.352
912.95	51.315
913.38	51.253
913.82	51.192
914.25	51.157
914.68	51.123
915.11	51.083
915.55	51.028
915.98	50.977
916.41	50.900
916.84	50.811
917.28	50.736
917.71	50.654
918.14	50.613
918.58	50.577
919.01	50.502
919.44	50.417
919.87	50.378
920.31	50.355
920.74	50.324
921.17	50.232
921.60	50.136
922.03	50.042
922.47	49.935
922.90	49.811
923.33	49.662
923.76	49.550
924.20	49.438
924.63	49.326
925.06	49.208
925.49	49.065
925.92	48.927
926.36	48.818
926.79	48.698
927.22	48.590
927.65	48.465
928.08	48.330
928.52	48.218
928.95	48.073
929.38	47.915
929.81	47.750
930.24	47.606
930.68	47.471
931.11	47.329
931.54	47.184
931.97	47.072
932.40	46.967
932.83	46.859
933.27	46.710
933.70	46.529
934.13	46.377
934.56	46.269
934.99	46.117
935.42	45.929
935.85	45.753
936.29	45.570
936.72	45.410
937.15	45.243
937.58	45.097
938.01	44.954
938.44	44.764
938.87	44.582
939.31	44.430
939.74	44.276
940.17	44.093
940.60	43.913
941.03	43.722
941.46	43.532
941.89	43.321
942.32	43.117
942.75	42.922
943.18	42.722
943.62	42.508
944.05	42.267
944.48	42.051
944.91	41.822
945.34	41.582
945.77	41.332
946.20	41.130
946.63	40.914
947.06	40.706
947.49	40.491
947.92	40.294
948.35	40.057
948.78	39.809
949.22	39.558
949.65	39.306
950.08	39.083
950.51	38.869
950.94	38.617
951.37	38.391
951.80	38.218
952.23	38.028
952.66	37.823
953.09	37.679
953.52	37.538
953.95	37.408
954.38	37.252
954.81	37.092
955.24	36.910
955.67	36.732
956.10	36.543
956.53	36.379
956.96	36.232
957.39	36.090
957.82	35.931
958.25	35.790
958.68	35.684
959.11	35.544
959.54	35.362
959.97	35.238
960.40	35.141
960.83	35.020
961.26	34.891
961.69	34.752
962.12	34.598
962.55	34.415
962.98	34.235
963.41	34.065
963.84	33.952
964.27	33.834
964.70	33.672
965.13	33.521
965.56	33.390
965.99	33.259
966.42	33.108
966.84	32.978
967.27	32.895
967.70	32.805
968.13	32.702
968.56	32.578
968.99	32.500
969.42	32.404
969.85	32.282
970.28	32.124
970.71	32.031
971.14	31.918
971.57	31.831
972.00	31.712
972.42	31.631
972.85	31.527
973.28	31.406
973.71	31.271
974.14	31.190
974.57	31.115
975.00	31.000
975.43	30.903
975.86	30.834
976.28	30.769
976.71	30.651
977.14	30.522
977.57	30.469
978.00	30.369
978.43	30.284
978.86	30.167
979.29	30.132
979.71	30.106
980.14	30.080
980.57	30.004
981.00	29.976
981.43	29.994
981.86	29.950
982.28	29.896
982.71	29.895
983.14	29.869
983.57	29.819
984.00	29.780
984.43	29.764
984.85	29.794
985.28	29.822
985.71	29.885
986.14	29.869
986.57	29.929
986.99	29.943
987.42	29.851
987.85	29.846
988.28	29.883
988.71	29.906
989.13	29.912
989.56	29.991
989.99	30.109
990.42	30.150
990.85	30.190
991.27	30.291
991.70	30.403
992.13	30.483
992.56	30.513
992.98	30.468
993.41	30.626
993.84	30.640
994.27	30.616
994.70	30.625
995.12	30.679
995.55	30.704
995.98	30.709
996.41	30.796
996.83	30.956
997.26	30.994
997.69	30.980
998.11	30.928
998.54	30.940
998.97	31.017
999.40	31.095
999.82	31.121
1000.25	31.216
1000.68	31.291
1001.11	31.285
1001.53	31.376
1001.96	31.544
1002.39	31.603
1002.81	31.666
1003.24	31.699
1003.67	31.762
1004.09	31.926
1004.52	32.028
1004.95	32.092
1005.38	32.192
1005.80	32.295
1006.23	32.375
1006.66	32.392
1007.08	32.607
1007.51	32.737
1007.94	32.763
1008.36	32.658
1008.79	32.744
1009.22	32.747
1009.64	32.740
1010.07	32.781
1010.50	32.846
1010.92	32.920
1011.35	32.943
1011.77	32.927
1012.20	32.974
1012.63	33.009
1013.05	33.026
1013.48	32.937
1013.91	33.062
1014.33	33.142
1014.76	33.119
1015.19	33.078
1015.61	33.154
1016.04	33.282
1016.46	33.293
1016.89	33.245
1017.32	33.379
1017.74	33.433
1018.17	33.492
1018.59	33.512
1019.02	33.467
1019.45	33.488
1019.87	33.457
1020.30	33.472
1020.72	33.545
1021.15	33.656
1021.58	33.720
1022.00	33.757
1022.43	33.896
1022.85	33.985
1023.28	34.061
1023.70	34.105
1024.13	34.100
1024.55	34.110
1024.98	34.086
1025.41	34.089
1025.83	34.143
1026.26	34.177
1026.68	34.236
1027.11	34.290
1027.53	34.210
1027.96	34.340
1028.38	34.561
1028.81	34.672
1029.23	34.601
1029.66	34.722
1030.08	34.708
1030.51	34.765
1030.94	34.765
1031.36	34.677
1031.79	34.677
1032.21	34.528
1032.64	34.301
1033.06	34.417
1033.49	34.372
1033.91	34.237
1034.34	34.076
1034.76	33.944
1035.19	33.993
1035.61	33.844
1036.03	33.446
1036.46	33.419
1036.88	33.282
1037.31	33.004
1037.73	32.803
1038.16	32.676
1038.58	32.423
1039.01	32.417
1039.43	32.230
1039.86	32.314
1040.28	32.223
1040.71	32.119
1041.13	32.123
1041.55	32.057
1041.98	32.121
1042.40	32.063
1042.83	31.733
1043.25	31.672
1043.68	31.583
1044.10	31.417
1044.52	31.280
1044.95	31.356
1045.37	31.471
1045.80	31.412
1046.22	31.204
1046.65	31.160
1047.07	31.112
1047.49	31.231
1047.92	30.696
1048.34	30.487
1048.77	30.241
1049.19	29.949
1049.61	29.337
1050.04	28.977
1050.46	28.821
1050.89	28.608
1051.31	28.414
1051.73	28.338
1052.16	28.142
1052.58	28.089
1053.00	27.662
1053.43	27.324
1053.85	27.253
1054.27	27.232
1054.70	26.978
1055.12	26.861
1055.55	26.619
1055.97	26.401
1056.39	26.212
1056.82	26.380
1057.24	26.411
1057.66	26.279
1058.09	26.266
1058.51	26.090
1058.93	25.948
1059.36	25.835
1059.78	25.178
1060.20	24.532
1060.62	24.337
1061.05	24.321
1061.47	23.839
1061.89	23.181
1062.32	23.122
1062.74	23.041
1063.16	22.077
1063.59	21.545
1064.01	21.063
1064.43	20.689
1064.85	20.169
1065.28	19.074
1065.70	18.415
1066.12	17.344
1066.55	16.141
1066.97	15.256
1067.39	14.781
1067.81	14.419
1068.24	13.984
1068.66	13.401
1069.08	12.665
1069.50	11.692
1069.93	10.681
1070.35	9.960
1070.77	9.717
1071.19	8.980
1071.62	7.783
1072.04	7.109
1072.46	6.457
1072.88	5.555
1073.31	4.636
1073.73	3.538
1074.15	2.350
1074.57	1.338
1075.00	0.816
1075.42	-0.135
1075.84	-1.222
1076.26	-2.374
1076.68	-3.745
1077.11	-5.589
1077.53	-6.856
1077.95	-6.954
1078.37	-8.095
1078.79	-9.426
1079.22	-10.160
1079.64	-11.617
1080.06	-12.922
1080.48	-14.821
1080.90	-16.687
1081.32	-17.643
1081.75	-18.952
1082.17	-21.184
1082.59	-22.854
1083.01	-24.596
1083.43	-27.224
1083.85	-30.073
1084.28	-32.654
1084.70	-34.737
1085.12	-37.126
1085.54	-40.303
1085.96	-42.619
1086.38	-45.196
1086.80	-46.386
1087.23	-47.675
1087.65	-50.493
1088.07	-54.215
1088.49	-55.947
1088.91	-58.602
1089.33	-61.021
1089.75	-63.385
1090.17	-66.398
1090.60	-69.606
1091.02	-72.829
1091.44	-74.994
1091.86	-76.092
1092.28	-78.173
1092.70	-80.296
1093.12	-83.538
1093.54	-85.826
1093.96	-87.470
1094.38	-90.355
1094.81	-94.284
1095.23	-96.542
1095.65	-100.860
1096.07	-104.292
1096.49	-108.212
1096.91	-109.723
1097.33	-114.920
1097.75	-123.394
1098.17	-126.570
1098.59	-129.542
1099.01	-131.103
1099.43	-135.280
1099.85	-142.021
1100.27	-146.346
1100.69	-151.499
1101.11	-154.604
1101.53	-158.430
1101.95	-161.421
1102.38	-110.709
1102.80	-230.218
1103.22	-108.866
1103.64	-173.863
1104.06	-346.881
1104.48	-167.729
1104.90	-256.319
1105.32	-221.724
1105.74	-149.859
1106.16	-291.520
