188.40	-158.598
188.88	-325.587
189.35	280.780
189.83	1345.217
190.30	-1470.588
190.78	-216.346
191.26	-197.101
191.73	990.566
192.21	-1404.348
192.68	-247.901
193.16	-968.644
193.63	-1143.398
194.11	-1208.374
194.58	-1137.415
195.06	-928.191
195.53	-603.274
196.01	-501.795
196.48	-447.158
196.96	-376.730
197.43	-321.963
197.91	-284.868
198.38	-258.258
198.86	-218.584
199.33	-181.423
199.81	-172.459
200.28	-165.004
200.76	-145.844
201.23	-134.138
201.71	-122.856
202.18	-116.985
202.66	-107.538
203.13	-98.319
203.61	-93.537
204.08	-87.341
204.55	-80.515
205.03	-75.003
205.50	-75.316
205.98	-74.260
206.45	-73.948
206.93	-71.225
207.40	-70.780
207.88	-68.652
208.35	-66.587
208.82	-68.028
209.30	-69.802
209.77	-68.748
210.25	-67.238
210.72	-68.768
211.20	-69.063
211.67	-64.028
212.14	-64.636
212.62	-63.749
213.09	-64.086
213.57	-62.493
214.04	-60.985
214.52	-60.766
214.99	-59.708
215.46	-59.250
215.94	-62.387
216.41	-60.730
216.89	-59.892
217.36	-58.871
217.83	-61.424
218.31	-62.570
218.78	-59.380
219.25	-58.638
219.73	-59.701
220.20	-61.820
220.68	-57.277
221.15	-56.974
221.62	-60.121
222.10	-59.895
222.57	-59.132
223.04	-56.712
223.52	-58.447
223.99	-60.888
224.47	-60.783
224.94	-61.881
225.41	-62.565
225.89	-60.717
226.36	-61.644
226.83	-61.768
227.31	-63.577
227.78	-63.817
228.25	-60.968
228.73	-62.863
229.20	-61.709
229.67	-63.445
230.15	-62.941
230.62	-62.966
231.09	-65.382
231.57	-66.743
232.04	-65.826
232.51	-65.208
232.98	-68.409
233.46	-67.145
233.93	-65.568
234.40	-63.495
234.88	-63.401
235.35	-63.225
235.82	-63.298
236.30	-61.104
236.77	-61.097
237.24	-62.964
237.71	-60.504
238.19	-59.731
238.66	-59.041
239.13	-60.403
239.61	-59.687
240.08	-57.654
240.55	-56.905
241.02	-54.713
241.50	-51.566
241.97	-48.743
242.44	-48.283
242.91	-47.389
243.39	-47.432
243.86	-47.689
244.33	-48.931
244.80	-48.774
245.28	-49.973
245.75	-48.142
246.22	-49.497
246.69	-49.988
247.17	-48.639
247.64	-49.611
248.11	-50.963
248.58	-51.151
249.05	-52.620
249.53	-51.059
250.00	-51.184
250.47	-54.424
250.94	-57.681
251.42	-59.146
251.89	-60.571
252.36	-60.420
252.83	-59.760
253.30	-58.015
253.78	-56.886
254.25	-56.736
254.72	-58.262
255.19	-57.374
255.66	-54.230
256.13	-55.196
256.61	-54.342
257.08	-53.663
257.55	-53.964
258.02	-53.044
258.49	-54.143
258.97	-53.758
259.44	-53.782
259.91	-54.899
260.38	-55.026
260.85	-53.403
261.32	-53.830
261.79	-51.823
262.27	-53.211
262.74	-52.928
263.21	-51.754
263.68	-54.592
264.15	-55.774
264.62	-56.613
265.09	-56.174
265.57	-60.241
266.04	-60.851
266.51	-62.879
266.98	-62.832
267.45	-62.582
267.92	-64.892
268.39	-62.769
268.86	-62.054
269.34	-60.038
269.81	-61.045
270.28	-61.216
270.75	-57.727
271.22	-57.501
271.69	-57.487
272.16	-55.882
272.63	-54.763
273.10	-55.278
273.57	-53.547
274.05	-52.894
274.52	-50.192
274.99	-49.481
275.46	-47.466
275.93	-46.814
276.40	-45.394
276.87	-43.956
277.34	-43.924
277.81	-42.678
278.28	-43.276
278.75	-43.234
279.22	-44.775
279.69	-44.912
280.16	-44.199
280.63	-44.635
281.11	-45.284
281.58	-47.785
282.05	-47.116
282.52	-47.754
282.99	-48.124
283.46	-49.808
283.93	-49.212
284.40	-48.557
284.87	-47.409
285.34	-47.726
285.81	-46.523
286.28	-45.705
286.75	-42.986
287.22	-44.077
287.69	-44.173
288.16	-41.492
288.63	-41.242
289.10	-40.401
289.57	-38.396
290.04	-35.480
290.51	-34.027
290.98	-33.833
291.45	-33.255
291.92	-33.661
292.39	-32.785
292.86	-34.304
293.33	-32.935
293.80	-31.298
294.27	-30.516
294.74	-32.504
295.21	-33.022
295.68	-32.355
296.15	-33.754
296.62	-36.961
297.09	-35.554
297.56	-34.899
298.03	-34.452
298.49	-34.474
298.96	-35.121
299.43	-34.369
299.90	-35.639
300.37	-37.603
300.84	-37.824
301.31	-36.554
301.78	-35.863
302.25	-37.073
302.72	-35.259
303.19	-33.561
303.66	-32.741
304.13	-33.508
304.60	-33.878
305.07	-34.630
305.53	-33.580
306.00	-33.342
306.47	-33.300
306.94	-33.183
307.41	-32.130
307.88	-33.462
308.35	-34.961
308.82	-33.872
309.29	-33.255
309.76	-33.695
310.22	-32.851
310.69	-32.606
311.16	-31.162
311.63	-30.624
312.10	-31.623
312.57	-31.972
313.04	-31.715
313.51	-32.157
313.97	-32.292
314.44	-31.561
314.91	-28.890
315.38	-29.005
315.85	-27.839
316.32	-26.086
316.79	-24.430
317.25	-24.752
317.72	-26.059
318.19	-24.509
318.66	-23.040
319.13	-22.746
319.60	-22.419
320.07	-22.771
320.53	-20.482
321.00	-20.163
321.47	-20.413
321.94	-19.234
322.41	-18.649
322.87	-18.999
323.34	-20.136
323.81	-19.670
324.28	-18.478
324.75	-19.834
325.22	-20.084
325.68	-20.349
326.15	-21.121
326.62	-20.912
327.09	-21.278
327.56	-20.695
328.02	-19.643
328.49	-20.772
328.96	-21.157
329.43	-21.135
329.89	-20.656
330.36	-20.207
330.83	-21.343
331.30	-21.969
331.77	-20.792
332.23	-19.982
332.70	-19.524
333.17	-19.241
333.64	-19.049
334.10	-17.787
334.57	-16.509
335.04	-16.896
335.51	-16.495
335.97	-15.538
336.44	-16.107
336.91	-16.487
337.38	-15.768
337.84	-15.884
338.31	-15.145
338.78	-14.717
339.24	-14.536
339.71	-13.318
340.18	-12.871
340.65	-12.185
341.11	-10.909
341.58	-10.516
342.05	-10.355
342.52	-10.059
342.98	-9.398
343.45	-8.945
343.92	-9.219
344.38	-10.034
344.85	-9.525
345.32	-8.978
345.78	-8.551
346.25	-7.751
346.72	-6.723
347.18	-5.835
347.65	-5.268
348.12	-4.819
348.58	-4.733
349.05	-3.854
349.52	-3.739
349.99	-3.848
350.45	-3.746
350.92	-3.498
351.38	-3.141
351.85	-3.067
352.32	-2.633
352.78	-1.983
353.25	-1.444
353.72	-1.170
354.18	-0.622
354.65	-0.021
355.12	0.425
355.58	0.589
356.05	0.289
356.52	0.333
356.98	0.224
357.45	0.217
357.91	0.217
358.38	0.400
358.85	0.487
359.31	0.454
359.78	0.282
360.25	0.475
360.71	0.639
361.18	0.625
361.64	0.500
362.11	0.417
362.58	0.446
363.04	0.417
363.51	0.500
363.97	0.693
364.44	0.658
364.91	0.638
365.37	0.513
365.84	0.827
366.30	1.116
366.77	1.133
367.23	1.238
367.70	1.182
368.17	1.325
368.63	1.375
369.10	1.491
369.56	1.646
370.03	1.824
370.49	1.933
370.96	1.953
371.42	2.174
371.89	2.390
372.36	2.442
372.82	2.430
373.29	2.489
373.75	2.586
374.22	2.701
374.68	2.729
375.15	2.822
375.61	2.918
376.08	2.923
376.54	2.994
377.01	2.995
377.47	3.198
377.94	3.195
378.40	3.282
378.87	3.194
379.33	3.314
379.80	3.309
380.26	3.264
380.73	3.304
381.19	3.428
381.66	3.445
382.12	3.429
382.59	3.471
383.05	3.482
383.52	3.518
383.98	3.480
384.45	3.476
384.91	3.556
385.38	3.585
385.84	3.602
386.31	3.577
386.77	3.639
387.24	3.679
387.70	3.730
388.16	3.734
388.63	3.891
389.09	3.937
389.56	3.989
390.02	4.027
390.49	4.098
390.95	4.162
391.42	4.195
391.88	4.266
392.34	4.351
392.81	4.475
393.27	4.534
393.74	4.607
394.20	4.701
394.67	4.801
395.13	4.860
395.59	4.931
396.06	4.999
396.52	5.078
396.99	5.112
397.45	5.137
397.91	5.118
398.38	5.086
398.84	5.087
399.31	5.093
399.77	5.086
400.23	5.081
400.70	5.030
401.16	4.961
401.63	4.924
402.09	4.903
402.55	4.844
403.02	4.747
403.48	4.677
403.94	4.663
404.41	4.657
404.87	4.603
405.33	4.536
405.80	4.567
406.26	4.553
406.73	4.585
407.19	4.613
407.65	4.693
408.12	4.786
408.58	4.878
409.04	4.969
409.51	5.092
409.97	5.220
410.43	5.348
410.90	5.537
411.36	5.753
411.82	5.953
412.29	6.167
412.75	6.389
413.21	6.624
413.67	6.833
414.14	7.002
414.60	7.220
415.06	7.451
415.53	7.639
415.99	7.808
416.45	7.949
416.92	8.111
417.38	8.257
417.84	8.377
418.30	8.424
418.77	8.488
419.23	8.521
419.69	8.513
420.16	8.497
420.62	8.445
421.08	8.378
421.54	8.271
422.01	8.139
422.47	8.023
422.93	7.905
423.39	7.750
423.86	7.622
424.32	7.472
424.78	7.334
425.24	7.196
425.71	7.071
426.17	6.947
426.63	6.841
427.09	6.730
427.56	6.629
428.02	6.562
428.48	6.507
428.94	6.451
429.41	6.385
429.87	6.367
430.33	6.513
430.79	6.661
431.25	6.860
431.72	7.107
432.18	7.387
432.64	7.680
433.10	8.006
433.56	8.310
434.03	8.678
434.49	9.058
434.95	9.447
435.41	9.852
435.87	10.248
436.34	10.643
436.80	11.061
437.26	11.466
437.72	11.883
438.18	12.283
438.64	12.694
439.11	13.114
439.57	13.497
440.03	13.762
440.49	13.985
440.95	14.191
441.41	14.345
441.88	14.475
442.34	14.577
442.80	14.643
443.26	14.676
443.72	14.659
444.18	14.597
444.64	14.498
445.11	14.375
445.57	14.235
446.03	14.086
446.49	13.874
446.95	13.665
447.41	13.438
447.87	13.193
448.33	12.951
448.79	12.697
449.26	12.457
449.72	12.224
450.18	12.012
450.64	11.810
451.10	11.630
451.56	11.451
452.02	11.308
452.48	11.184
452.94	11.098
453.40	11.047
453.87	11.044
454.33	11.085
454.79	11.168
455.25	11.268
455.71	11.393
456.17	11.597
456.63	11.842
457.09	12.111
457.55	12.426
458.01	12.762
458.47	13.159
458.93	13.576
459.39	14.005
459.85	14.455
460.31	14.912
460.77	15.384
461.24	15.893
461.70	16.402
462.16	16.916
462.62	17.436
463.08	17.935
463.54	18.433
464.00	18.920
464.46	19.379
464.92	19.825
465.38	20.254
465.84	20.651
466.30	21.014
466.76	21.347
467.22	21.642
467.68	21.912
468.14	22.131
468.60	22.303
469.06	22.452
469.52	22.557
469.98	22.622
470.44	22.650
470.90	22.643
471.36	22.594
471.82	22.510
472.28	22.389
472.74	22.243
473.20	22.059
473.66	21.853
474.12	21.619
474.58	21.356
475.04	21.080
475.50	20.783
475.95	20.469
476.41	20.153
476.87	19.833
477.33	19.507
477.79	19.186
478.25	18.872
478.71	18.559
479.17	18.261
479.63	17.985
480.09	17.722
480.55	17.473
481.01	17.259
481.47	17.072
481.93	16.919
482.39	16.801
482.84	16.721
483.30	16.677
483.76	16.675
484.22	16.709
484.68	16.780
485.14	16.890
485.60	17.051
486.06	17.251
486.52	17.485
486.98	17.758
487.44	18.070
487.89	18.410
488.35	18.785
488.81	19.186
489.27	19.614
489.73	20.071
490.19	20.554
490.65	21.059
491.11	21.584
491.56	22.109
492.02	22.644
492.48	23.180
492.94	23.723
493.40	24.260
493.86	24.795
494.32	25.323
494.77	25.841
495.23	26.335
495.69	26.812
496.15	27.271
496.61	27.713
497.07	28.121
497.52	28.521
497.98	28.893
498.44	29.243
498.90	29.565
499.36	29.846
499.82	30.090
500.27	30.299
500.73	30.469
501.19	30.609
501.65	30.718
502.11	30.796
502.56	30.839
503.02	30.846
503.48	30.824
503.94	30.775
504.40	30.688
504.85	30.569
505.31	30.430
505.77	30.261
506.23	30.065
506.69	29.848
507.14	29.597
507.60	29.328
508.06	29.035
508.52	28.723
508.97	28.398
509.43	28.062
509.89	27.711
510.35	27.358
510.80	27.002
511.26	26.645
511.72	26.291
512.18	25.934
512.63	25.582
513.09	25.235
513.55	24.891
514.01	24.566
514.46	24.263
514.92	23.972
515.38	23.703
515.84	23.454
516.29	23.237
516.75	23.046
517.21	22.883
517.66	22.745
518.12	22.640
518.58	22.568
519.04	22.534
519.49	22.531
519.95	22.560
520.41	22.623
520.86	22.717
521.32	22.846
521.78	23.006
522.23	23.205
522.69	23.439
523.15	23.709
523.61	24.010
524.06	24.335
524.52	24.688
524.98	25.066
525.43	25.464
525.89	25.876
526.35	26.306
526.80	26.752
527.26	27.218
527.72	27.696
528.17	28.185
528.63	28.677
529.09	29.177
529.54	29.685
530.00	30.192
530.45	30.693
530.91	31.189
531.37	31.676
531.82	32.156
532.28	32.627
532.74	33.082
533.19	33.518
533.65	33.929
534.10	34.322
534.56	34.690
535.02	35.036
535.47	35.362
535.93	35.670
536.39	35.954
536.84	36.211
537.30	36.445
537.75	36.650
538.21	36.823
538.67	36.975
539.12	37.093
539.58	37.185
540.03	37.256
540.49	37.306
540.94	37.329
541.40	37.317
541.86	37.277
542.31	37.208
542.77	37.123
543.22	37.023
543.68	36.900
544.13	36.760
544.59	36.601
545.05	36.420
545.50	36.215
545.96	35.986
546.41	35.739
546.87	35.479
547.32	35.203
547.78	34.915
548.23	34.607
548.69	34.295
549.14	33.971
549.60	33.633
550.06	33.285
550.51	32.934
550.97	32.588
551.42	32.231
551.88	31.873
552.33	31.513
552.79	31.159
553.24	30.806
553.70	30.467
554.15	30.134
554.61	29.816
555.06	29.508
555.52	29.212
555.97	28.935
556.43	28.674
556.88	28.433
557.34	28.218
557.79	28.027
558.25	27.856
558.70	27.711
559.15	27.594
559.61	27.501
560.06	27.435
560.52	27.396
560.97	27.392
561.43	27.421
561.88	27.480
562.34	27.566
562.79	27.675
563.25	27.813
563.70	27.973
564.16	28.165
564.61	28.389
565.06	28.642
565.52	28.918
565.97	29.216
566.43	29.538
566.88	29.879
567.34	30.241
567.79	30.621
568.24	31.021
568.70	31.436
569.15	31.859
569.61	32.298
570.06	32.738
570.51	33.197
570.97	33.663
571.42	34.129
571.88	34.612
572.33	35.095
572.78	35.575
573.24	36.060
573.69	36.533
574.15	37.005
574.60	37.469
575.05	37.926
575.51	38.382
575.96	38.830
576.42	39.276
576.87	39.714
577.32	40.140
577.78	40.545
578.23	40.944
578.68	41.329
579.14	41.701
579.59	42.057
580.04	42.387
580.50	42.691
580.95	42.980
581.40	43.242
581.86	43.494
582.31	43.729
582.76	43.948
583.22	44.151
583.67	44.331
584.12	44.493
584.58	44.627
585.03	44.737
585.48	44.818
585.94	44.867
586.39	44.883
586.84	44.887
587.30	44.885
587.75	44.850
588.20	44.804
588.66	44.736
589.11	44.650
589.56	44.546
590.01	44.426
590.47	44.283
590.92	44.123
591.37	43.944
591.83	43.740
592.28	43.515
592.73	43.275
593.18	43.020
593.64	42.748
594.09	42.466
594.54	42.175
594.99	41.883
595.45	41.581
595.90	41.268
596.35	40.938
596.80	40.594
597.26	40.248
597.71	39.886
598.16	39.518
598.61	39.143
599.07	38.770
599.52	38.389
599.97	38.012
600.42	37.631
600.88	37.253
601.33	36.878
601.78	36.512
602.23	36.144
602.69	35.776
603.14	35.420
603.59	35.073
604.04	34.728
604.49	34.384
604.95	34.051
605.40	33.747
605.85	33.460
606.30	33.177
606.75	32.917
607.21	32.677
607.66	32.453
608.11	32.249
608.56	32.059
609.01	31.894
609.46	31.749
609.92	31.625
610.37	31.519
610.82	31.442
611.27	31.389
611.72	31.361
612.17	31.360
612.63	31.376
613.08	31.410
613.53	31.469
613.98	31.562
614.43	31.674
614.88	31.803
615.34	31.948
615.79	32.114
616.24	32.294
616.69	32.496
617.14	32.723
617.59	32.959
618.04	33.213
618.49	33.486
618.95	33.771
619.40	34.071
619.85	34.392
620.30	34.722
620.75	35.053
621.20	35.402
621.65	35.757
622.10	36.124
622.55	36.503
623.00	36.890
623.46	37.277
623.91	37.661
624.36	38.052
624.81	38.446
625.26	38.843
625.71	39.241
626.16	39.642
626.61	40.036
627.06	40.430
627.51	40.827
627.96	41.211
628.41	41.597
628.86	41.971
629.32	42.339
629.77	42.700
630.22	43.058
630.67	43.404
631.12	43.741
631.57	44.076
632.02	44.401
632.47	44.707
632.92	45.009
633.37	45.315
633.82	45.596
634.27	45.859
634.72	46.114
635.17	46.356
635.62	46.578
636.07	46.788
636.52	46.985
636.97	47.161
637.42	47.329
637.87	47.472
638.32	47.606
638.77	47.731
639.22	47.842
639.67	47.933
640.12	48.013
640.57	48.081
641.02	48.125
641.47	48.149
641.92	48.169
642.37	48.167
642.82	48.135
643.27	48.089
643.72	48.035
644.17	47.964
644.62	47.878
645.07	47.781
645.52	47.673
645.97	47.561
646.42	47.432
646.87	47.294
647.32	47.167
647.77	47.030
648.22	46.872
648.66	46.692
649.11	46.492
649.56	46.275
650.01	46.046
650.46	45.814
650.91	45.587
651.36	45.334
651.81	45.066
652.26	44.806
652.71	44.530
653.16	44.249
653.61	43.962
654.06	43.665
654.50	43.358
654.95	43.042
655.40	42.716
655.85	42.392
656.30	42.060
656.75	41.708
657.20	41.352
657.65	40.996
658.10	40.639
658.55	40.300
658.99	39.969
659.44	39.641
659.89	39.308
660.34	38.962
660.79	38.628
661.24	38.305
661.69	37.983
662.13	37.674
662.58	37.359
663.03	37.056
663.48	36.760
663.93	36.473
664.38	36.193
664.83	35.924
665.27	35.659
665.72	35.398
666.17	35.148
666.62	34.911
667.07	34.683
667.52	34.471
667.96	34.260
668.41	34.049
668.86	33.854
669.31	33.676
669.76	33.523
670.21	33.379
670.65	33.253
671.10	33.138
671.55	33.037
672.00	32.956
672.45	32.888
672.89	32.832
673.34	32.787
673.79	32.758
674.24	32.735
674.68	32.730
675.13	32.744
675.58	32.775
676.03	32.819
676.48	32.868
676.92	32.929
677.37	33.013
677.82	33.115
678.27	33.220
678.71	33.335
679.16	33.459
679.61	33.597
680.06	33.749
680.50	33.907
680.95	34.095
681.40	34.287
681.85	34.474
682.29	34.678
682.74	34.897
683.19	35.120
683.64	35.355
684.08	35.608
684.53	35.871
684.98	36.144
685.43	36.428
685.87	36.717
686.32	37.007
686.77	37.293
687.21	37.574
687.66	37.875
688.11	38.183
688.55	38.489
689.00	38.793
689.45	39.111
689.90	39.442
690.34	39.752
690.79	40.057
691.24	40.378
691.68	40.701
692.13	41.005
692.58	41.301
693.02	41.608
693.47	41.902
693.92	42.185
694.36	42.456
694.81	42.735
695.26	43.014
695.70	43.286
696.15	43.554
696.60	43.834
697.04	44.101
697.49	44.350
697.94	44.587
698.38	44.832
698.83	45.066
699.27	45.288
699.72	45.493
700.17	45.706
700.61	45.914
701.06	46.112
701.51	46.311
701.95	46.514
702.40	46.712
702.84	46.899
703.29	47.079
703.74	47.245
704.18	47.394
704.63	47.535
705.07	47.666
705.52	47.792
705.97	47.900
706.41	47.995
706.86	48.081
707.30	48.173
707.75	48.265
708.20	48.335
708.64	48.381
709.09	48.417
709.53	48.446
709.98	48.464
710.42	48.455
710.87	48.429
711.32	48.396
711.76	48.347
712.21	48.294
712.65	48.231
713.10	48.180
713.54	48.112
713.99	48.040
714.43	47.965
714.88	47.866
715.33	47.747
715.77	47.637
716.22	47.525
716.66	47.396
717.11	47.244
717.55	47.098
718.00	46.955
718.44	46.807
718.89	46.639
719.33	46.479
719.78	46.327
720.22	46.173
720.67	46.003
721.11	45.831
721.56	45.655
722.00	45.463
722.45	45.255
722.89	45.043
723.34	44.833
723.78	44.634
724.23	44.438
724.67	44.236
725.12	44.015
725.56	43.789
726.01	43.557
726.45	43.319
726.90	43.062
727.34	42.795
727.78	42.548
728.23	42.301
728.67	42.027
729.12	41.756
729.56	41.492
730.01	41.226
730.45	40.935
730.90	40.639
731.34	40.371
731.79	40.105
732.23	39.829
732.67	39.536
733.12	39.235
733.56	38.960
734.01	38.697
734.45	38.416
734.89	38.150
735.34	37.908
735.78	37.672
736.23	37.428
736.67	37.188
737.12	36.939
737.56	36.702
738.00	36.465
738.45	36.238
738.89	36.016
739.34	35.820
739.78	35.650
740.22	35.474
740.67	35.287
741.11	35.095
741.55	34.923
742.00	34.766
742.44	34.604
742.89	34.434
743.33	34.279
743.77	34.157
744.22	34.041
744.66	33.903
745.10	33.767
745.55	33.647
745.99	33.552
746.43	33.473
746.88	33.387
747.32	33.311
747.76	33.248
748.21	33.210
748.65	33.155
749.09	33.099
749.54	33.048
749.98	33.022
750.42	33.017
750.87	33.005
751.31	32.996
751.75	33.009
752.20	33.046
752.64	33.094
753.08	33.133
753.53	33.159
753.97	33.213
754.41	33.283
754.85	33.373
755.30	33.457
755.74	33.545
756.18	33.667
756.63	33.816
757.07	33.967
757.51	34.092
757.95	34.226
758.40	34.385
758.84	34.554
759.28	34.718
759.72	34.877
760.17	35.054
760.61	35.248
761.05	35.443
761.50	35.630
761.94	35.806
762.38	35.996
762.82	36.220
763.26	36.441
763.71	36.656
764.15	36.860
764.59	37.064
765.03	37.268
765.48	37.468
765.92	37.653
766.36	37.834
766.80	38.038
767.25	38.259
767.69	38.471
768.13	38.705
768.57	38.948
769.01	39.197
769.46	39.440
769.90	39.676
770.34	39.905
770.78	40.132
771.22	40.388
771.67	40.661
772.11	40.918
772.55	41.169
772.99	41.401
773.43	41.634
773.87	41.892
774.32	42.157
774.76	42.410
775.20	42.649
775.64	42.892
776.08	43.153
776.52	43.400
776.97	43.636
777.41	43.853
777.85	44.063
778.29	44.287
778.73	44.519
779.17	44.759
779.62	44.988
780.06	45.209
780.50	45.417
780.94	45.610
781.38	45.796
781.82	45.981
782.26	46.186
782.70	46.390
783.15	46.584
783.59	46.768
784.03	46.941
784.47	47.113
784.91	47.266
785.35	47.402
785.79	47.546
786.23	47.689
786.67	47.825
787.11	47.953
787.56	48.067
788.00	48.172
788.44	48.267
788.88	48.376
789.32	48.477
789.76	48.568
790.20	48.655
790.64	48.752
791.08	48.851
791.52	48.923
791.96	48.979
792.40	49.025
792.84	49.087
793.28	49.159
793.73	49.236
794.17	49.305
794.61	49.358
795.05	49.404
795.49	49.432
795.93	49.444
796.37	49.448
796.81	49.449
797.25	49.468
797.69	49.466
798.13	49.439
798.57	49.413
799.01	49.385
799.45	49.331
799.89	49.250
800.33	49.169
800.77	49.116
801.21	49.074
801.65	49.003
802.09	48.907
802.53	48.803
802.97	48.692
803.41	48.595
803.85	48.506
804.29	48.412
804.73	48.337
805.17	48.246
805.61	48.139
806.05	48.015
806.49	47.859
806.93	47.732
807.37	47.612
807.81	47.506
808.25	47.388
808.69	47.254
809.13	47.119
809.57	46.978
810.01	46.824
810.44	46.651
810.88	46.488
811.32	46.334
811.76	46.176
812.20	46.011
812.64	45.832
813.08	45.640
813.52	45.430
813.96	45.205
814.40	45.013
814.84	44.835
815.28	44.655
815.72	44.483
816.16	44.285
816.59	44.098
817.03	43.898
817.47	43.698
817.91	43.523
818.35	43.355
818.79	43.185
819.23	43.001
819.67	42.809
820.11	42.624
820.54	42.420
820.98	42.201
821.42	41.996
821.86	41.783
822.30	41.574
822.74	41.383
823.18	41.183
823.62	40.963
824.05	40.741
824.49	40.549
824.93	40.354
825.37	40.159
825.81	39.965
826.25	39.753
826.69	39.517
827.12	39.262
827.56	39.017
828.00	38.782
828.44	38.570
828.88	38.371
829.32	38.161
829.75	37.957
830.19	37.770
830.63	37.564
831.07	37.369
831.51	37.171
831.94	36.959
832.38	36.761
832.82	36.583
833.26	36.417
833.70	36.248
834.13	36.077
834.57	35.905
835.01	35.736
835.45	35.589
835.89	35.464
836.32	35.351
836.76	35.223
837.20	35.079
837.64	34.941
838.08	34.820
838.51	34.732
838.95	34.645
839.39	34.548
839.83	34.472
840.26	34.404
840.70	34.346
841.14	34.293
841.58	34.244
842.01	34.201
842.45	34.163
842.89	34.109
843.33	34.053
843.76	34.019
844.20	33.984
844.64	33.949
845.08	33.916
845.51	33.888
845.95	33.875
846.39	33.874
846.82	33.860
847.26	33.845
847.70	33.806
848.14	33.778
848.57	33.770
849.01	33.773
849.45	33.766
849.88	33.758
850.32	33.773
850.76	33.801
851.19	33.839
851.63	33.876
852.07	33.923
852.50	33.987
852.94	34.027
853.38	34.071
853.81	34.118
854.25	34.191
854.69	34.280
855.12	34.380
855.56	34.472
856.00	34.578
856.43	34.696
856.87	34.823
857.31	34.965
857.74	35.110
858.18	35.233
858.62	35.360
859.05	35.488
859.49	35.612
859.93	35.732
860.36	35.848
860.80	35.973
861.24	36.101
861.67	36.220
862.11	36.345
862.54	36.475
862.98	36.628
863.42	36.783
863.85	36.945
864.29	37.096
864.72	37.272
865.16	37.440
865.60	37.598
866.03	37.757
866.47	37.902
866.90	38.039
867.34	38.208
867.78	38.404
868.21	38.632
868.65	38.864
869.08	39.092
869.52	39.305
869.95	39.498
870.39	39.690
870.83	39.898
871.26	40.137
871.70	40.386
872.13	40.603
872.57	40.826
873.00	41.020
873.44	41.215
873.87	41.402
874.31	41.587
874.75	41.776
875.18	41.967
875.62	42.172
876.05	42.379
876.49	42.594
876.92	42.824
877.36	43.045
877.79	43.245
878.23	43.435
878.66	43.638
879.10	43.857
879.53	44.089
879.97	44.296
880.40	44.489
880.84	44.687
881.27	44.884
881.71	45.038
882.14	45.209
882.58	45.389
883.01	45.570
883.45	45.765
883.88	45.950
884.32	46.122
884.75	46.289
885.19	46.476
885.62	46.651
886.06	46.816
886.49	46.985
886.92	47.161
887.36	47.342
887.79	47.507
888.23	47.666
888.66	47.810
889.10	47.949
889.53	48.078
889.97	48.193
890.40	48.301
890.83	48.436
891.27	48.548
891.70	48.689
892.14	48.835
892.57	48.977
893.01	49.152
893.44	49.322
893.87	49.478
894.31	49.636
894.74	49.786
895.18	49.907
895.61	49.972
896.04	50.018
896.48	50.076
896.91	50.128
897.35	50.165
897.78	50.211
898.21	50.277
898.65	50.361
899.08	50.439
899.52	50.532
899.95	50.606
900.38	50.712
900.82	50.823
901.25	50.921
901.68	51.011
902.12	51.068
902.55	51.136
902.99	51.231
903.42	51.294
903.85	51.352
904.29	51.405
904.72	51.468
905.15	51.549
905.59	51.608
906.02	51.676
906.45	51.760
906.89	51.830
907.32	51.914
907.75	51.981
908.19	52.009
908.62	52.031
909.05	52.050
909.49	52.033
909.92	51.978
910.35	51.917
910.78	51.833
911.22	51.748
911.65	51.650
912.08	51.537
912.52	51.458
912.95	51.398
913.38	51.319
913.82	51.243
914.25	51.173
914.68	51.094
915.11	51.032
915.55	50.942
915.98	50.871
916.41	50.771
916.84	50.666
917.28	50.564
917.71	50.492
918.14	50.426
918.58	50.352
919.01	50.242
919.44	50.137
919.87	50.074
920.31	50.019
920.74	49.970
921.17	49.882
921.60	49.774
922.03	49.636
922.47	49.504
922.90	49.369
923.33	49.232
923.76	49.119
924.20	48.997
924.63	48.885
925.06	48.745
925.49	48.581
925.92	48.425
926.36	48.306
926.79	48.148
927.22	48.006
927.65	47.861
928.08	47.743
928.52	47.622
928.95	47.459
929.38	47.278
929.81	47.111
930.24	46.975
930.68	46.807
931.11	46.649
931.54	46.486
931.97	46.357
932.40	46.221
932.83	46.081
933.27	45.918
933.70	45.742
934.13	45.584
934.56	45.428
934.99	45.263
935.42	45.099
935.85	44.916
936.29	44.709
936.72	44.529
937.15	44.363
937.58	44.183
938.01	44.036
938.44	43.870
938.87	43.693
939.31	43.507
939.74	43.349
940.17	43.163
940.60	43.012
941.03	42.816
941.46	42.623
941.89	42.448
942.32	42.263
942.75	42.086
943.18	41.924
943.62	41.757
944.05	41.547
944.48	41.316
944.91	41.104
945.34	40.909
945.77	40.727
946.20	40.542
946.63	40.354
947.06	40.127
947.49	39.927
947.92	39.748
948.35	39.530
948.78	39.299
949.22	39.084
949.65	38.857
950.08	38.642
950.51	38.414
950.94	38.189
951.37	37.963
951.80	37.792
952.23	37.583
952.66	37.411
953.09	37.280
953.52	37.158
953.95	37.044
954.38	36.917
954.81	36.779
955.24	36.621
955.67	36.462
956.10	36.325
956.53	36.215
956.96	36.077
957.39	35.976
957.82	35.858
958.25	35.744
958.68	35.609
959.11	35.477
959.54	35.361
959.97	35.248
960.40	35.192
960.83	35.097
961.26	34.996
961.69	34.852
962.12	34.705
962.55	34.556
962.98	34.407
963.41	34.292
963.84	34.180
964.27	34.057
964.70	33.963
965.13	33.867
965.56	33.757
965.99	33.637
966.42	33.519
966.84	33.451
967.27	33.379
967.70	33.337
968.13	33.287
968.56	33.232
968.99	33.149
969.42	33.039
969.85	32.929
970.28	32.811
970.71	32.734
971.14	32.675
971.57	32.600
972.00	32.530
972.42	32.465
972.85	32.385
973.28	32.334
973.71	32.252
974.14	32.194
974.57	32.141
975.00	32.073
975.43	32.028
975.86	31.980
976.28	31.956
976.71	31.877
977.14	31.878
977.57	31.845
978.00	31.832
978.43	31.819
978.86	31.778
979.29	31.794
979.71	31.820
980.14	31.816
980.57	31.806
981.00	31.791
981.43	31.800
981.86	31.778
982.28	31.778
982.71	31.769
983.14	31.738
983.57	31.690
984.00	31.708
984.43	31.752
984.85	31.767
985.28	31.827
985.71	31.910
986.14	31.868
986.57	31.962
986.99	31.993
987.42	31.980
987.85	32.027
988.28	32.065
988.71	32.027
989.13	32.096
989.56	32.225
989.99	32.322
990.42	32.402
990.85	32.568
991.27	32.635
991.70	32.765
992.13	32.814
992.56	32.875
992.98	32.955
993.41	33.019
993.84	33.100
994.27	33.136
994.70	33.210
995.12	33.345
995.55	33.318
995.98	33.422
996.41	33.625
996.83	33.770
997.26	33.915
997.69	34.091
998.11	34.120
998.54	34.176
998.97	34.256
999.40	34.308
999.82	34.333
1000.25	34.498
1000.68	34.578
1001.11	34.739
1001.53	34.927
1001.96	35.031
1002.39	35.149
1002.81	35.194
1003.24	35.274
1003.67	35.342
1004.09	35.477
1004.52	35.653
1004.95	35.724
1005.38	35.761
1005.80	35.862
1006.23	35.885
1006.66	35.973
1007.08	36.103
1007.51	36.189
1007.94	36.407
1008.36	36.474
1008.79	36.537
1009.22	36.540
1009.64	36.607
1010.07	36.697
1010.50	36.789
1010.92	36.899
1011.35	36.985
1011.77	37.103
1012.20	37.163
1012.63	37.330
1013.05	37.267
1013.48	37.243
1013.91	37.297
1014.33	37.326
1014.76	37.343
1015.19	37.427
1015.61	37.451
1016.04	37.622
1016.46	37.670
1016.89	37.569
1017.32	37.676
1017.74	37.801
1018.17	37.920
1018.59	38.082
1019.02	38.168
1019.45	38.222
1019.87	38.257
1020.30	38.262
1020.72	38.395
1021.15	38.510
1021.58	38.526
1022.00	38.671
1022.43	38.782
1022.85	38.946
1023.28	39.011
1023.70	39.101
1024.13	39.097
1024.55	39.067
1024.98	39.001
1025.41	39.069
1025.83	39.157
1026.26	39.195
1026.68	39.129
1027.11	39.169
1027.53	39.030
1027.96	39.062
1028.38	39.075
1028.81	39.125
1029.23	39.228
1029.66	39.164
1030.08	39.191
1030.51	39.249
1030.94	39.364
1031.36	39.345
1031.79	39.307
1032.21	39.342
1032.64	39.260
1033.06	39.200
1033.49	39.271
1033.91	39.164
1034.34	39.112
1034.76	39.085
1035.19	39.092
1035.61	39.094
1036.03	39.057
1036.46	39.071
1036.88	39.040
1037.31	38.994
1037.73	38.862
1038.16	38.740
1038.58	38.707
1039.01	38.617
1039.43	38.559
1039.86	38.508
1040.28	38.608
1040.71	38.497
1041.13	38.481
1041.55	38.342
1041.98	38.424
1042.40	38.227
1042.83	38.375
1043.25	38.340
1043.68	38.334
1044.10	38.300
1044.52	38.313
1044.95	38.283
1045.37	38.276
1045.80	38.083
1046.22	38.186
1046.65	38.285
1047.07	38.237
1047.49	38.242
1047.92	37.954
1048.34	37.797
1048.77	37.679
1049.19	37.342
1049.61	37.104
1050.04	36.869
1050.46	36.904
1050.89	36.824
1051.31	37.018
1051.73	36.860
1052.16	36.765
1052.58	36.382
1053.00	36.240
1053.43	36.071
1053.85	35.891
1054.27	35.843
1054.70	35.720
1055.12	35.512
1055.55	35.261
1055.97	35.073
1056.39	34.948
1056.82	35.213
1057.24	35.117
1057.66	35.087
1058.09	35.193
1058.51	35.431
1058.93	35.197
1059.36	35.111
1059.78	34.772
1060.20	34.485
1060.62	34.070
1061.05	34.033
1061.47	33.890
1061.89	33.427
1062.32	33.183
1062.74	32.692
1063.16	32.450
1063.59	32.317
1064.01	31.876
1064.43	31.651
1064.85	31.402
1065.28	30.931
1065.70	30.312
1066.12	29.700
1066.55	29.142
1066.97	28.482
1067.39	27.686
1067.81	27.163
1068.24	26.162
1068.66	26.038
1069.08	25.550
1069.50	24.817
1069.93	23.997
1070.35	23.576
1070.77	23.306
1071.19	22.483
1071.62	22.098
1072.04	21.647
1072.46	21.122
1072.88	20.314
1073.31	19.594
1073.73	19.133
1074.15	18.202
1074.57	17.480
1075.00	16.821
1075.42	16.148
1075.84	15.661
1076.26	14.837
1076.68	14.476
1077.11	14.226
1077.53	13.521
1077.95	12.636
1078.37	11.691
1078.79	11.206
1079.22	10.280
1079.64	8.928
1080.06	8.330
1080.48	6.857
1080.90	5.574
1081.32	4.181
1081.75	2.294
1082.17	1.107
1082.59	-0.551
1083.01	-0.577
1083.43	-2.399
1083.85	-3.260
1084.28	-5.407
1084.70	-7.255
1085.12	-8.402
1085.54	-10.284
1085.96	-11.750
1086.38	-13.606
1086.80	-14.327
1087.23	-15.118
1087.65	-17.316
1088.07	-18.899
1088.49	-20.136
1088.91	-22.052
1089.33	-22.840
1089.75	-25.366
1090.17	-26.816
1090.60	-27.206
1091.02	-28.757
1091.44	-30.895
1091.86	-34.118
1092.28	-35.074
1092.70	-38.074
1093.12	-41.232
1093.54	-43.795
1093.96	-46.957
1094.38	-49.262
1094.81	-53.028
1095.23	-54.532
1095.65	-57.743
1096.07	-58.428
1096.49	-61.179
1096.91	-64.390
1097.33	-67.598
1097.75	-71.680
1098.17	-73.385
1098.59	-74.848
1099.01	-76.400
1099.43	-78.784
1099.85	-83.256
1100.27	-85.876
1100.69	-87.408
1101.11	-89.704
1101.53	-91.314
1101.95	-91.739
1102.38	-34.863
1102.80	-133.675
1103.22	-66.715
1103.64	-88.225
1104.06	-151.159
1104.48	-102.158
1104.90	-133.374
1105.32	-133.448
1105.74	-81.502
1106.16	-160.320
