188.40	-191.653
188.88	-321.932
189.35	218.942
189.83	1423.478
190.30	-1064.706
190.78	-383.173
191.26	-293.720
191.73	800.000
192.21	-2705.797
192.68	-265.076
193.16	-1069.237
193.63	-1260.111
194.11	-1348.825
194.58	-1258.125
195.06	-1023.761
195.53	-672.627
196.01	-537.236
196.48	-473.681
196.96	-400.968
197.43	-335.505
197.91	-299.420
198.38	-260.687
198.86	-217.817
199.33	-186.173
199.81	-174.806
200.28	-167.760
200.76	-151.639
201.23	-138.966
201.71	-124.366
202.18	-115.830
202.66	-107.258
203.13	-102.743
203.61	-98.132
204.08	-88.794
204.55	-82.099
205.03	-77.453
205.50	-78.127
205.98	-78.365
206.45	-78.010
206.93	-75.899
207.40	-73.591
207.88	-71.756
208.35	-73.928
208.82	-76.871
209.30	-76.289
209.77	-72.692
210.25	-72.571
210.72	-74.106
211.20	-73.151
211.67	-72.399
212.14	-73.248
212.62	-71.385
213.09	-67.180
213.57	-62.455
214.04	-63.141
214.52	-63.872
214.99	-62.255
215.46	-62.044
215.94	-62.082
216.41	-61.663
216.89	-59.849
217.36	-57.962
217.83	-60.318
218.31	-61.029
218.78	-57.921
219.25	-56.262
219.73	-58.351
220.20	-61.458
220.68	-58.735
221.15	-58.028
221.62	-58.755
222.10	-59.280
222.57	-58.954
223.04	-59.312
223.52	-61.944
223.99	-64.393
224.47	-64.443
224.94	-63.446
225.41	-62.673
225.89	-66.207
226.36	-66.899
226.83	-69.371
227.31	-70.180
227.78	-69.721
228.25	-67.963
228.73	-67.301
229.20	-66.968
229.67	-69.603
230.15	-67.043
230.62	-66.170
231.09	-68.408
231.57	-70.235
232.04	-70.877
232.51	-68.912
232.98	-69.297
233.46	-69.627
233.93	-67.995
234.40	-65.623
234.88	-66.007
235.35	-68.685
235.82	-65.722
236.30	-61.952
236.77	-61.526
237.24	-66.035
237.71	-65.856
238.19	-64.954
238.66	-64.572
239.13	-67.970
239.61	-70.001
240.08	-66.606
240.55	-64.877
241.02	-63.432
241.50	-60.965
241.97	-58.716
242.44	-57.276
242.91	-58.116
243.39	-58.792
243.86	-57.329
244.33	-58.297
244.80	-60.526
245.28	-63.405
245.75	-62.050
246.22	-61.734
246.69	-61.780
247.17	-60.599
247.64	-59.948
248.11	-59.298
248.58	-59.227
249.05	-61.215
249.53	-57.467
250.00	-57.599
250.47	-61.774
250.94	-64.379
251.42	-64.094
251.89	-62.140
252.36	-62.648
252.83	-63.262
253.30	-60.709
253.78	-58.047
254.25	-58.407
254.72	-59.227
255.19	-56.118
255.66	-54.849
256.13	-57.624
256.61	-59.493
257.08	-57.547
257.55	-54.422
258.02	-54.515
258.49	-58.031
258.97	-55.532
259.44	-55.696
259.91	-56.329
260.38	-57.439
260.85	-54.904
261.32	-53.983
261.79	-54.955
262.27	-56.932
262.74	-55.261
263.21	-53.608
263.68	-57.131
264.15	-61.502
264.62	-61.837
265.09	-61.614
265.57	-62.970
266.04	-64.505
266.51	-63.703
266.98	-64.706
267.45	-64.985
267.92	-67.924
268.39	-65.612
268.86	-64.690
269.34	-61.539
269.81	-63.671
270.28	-63.029
270.75	-58.973
271.22	-58.696
271.69	-59.993
272.16	-60.385
272.63	-58.458
273.10	-59.036
273.57	-58.175
274.05	-55.363
274.52	-51.656
274.99	-48.975
275.46	-49.814
275.93	-49.125
276.40	-48.452
276.87	-44.512
277.34	-46.762
277.81	-46.384
278.28	-46.623
278.75	-44.712
279.22	-47.362
279.69	-47.168
280.16	-44.164
280.63	-44.891
281.11	-46.647
281.58	-47.474
282.05	-46.171
282.52	-44.662
282.99	-46.341
283.46	-49.138
283.93	-48.200
284.40	-48.652
284.87	-50.000
285.34	-50.320
285.81	-50.919
286.28	-46.887
286.75	-47.463
287.22	-48.243
287.69	-47.412
288.16	-44.899
288.63	-45.928
289.10	-45.767
289.57	-45.111
290.04	-42.531
290.51	-43.241
290.98	-44.008
291.45	-42.915
291.92	-42.404
292.39	-42.961
292.86	-44.655
293.33	-42.519
293.80	-40.312
294.27	-40.262
294.74	-41.635
295.21	-40.227
295.68	-38.715
296.15	-40.429
296.62	-44.263
297.09	-43.742
297.56	-41.038
298.03	-41.178
298.49	-40.896
298.96	-41.139
299.43	-38.915
299.90	-40.314
300.37	-41.632
300.84	-41.482
301.31	-39.847
301.78	-39.408
302.25	-40.418
302.72	-38.200
303.19	-36.472
303.66	-34.837
304.13	-36.498
304.60	-36.809
305.07	-35.809
305.53	-32.356
306.00	-32.806
306.47	-31.847
306.94	-29.672
307.41	-29.432
307.88	-31.148
308.35	-32.570
308.82	-30.289
309.29	-30.624
309.76	-31.141
310.22	-31.788
310.69	-30.630
311.16	-29.168
311.63	-29.130
312.10	-30.509
312.57	-30.295
313.04	-30.049
313.51	-31.427
313.97	-31.160
314.44	-29.298
314.91	-28.582
315.38	-31.532
315.85	-31.222
316.32	-29.027
316.79	-28.088
317.25	-28.423
317.72	-28.623
318.19	-27.432
318.66	-24.988
319.13	-24.370
319.60	-25.866
320.07	-24.070
320.53	-22.142
321.00	-21.795
321.47	-22.066
321.94	-20.714
322.41	-18.824
322.87	-19.412
323.34	-20.928
323.81	-19.634
324.28	-19.201
324.75	-19.193
325.22	-19.130
325.68	-19.920
326.15	-19.599
326.62	-20.266
327.09	-21.058
327.56	-19.910
328.02	-18.225
328.49	-19.769
328.96	-20.530
329.43	-20.115
329.89	-19.528
330.36	-20.737
330.83	-22.854
331.30	-22.962
331.77	-22.813
332.23	-22.069
332.70	-21.955
333.17	-21.538
333.64	-20.955
334.10	-19.428
334.57	-19.625
335.04	-19.177
335.51	-18.587
335.97	-17.995
336.44	-17.635
336.91	-18.354
337.38	-17.615
337.84	-17.916
338.31	-17.673
338.78	-17.273
339.24	-16.195
339.71	-14.648
340.18	-14.321
340.65	-13.321
341.11	-11.954
341.58	-10.957
342.05	-11.209
342.52	-11.152
342.98	-10.354
343.45	-9.016
343.92	-9.932
344.38	-10.237
344.85	-9.651
345.32	-8.210
345.78	-8.073
346.25	-8.227
346.72	-7.558
347.18	-6.536
347.65	-6.841
348.12	-6.961
348.58	-6.529
349.05	-6.007
349.52	-6.042
349.99	-5.955
350.45	-5.680
350.92	-5.190
351.38	-5.078
351.85	-5.185
352.32	-4.480
352.78	-4.098
353.25	-3.898
353.72	-3.747
354.18	-3.568
354.65	-2.748
355.12	-2.993
355.58	-2.987
356.05	-2.476
356.52	-1.979
356.98	-1.816
357.45	-1.572
357.91	-1.307
358.38	-0.893
358.85	-0.608
359.31	-0.689
359.78	-0.297
360.25	-0.089
360.71	0.235
361.18	0.221
361.64	0.248
362.11	0.450
362.58	0.520
363.04	0.154
363.51	0.504
363.97	0.886
364.44	0.943
364.91	0.968
365.37	0.968
365.84	1.260
366.30	1.396
366.77	1.195
367.23	1.436
367.70	1.510
368.17	1.654
368.63	1.620
369.10	1.698
369.56	1.822
370.03	1.971
370.49	1.805
370.96	1.826
371.42	2.051
371.89	2.218
372.36	2.306
372.82	2.434
373.29	2.572
373.75	2.795
374.22	2.800
374.68	2.922
375.15	3.070
375.61	3.092
376.08	3.043
376.54	3.055
377.01	3.155
377.47	3.267
377.94	3.234
378.40	3.221
378.87	3.226
379.33	3.349
379.80	3.312
380.26	3.312
380.73	3.503
381.19	3.499
381.66	3.436
382.12	3.446
382.59	3.487
383.05	3.577
383.52	3.443
383.98	3.422
384.45	3.463
384.91	3.511
385.38	3.481
385.84	3.525
386.31	3.531
386.77	3.536
387.24	3.527
387.70	3.556
388.16	3.679
388.63	3.804
389.09	3.876
389.56	3.897
390.02	3.951
390.49	3.988
390.95	4.026
391.42	4.077
391.88	4.173
392.34	4.233
392.81	4.291
393.27	4.408
393.74	4.496
394.20	4.590
394.67	4.664
395.13	4.711
395.59	4.808
396.06	4.894
396.52	4.995
396.99	5.076
397.45	5.062
397.91	5.090
398.38	4.978
398.84	4.937
399.31	4.981
399.77	4.980
400.23	4.990
400.70	4.980
401.16	4.952
401.63	4.927
402.09	4.902
402.55	4.829
403.02	4.781
403.48	4.718
403.94	4.712
404.41	4.638
404.87	4.583
405.33	4.569
405.80	4.615
406.26	4.573
406.73	4.559
407.19	4.602
407.65	4.669
408.12	4.777
408.58	4.837
409.04	4.957
409.51	5.097
409.97	5.194
410.43	5.339
410.90	5.517
411.36	5.726
411.82	5.883
412.29	6.076
412.75	6.288
413.21	6.507
413.67	6.716
414.14	6.940
414.60	7.159
415.06	7.389
415.53	7.541
415.99	7.726
416.45	7.928
416.92	8.113
417.38	8.235
417.84	8.368
418.30	8.455
418.77	8.534
419.23	8.551
419.69	8.546
420.16	8.549
420.62	8.484
421.08	8.397
421.54	8.324
422.01	8.207
422.47	8.107
422.93	7.984
423.39	7.794
423.86	7.671
424.32	7.553
424.78	7.389
425.24	7.239
425.71	7.109
426.17	7.000
426.63	6.865
427.09	6.755
427.56	6.663
428.02	6.580
428.48	6.500
428.94	6.432
429.41	6.365
429.87	6.338
430.33	6.457
430.79	6.608
431.25	6.804
431.72	7.036
432.18	7.275
432.64	7.543
433.10	7.884
433.56	8.206
434.03	8.540
434.49	8.913
434.95	9.307
435.41	9.692
435.87	10.085
436.34	10.499
436.80	10.918
437.26	11.330
437.72	11.746
438.18	12.163
438.64	12.585
439.11	12.996
439.57	13.398
440.03	13.681
440.49	13.914
440.95	14.133
441.41	14.311
441.88	14.446
442.34	14.584
442.80	14.660
443.26	14.705
443.72	14.703
444.18	14.662
444.64	14.593
445.11	14.494
445.57	14.357
446.03	14.202
446.49	14.010
446.95	13.816
447.41	13.585
447.87	13.332
448.33	13.100
448.79	12.854
449.26	12.594
449.72	12.359
450.18	12.147
450.64	11.954
451.10	11.750
451.56	11.574
452.02	11.419
452.48	11.287
452.94	11.180
453.40	11.128
453.87	11.109
454.33	11.131
454.79	11.173
455.25	11.245
455.71	11.370
456.17	11.545
456.63	11.765
457.09	12.023
457.55	12.320
458.01	12.646
458.47	13.011
458.93	13.403
459.39	13.826
459.85	14.268
460.31	14.716
460.77	15.191
461.24	15.691
461.70	16.207
462.16	16.718
462.62	17.246
463.08	17.760
463.54	18.262
464.00	18.764
464.46	19.246
464.92	19.711
465.38	20.147
465.84	20.554
466.30	20.936
466.76	21.290
467.22	21.614
467.68	21.906
468.14	22.154
468.60	22.365
469.06	22.537
469.52	22.659
469.98	22.746
470.44	22.799
470.90	22.806
471.36	22.769
471.82	22.702
472.28	22.597
472.74	22.459
473.20	22.292
473.66	22.089
474.12	21.861
474.58	21.602
475.04	21.335
475.50	21.046
475.95	20.735
476.41	20.424
476.87	20.092
477.33	19.752
477.79	19.420
478.25	19.098
478.71	18.780
479.17	18.466
479.63	18.168
480.09	17.893
480.55	17.630
481.01	17.398
481.47	17.184
481.93	17.003
482.39	16.866
482.84	16.759
483.30	16.696
483.76	16.680
484.22	16.692
484.68	16.734
485.14	16.821
485.60	16.949
486.06	17.122
486.52	17.335
486.98	17.588
487.44	17.884
487.89	18.202
488.35	18.559
488.81	18.950
489.27	19.369
489.73	19.815
490.19	20.285
490.65	20.781
491.11	21.299
491.56	21.822
492.02	22.353
492.48	22.892
492.94	23.436
493.40	23.977
493.86	24.517
494.32	25.047
494.77	25.573
495.23	26.089
495.69	26.586
496.15	27.064
496.61	27.525
497.07	27.962
497.52	28.379
497.98	28.769
498.44	29.132
498.90	29.470
499.36	29.778
499.82	30.044
500.27	30.272
500.73	30.476
501.19	30.646
501.65	30.774
502.11	30.872
502.56	30.938
503.02	30.965
503.48	30.965
503.94	30.940
504.40	30.879
504.85	30.777
505.31	30.653
505.77	30.500
506.23	30.318
506.69	30.111
507.14	29.874
507.60	29.618
508.06	29.339
508.52	29.038
508.97	28.713
509.43	28.389
509.89	28.045
510.35	27.692
510.80	27.329
511.26	26.975
511.72	26.618
512.18	26.252
512.63	25.892
513.09	25.538
513.55	25.189
514.01	24.853
514.46	24.533
514.92	24.226
515.38	23.944
515.84	23.681
516.29	23.441
516.75	23.227
517.21	23.040
517.66	22.881
518.12	22.745
518.58	22.648
519.04	22.585
519.49	22.557
519.95	22.563
520.41	22.599
520.86	22.669
521.32	22.772
521.78	22.912
522.23	23.082
522.69	23.294
523.15	23.543
523.61	23.818
524.06	24.126
524.52	24.464
524.98	24.826
525.43	25.206
525.89	25.606
526.35	26.029
526.80	26.469
527.26	26.926
527.72	27.408
528.17	27.894
528.63	28.387
529.09	28.884
529.54	29.385
530.00	29.898
530.45	30.406
530.91	30.912
531.37	31.406
531.82	31.900
532.28	32.383
532.74	32.847
533.19	33.297
533.65	33.722
534.10	34.128
534.56	34.507
535.02	34.868
535.47	35.212
535.93	35.538
536.39	35.842
536.84	36.121
537.30	36.374
537.75	36.601
538.21	36.794
538.67	36.961
539.12	37.107
539.58	37.217
540.03	37.302
540.49	37.365
540.94	37.407
541.40	37.416
541.86	37.393
542.31	37.346
542.77	37.283
543.22	37.204
543.68	37.098
544.13	36.975
544.59	36.837
545.05	36.669
545.50	36.478
545.96	36.259
546.41	36.025
546.87	35.774
547.32	35.506
547.78	35.232
548.23	34.944
548.69	34.634
549.14	34.323
549.60	33.996
550.06	33.657
550.51	33.315
550.97	32.970
551.42	32.613
551.88	32.255
552.33	31.886
552.79	31.523
553.24	31.163
553.70	30.811
554.15	30.467
554.61	30.141
555.06	29.823
555.52	29.515
555.97	29.222
556.43	28.943
556.88	28.679
557.34	28.438
557.79	28.223
558.25	28.032
558.70	27.862
559.15	27.717
559.61	27.602
560.06	27.511
560.52	27.444
560.97	27.415
561.43	27.420
561.88	27.456
562.34	27.521
562.79	27.606
563.25	27.725
563.70	27.865
564.16	28.032
564.61	28.232
565.06	28.463
565.52	28.715
565.97	28.996
566.43	29.304
566.88	29.627
567.34	29.975
567.79	30.343
568.24	30.732
568.70	31.135
569.15	31.547
569.61	31.975
570.06	32.414
570.51	32.868
570.97	33.328
571.42	33.794
571.88	34.276
572.33	34.762
572.78	35.244
573.24	35.729
573.69	36.205
574.15	36.684
574.60	37.156
575.05	37.633
575.51	38.105
575.96	38.572
576.42	39.039
576.87	39.488
577.32	39.926
577.78	40.341
578.23	40.762
578.68	41.166
579.14	41.556
579.59	41.926
580.04	42.272
580.50	42.600
580.95	42.907
581.40	43.184
581.86	43.455
582.31	43.707
582.76	43.952
583.22	44.176
583.67	44.376
584.12	44.560
584.58	44.708
585.03	44.828
585.48	44.929
585.94	44.996
586.39	45.033
586.84	45.060
587.30	45.079
587.75	45.059
588.20	45.030
588.66	44.976
589.11	44.907
589.56	44.819
590.01	44.711
590.47	44.578
590.92	44.436
591.37	44.271
591.83	44.082
592.28	43.864
592.73	43.637
593.18	43.391
593.64	43.127
594.09	42.851
594.54	42.571
594.99	42.281
595.45	41.981
595.90	41.674
596.35	41.351
596.80	41.010
597.26	40.664
597.71	40.302
598.16	39.936
598.61	39.570
599.07	39.193
599.52	38.811
599.97	38.434
600.42	38.051
600.88	37.666
601.33	37.286
601.78	36.912
602.23	36.536
602.69	36.163
603.14	35.796
603.59	35.437
604.04	35.078
604.49	34.722
604.95	34.370
605.40	34.046
605.85	33.736
606.30	33.437
606.75	33.159
607.21	32.902
607.66	32.658
608.11	32.425
608.56	32.215
609.01	32.030
609.46	31.865
609.92	31.719
610.37	31.597
610.82	31.494
611.27	31.417
611.72	31.367
612.17	31.341
612.63	31.338
613.08	31.357
613.53	31.399
613.98	31.473
614.43	31.573
614.88	31.686
615.34	31.813
615.79	31.961
616.24	32.127
616.69	32.313
617.14	32.521
617.59	32.743
618.04	32.990
618.49	33.248
618.95	33.519
619.40	33.805
619.85	34.114
620.30	34.440
620.75	34.772
621.20	35.108
621.65	35.456
622.10	35.813
622.55	36.181
623.00	36.557
623.46	36.937
623.91	37.317
624.36	37.704
624.81	38.099
625.26	38.498
625.71	38.893
626.16	39.299
626.61	39.698
627.06	40.104
627.51	40.508
627.96	40.907
628.41	41.301
628.86	41.688
629.32	42.068
629.77	42.438
630.22	42.802
630.67	43.164
631.12	43.514
631.57	43.864
632.02	44.206
632.47	44.529
632.92	44.838
633.37	45.160
633.82	45.458
634.27	45.741
634.72	46.013
635.17	46.276
635.62	46.513
636.07	46.739
636.52	46.938
636.97	47.131
637.42	47.306
637.87	47.465
638.32	47.606
638.77	47.740
639.22	47.863
639.67	47.969
640.12	48.060
640.57	48.147
641.02	48.208
641.47	48.244
641.92	48.280
642.37	48.300
642.82	48.278
643.27	48.245
643.72	48.204
644.17	48.147
644.62	48.075
645.07	47.990
645.52	47.903
645.97	47.806
646.42	47.682
646.87	47.551
647.32	47.431
647.77	47.310
648.22	47.157
648.66	46.984
649.11	46.795
649.56	46.586
650.01	46.363
650.46	46.137
650.91	45.913
651.36	45.665
651.81	45.402
652.26	45.149
652.71	44.878
653.16	44.597
653.61	44.308
654.06	44.012
654.50	43.707
654.95	43.387
655.40	43.068
655.85	42.747
656.30	42.421
656.75	42.070
657.20	41.717
657.65	41.368
658.10	41.010
658.55	40.666
658.99	40.338
659.44	40.004
659.89	39.668
660.34	39.320
660.79	38.982
661.24	38.653
661.69	38.323
662.13	38.008
662.58	37.692
663.03	37.382
663.48	37.074
663.93	36.781
664.38	36.495
664.83	36.217
665.27	35.934
665.72	35.658
666.17	35.396
666.62	35.138
667.07	34.892
667.52	34.670
667.96	34.444
668.41	34.217
668.86	34.012
669.31	33.822
669.76	33.655
670.21	33.493
670.65	33.349
671.10	33.214
671.55	33.095
672.00	32.993
672.45	32.903
672.89	32.832
673.34	32.768
673.79	32.717
674.24	32.674
674.68	32.656
675.13	32.655
675.58	32.677
676.03	32.713
676.48	32.748
676.92	32.794
677.37	32.867
677.82	32.954
678.27	33.043
678.71	33.140
679.16	33.253
679.61	33.387
680.06	33.530
680.50	33.681
680.95	33.860
681.40	34.041
681.85	34.223
682.29	34.421
682.74	34.635
683.19	34.855
683.64	35.086
684.08	35.334
684.53	35.594
684.98	35.857
685.43	36.134
685.87	36.425
686.32	36.716
686.77	36.996
687.21	37.272
687.66	37.572
688.11	37.884
688.55	38.186
689.00	38.486
689.45	38.805
689.90	39.137
690.34	39.454
690.79	39.771
691.24	40.099
691.68	40.421
692.13	40.728
692.58	41.028
693.02	41.350
693.47	41.658
693.92	41.950
694.36	42.227
694.81	42.514
695.26	42.806
695.70	43.083
696.15	43.362
696.60	43.656
697.04	43.932
697.49	44.187
697.94	44.428
698.38	44.681
698.83	44.922
699.27	45.152
699.72	45.359
700.17	45.579
700.61	45.795
701.06	46.005
701.51	46.215
701.95	46.429
702.40	46.625
702.84	46.806
703.29	46.987
703.74	47.159
704.18	47.318
704.63	47.463
705.07	47.606
705.52	47.748
705.97	47.871
706.41	47.972
706.86	48.064
707.30	48.173
707.75	48.272
708.20	48.356
708.64	48.413
709.09	48.461
709.53	48.496
709.98	48.530
710.42	48.537
710.87	48.516
711.32	48.491
711.76	48.455
712.21	48.423
712.65	48.378
713.10	48.341
713.54	48.284
713.99	48.222
714.43	48.162
714.88	48.067
715.33	47.958
715.77	47.861
716.22	47.769
716.66	47.654
717.11	47.516
717.55	47.384
718.00	47.254
718.44	47.117
718.89	46.965
719.33	46.808
719.78	46.656
720.22	46.514
720.67	46.357
721.11	46.192
721.56	46.017
722.00	45.830
722.45	45.630
722.89	45.424
723.34	45.211
723.78	45.005
724.23	44.805
724.67	44.598
725.12	44.370
725.56	44.135
726.01	43.901
726.45	43.660
726.90	43.401
727.34	43.140
727.78	42.895
728.23	42.644
728.67	42.367
729.12	42.093
729.56	41.828
730.01	41.550
730.45	41.257
730.90	40.959
731.34	40.687
731.79	40.413
732.23	40.125
732.67	39.832
733.12	39.532
733.56	39.255
734.01	38.986
734.45	38.706
734.89	38.440
735.34	38.191
735.78	37.949
736.23	37.692
736.67	37.434
737.12	37.178
737.56	36.928
738.00	36.691
738.45	36.461
738.89	36.233
739.34	36.028
739.78	35.851
740.22	35.673
740.67	35.473
741.11	35.271
741.55	35.094
742.00	34.925
742.44	34.751
742.89	34.570
743.33	34.409
743.77	34.276
744.22	34.146
744.66	34.003
745.10	33.860
745.55	33.732
745.99	33.631
746.43	33.539
746.88	33.448
747.32	33.357
747.76	33.281
748.21	33.231
748.65	33.172
749.09	33.102
749.54	33.037
749.98	33.005
750.42	32.993
750.87	32.975
751.31	32.956
751.75	32.966
752.20	32.997
752.64	33.032
753.08	33.060
753.53	33.079
753.97	33.123
754.41	33.186
754.85	33.266
755.30	33.338
755.74	33.421
756.18	33.533
756.63	33.674
757.07	33.808
757.51	33.921
757.95	34.050
758.40	34.207
758.84	34.370
759.28	34.528
759.72	34.683
760.17	34.853
760.61	35.044
761.05	35.235
761.50	35.414
761.94	35.590
762.38	35.773
762.82	35.984
763.26	36.198
763.71	36.412
764.15	36.618
764.59	36.821
765.03	37.021
765.48	37.217
765.92	37.400
766.36	37.589
766.80	37.796
767.25	38.011
767.69	38.215
768.13	38.443
768.57	38.691
769.01	38.941
769.46	39.185
769.90	39.423
770.34	39.647
770.78	39.884
771.22	40.139
771.67	40.419
772.11	40.688
772.55	40.946
772.99	41.181
773.43	41.416
773.87	41.679
774.32	41.949
774.76	42.207
775.20	42.449
775.64	42.690
776.08	42.952
776.52	43.204
776.97	43.451
777.41	43.679
777.85	43.892
778.29	44.107
778.73	44.336
779.17	44.578
779.62	44.801
780.06	45.024
780.50	45.237
780.94	45.428
781.38	45.619
781.82	45.804
782.26	46.001
782.70	46.205
783.15	46.403
783.59	46.584
784.03	46.753
784.47	46.925
784.91	47.087
785.35	47.228
785.79	47.378
786.23	47.525
786.67	47.663
787.11	47.805
787.56	47.928
788.00	48.045
788.44	48.159
788.88	48.283
789.32	48.385
789.76	48.486
790.20	48.592
790.64	48.693
791.08	48.800
791.52	48.896
791.96	48.967
792.40	49.030
792.84	49.106
793.28	49.192
793.73	49.284
794.17	49.357
794.61	49.414
795.05	49.467
795.49	49.503
795.93	49.527
796.37	49.528
796.81	49.545
797.25	49.574
797.69	49.569
798.13	49.551
798.57	49.532
799.01	49.505
799.45	49.455
799.89	49.383
800.33	49.311
800.77	49.262
801.21	49.224
801.65	49.155
802.09	49.069
802.53	48.978
802.97	48.871
803.41	48.791
803.85	48.716
804.29	48.628
804.73	48.565
805.17	48.470
805.61	48.364
806.05	48.250
806.49	48.098
806.93	47.980
807.37	47.869
807.81	47.776
808.25	47.672
808.69	47.537
809.13	47.411
809.57	47.273
810.01	47.120
810.44	46.947
810.88	46.774
811.32	46.615
811.76	46.459
812.20	46.295
812.64	46.112
813.08	45.931
813.52	45.729
813.96	45.506
814.40	45.321
814.84	45.147
815.28	44.968
815.72	44.799
816.16	44.603
816.59	44.416
817.03	44.212
817.47	44.012
817.91	43.842
818.35	43.669
818.79	43.501
819.23	43.318
819.67	43.136
820.11	42.957
820.54	42.750
820.98	42.526
821.42	42.311
821.86	42.100
822.30	41.886
822.74	41.686
823.18	41.473
823.62	41.255
824.05	41.046
824.49	40.850
824.93	40.640
825.37	40.441
825.81	40.244
826.25	40.032
826.69	39.782
827.12	39.526
827.56	39.280
828.00	39.043
828.44	38.821
828.88	38.605
829.32	38.397
829.75	38.194
830.19	38.000
830.63	37.803
831.07	37.599
831.51	37.391
831.94	37.167
832.38	36.962
832.82	36.775
833.26	36.592
833.70	36.409
834.13	36.237
834.57	36.060
835.01	35.881
835.45	35.722
835.89	35.590
836.32	35.471
836.76	35.340
837.20	35.189
837.64	35.045
838.08	34.923
838.51	34.825
838.95	34.727
839.39	34.621
839.83	34.526
840.26	34.456
840.70	34.393
841.14	34.334
841.58	34.285
842.01	34.242
842.45	34.194
842.89	34.138
843.33	34.075
843.76	34.029
844.20	33.990
844.64	33.948
845.08	33.916
845.51	33.883
845.95	33.852
846.39	33.836
846.82	33.826
847.26	33.806
847.70	33.760
848.14	33.725
848.57	33.714
849.01	33.716
849.45	33.697
849.88	33.680
850.32	33.685
850.76	33.702
851.19	33.731
851.63	33.762
852.07	33.807
852.50	33.863
852.94	33.904
853.38	33.933
853.81	33.986
854.25	34.050
854.69	34.129
855.12	34.224
855.56	34.314
856.00	34.412
856.43	34.528
856.87	34.645
857.31	34.776
857.74	34.911
858.18	35.029
858.62	35.145
859.05	35.264
859.49	35.390
859.93	35.501
860.36	35.613
860.80	35.735
861.24	35.858
861.67	35.990
862.11	36.105
862.54	36.232
862.98	36.383
863.42	36.545
863.85	36.701
864.29	36.854
864.72	37.026
865.16	37.186
865.60	37.333
866.03	37.484
866.47	37.644
866.90	37.800
867.34	37.978
867.78	38.180
868.21	38.409
868.65	38.653
869.08	38.886
869.52	39.081
869.95	39.273
870.39	39.462
870.83	39.658
871.26	39.891
871.70	40.142
872.13	40.368
872.57	40.571
873.00	40.769
873.44	40.974
873.87	41.155
874.31	41.343
874.75	41.531
875.18	41.727
875.62	41.924
876.05	42.113
876.49	42.320
876.92	42.554
877.36	42.784
877.79	42.981
878.23	43.165
878.66	43.372
879.10	43.609
879.53	43.841
879.97	44.064
880.40	44.270
880.84	44.474
881.27	44.668
881.71	44.836
882.14	45.010
882.58	45.195
883.01	45.394
883.45	45.585
883.88	45.789
884.32	45.972
884.75	46.165
885.19	46.354
885.62	46.530
886.06	46.712
886.49	46.877
886.92	47.043
887.36	47.228
887.79	47.404
888.23	47.536
888.66	47.674
889.10	47.797
889.53	47.927
889.97	48.052
890.40	48.159
890.83	48.292
891.27	48.418
891.70	48.565
892.14	48.701
892.57	48.852
893.01	49.018
893.44	49.190
893.87	49.344
894.31	49.509
894.74	49.667
895.18	49.775
895.61	49.843
896.04	49.905
896.48	49.969
896.91	50.045
897.35	50.104
897.78	50.145
898.21	50.223
898.65	50.317
899.08	50.386
899.52	50.475
899.95	50.569
900.38	50.681
900.82	50.776
901.25	50.871
901.68	50.947
902.12	51.022
902.55	51.098
902.99	51.186
903.42	51.256
903.85	51.331
904.29	51.410
904.72	51.486
905.15	51.558
905.59	51.647
906.02	51.717
906.45	51.812
906.89	51.918
907.32	52.007
907.75	52.089
908.19	52.121
908.62	52.143
909.05	52.173
909.49	52.154
909.92	52.114
910.35	52.085
910.78	52.042
911.22	51.947
911.65	51.857
912.08	51.752
912.52	51.682
912.95	51.596
913.38	51.490
913.82	51.411
914.25	51.355
914.68	51.285
915.11	51.198
915.55	51.103
915.98	51.039
916.41	50.942
916.84	50.812
917.28	50.724
917.71	50.675
918.14	50.615
918.58	50.535
919.01	50.436
919.44	50.328
919.87	50.251
920.31	50.215
920.74	50.174
921.17	50.097
921.60	50.022
922.03	49.910
922.47	49.790
922.90	49.686
923.33	49.545
923.76	49.389
924.20	49.276
924.63	49.160
925.06	49.019
925.49	48.854
925.92	48.701
926.36	48.586
926.79	48.414
927.22	48.229
927.65	48.072
928.08	47.932
928.52	47.817
928.95	47.618
929.38	47.417
929.81	47.242
930.24	47.099
930.68	46.908
931.11	46.735
931.54	46.584
931.97	46.445
932.40	46.290
932.83	46.171
933.27	46.040
933.70	45.882
934.13	45.715
934.56	45.556
934.99	45.405
935.42	45.237
935.85	45.028
936.29	44.854
936.72	44.709
937.15	44.587
937.58	44.438
938.01	44.313
938.44	44.164
938.87	43.992
939.31	43.792
939.74	43.614
940.17	43.471
940.60	43.310
941.03	43.117
941.46	42.931
941.89	42.754
942.32	42.566
942.75	42.373
943.18	42.186
943.62	42.021
944.05	41.808
944.48	41.614
944.91	41.413
945.34	41.187
945.77	40.998
946.20	40.772
946.63	40.551
947.06	40.340
947.49	40.128
947.92	39.958
948.35	39.743
948.78	39.524
949.22	39.297
949.65	39.071
950.08	38.830
950.51	38.633
950.94	38.392
951.37	38.174
951.80	37.976
952.23	37.785
952.66	37.643
953.09	37.524
953.52	37.358
953.95	37.260
954.38	37.167
954.81	37.007
955.24	36.859
955.67	36.689
956.10	36.573
956.53	36.436
956.96	36.245
957.39	36.120
957.82	36.023
958.25	35.896
958.68	35.737
959.11	35.611
959.54	35.491
959.97	35.388
960.40	35.316
960.83	35.209
961.26	35.105
961.69	34.970
962.12	34.789
962.55	34.606
962.98	34.465
963.41	34.334
963.84	34.247
964.27	34.099
964.70	34.000
965.13	33.875
965.56	33.759
965.99	33.678
966.42	33.599
966.84	33.502
967.27	33.429
967.70	33.346
968.13	33.253
968.56	33.203
968.99	33.132
969.42	32.987
969.85	32.907
970.28	32.800
970.71	32.725
971.14	32.671
971.57	32.614
972.00	32.572
972.42	32.458
972.85	32.313
973.28	32.269
973.71	32.193
974.14	32.138
974.57	32.097
975.00	32.051
975.43	32.008
975.86	31.936
976.28	31.848
976.71	31.826
977.14	31.841
977.57	31.846
978.00	31.773
978.43	31.777
978.86	31.811
979.29	31.807
979.71	31.757
980.14	31.745
980.57	31.732
981.00	31.725
981.43	31.725
981.86	31.774
982.28	31.797
982.71	31.791
983.14	31.760
983.57	31.708
984.00	31.705
984.43	31.723
984.85	31.737
985.28	31.822
985.71	31.944
986.14	31.966
986.57	31.943
986.99	31.975
987.42	31.937
987.85	31.954
988.28	31.974
988.71	32.033
989.13	32.137
989.56	32.282
989.99	32.384
990.42	32.496
990.85	32.626
991.27	32.747
991.70	32.810
992.13	32.842
992.56	32.950
992.98	33.067
993.41	33.165
993.84	33.196
994.27	33.224
994.70	33.310
995.12	33.334
995.55	33.362
995.98	33.527
996.41	33.652
996.83	33.758
997.26	33.841
997.69	33.966
998.11	34.060
998.54	34.070
998.97	34.026
999.40	34.152
999.82	34.239
1000.25	34.352
1000.68	34.471
1001.11	34.605
1001.53	34.785
1001.96	34.823
1002.39	34.858
1002.81	35.008
1003.24	35.132
1003.67	35.197
1004.09	35.258
1004.52	35.374
1004.95	35.424
1005.38	35.549
1005.80	35.662
1006.23	35.839
1006.66	35.901
1007.08	36.021
1007.51	36.101
1007.94	36.273
1008.36	36.323
1008.79	36.324
1009.22	36.270
1009.64	36.307
1010.07	36.424
1010.50	36.558
1010.92	36.577
1011.35	36.696
1011.77	36.838
1012.20	36.859
1012.63	36.916
1013.05	37.054
1013.48	37.175
1013.91	37.349
1014.33	37.372
1014.76	37.326
1015.19	37.364
1015.61	37.377
1016.04	37.480
1016.46	37.598
1016.89	37.705
1017.32	37.855
1017.74	37.940
1018.17	38.047
1018.59	38.220
1019.02	38.322
1019.45	38.316
1019.87	38.358
1020.30	38.462
1020.72	38.654
1021.15	38.761
1021.58	38.916
1022.00	39.058
1022.43	39.161
1022.85	39.219
1023.28	39.328
1023.70	39.439
1024.13	39.566
1024.55	39.533
1024.98	39.373
1025.41	39.373
1025.83	39.403
1026.26	39.400
1026.68	39.268
1027.11	39.271
1027.53	39.296
1027.96	39.194
1028.38	39.095
1028.81	39.306
1029.23	39.399
1029.66	39.384
1030.08	39.258
1030.51	39.110
1030.94	39.242
1031.36	39.071
1031.79	38.990
1032.21	38.937
1032.64	38.889
1033.06	38.909
1033.49	38.748
1033.91	38.631
1034.34	38.860
1034.76	38.709
1035.19	38.553
1035.61	38.616
1036.03	38.760
1036.46	38.864
1036.88	38.722
1037.31	38.731
1037.73	38.856
1038.16	38.678
1038.58	38.412
1039.01	38.350
1039.43	38.467
1039.86	38.514
1040.28	38.323
1040.71	38.222
1041.13	38.334
1041.55	38.277
1041.98	38.140
1042.40	38.241
1042.83	38.448
1043.25	38.386
1043.68	38.221
1044.10	38.102
1044.52	38.263
1044.95	38.119
1045.37	37.871
1045.80	37.903
1046.22	38.095
1046.65	37.924
1047.07	37.748
1047.49	37.712
1047.92	37.896
1048.34	37.509
1048.77	37.246
1049.19	37.081
1049.61	36.982
1050.04	37.065
1050.46	36.818
1050.89	36.519
1051.31	36.429
1051.73	36.192
1052.16	35.903
1052.58	35.680
1053.00	35.764
1053.43	35.734
1053.85	35.365
1054.27	35.020
1054.70	34.951
1055.12	34.605
1055.55	34.505
1055.97	33.979
1056.39	33.664
1056.82	33.725
1057.24	33.560
1057.66	33.135
1058.09	33.392
1058.51	33.667
1058.93	33.205
1059.36	32.908
1059.78	32.575
1060.20	32.554
1060.62	32.191
1061.05	31.721
1061.47	31.809
1061.89	31.578
1062.32	31.251
1062.74	30.827
1063.16	30.735
1063.59	30.891
1064.01	30.559
1064.43	29.978
1064.85	29.945
1065.28	29.985
1065.70	29.573
1066.12	28.634
1066.55	28.166
1066.97	28.068
1067.39	27.266
1067.81	26.591
1068.24	26.050
1068.66	25.945
1069.08	25.820
1069.50	24.636
1069.93	23.953
1070.35	24.126
1070.77	23.632
1071.19	23.063
1071.62	22.754
1072.04	22.643
1072.46	22.001
1072.88	21.318
1073.31	20.957
1073.73	20.943
1074.15	20.009
1074.57	19.373
1075.00	19.300
1075.42	18.710
1075.84	18.215
1076.26	16.844
1076.68	15.550
1077.11	15.686
1077.53	15.180
1077.95	14.254
1078.37	13.619
1078.79	13.366
1079.22	11.971
1079.64	10.522
1080.06	9.684
1080.48	9.309
1080.90	7.811
1081.32	6.535
1081.75	5.082
1082.17	3.368
1082.59	2.206
1083.01	0.561
1083.43	-1.746
1083.85	-2.191
1084.28	-3.334
1084.70	-5.252
1085.12	-6.627
1085.54	-7.589
1085.96	-8.667
1086.38	-10.773
1086.80	-12.479
1087.23	-12.286
1087.65	-13.061
1088.07	-14.512
1088.49	-16.326
1088.91	-18.327
1089.33	-19.727
1089.75	-21.798
1090.17	-24.192
1090.60	-25.896
1091.02	-27.237
1091.44	-28.425
1091.86	-30.408
1092.28	-32.671
1092.70	-34.463
1093.12	-36.924
1093.54	-40.613
1093.96	-43.015
1094.38	-43.948
1094.81	-47.312
1095.23	-50.512
1095.65	-53.311
1096.07	-53.902
1096.49	-58.155
1096.91	-61.856
1097.33	-64.730
1097.75	-69.715
1098.17	-71.911
1098.59	-75.819
1099.01	-77.491
1099.43	-78.723
1099.85	-84.155
1100.27	-90.236
1100.69	-93.042
1101.11	-93.252
1101.53	-95.855
1101.95	-99.668
1102.38	-30.676
1102.80	-199.744
1103.22	-86.047
1103.64	-85.905
1104.06	-178.610
1104.48	-124.563
1104.90	-201.104
1105.32	-111.379
1105.74	-73.052
1106.16	-203.200
