188.40	-265.442
188.88	-338.120
189.35	223.398
189.83	1313.913
190.30	-1668.627
190.78	-248.077
191.26	-281.643
191.73	860.377
192.21	-1978.261
192.68	-226.145
193.16	-983.195
193.63	-1143.675
194.11	-1232.370
194.58	-1144.242
195.06	-949.812
195.53	-628.859
196.01	-506.512
196.48	-448.236
196.96	-381.602
197.43	-322.446
197.91	-286.995
198.38	-262.395
198.86	-224.857
199.33	-189.074
199.81	-178.781
200.28	-169.138
200.76	-154.047
201.23	-140.483
201.71	-124.459
202.18	-118.584
202.66	-109.376
203.13	-104.847
203.61	-96.518
204.08	-86.987
204.55	-81.337
205.03	-74.510
205.50	-71.570
205.98	-72.322
206.45	-72.686
206.93	-71.051
207.40	-69.830
207.88	-68.731
208.35	-67.222
208.82	-69.312
209.30	-70.296
209.77	-67.748
210.25	-68.308
210.72	-70.547
211.20	-69.422
211.67	-69.231
212.14	-70.826
212.62	-71.175
213.09	-67.540
213.57	-64.433
214.04	-66.581
214.52	-68.099
214.99	-65.812
215.46	-66.135
215.94	-68.272
216.41	-66.279
216.89	-65.124
217.36	-62.628
217.83	-65.608
218.31	-67.177
218.78	-62.603
219.25	-60.971
219.73	-63.554
220.20	-66.238
220.68	-63.273
221.15	-61.741
221.62	-63.736
222.10	-64.948
222.57	-62.226
223.04	-61.268
223.52	-65.643
223.99	-65.665
224.47	-64.499
224.94	-65.119
225.41	-65.341
225.89	-65.639
226.36	-65.397
226.83	-64.870
227.31	-66.909
227.78	-67.436
228.25	-65.473
228.73	-64.158
229.20	-62.614
229.67	-65.552
230.15	-63.531
230.62	-61.012
231.09	-65.008
231.57	-66.148
232.04	-63.989
232.51	-62.225
232.98	-63.517
233.46	-63.736
233.93	-62.965
234.40	-60.658
234.88	-60.504
235.35	-62.721
235.82	-62.454
236.30	-59.097
236.77	-60.372
237.24	-63.938
237.71	-63.229
238.19	-62.950
238.66	-63.583
239.13	-68.478
239.61	-69.236
240.08	-66.256
240.55	-67.161
241.02	-65.504
241.50	-63.347
241.97	-61.699
242.44	-62.242
242.91	-63.123
243.39	-63.717
243.86	-60.863
244.33	-62.479
244.80	-65.754
245.28	-65.697
245.75	-63.255
246.22	-64.716
246.69	-65.376
247.17	-62.825
247.64	-59.822
248.11	-58.896
248.58	-59.240
249.05	-58.965
249.53	-54.642
250.00	-54.418
250.47	-56.177
250.94	-57.750
251.42	-57.667
251.89	-56.477
252.36	-57.020
252.83	-57.700
253.30	-55.187
253.78	-53.933
254.25	-54.316
254.72	-53.083
255.19	-50.914
255.66	-49.203
256.13	-50.365
256.61	-50.087
257.08	-50.871
257.55	-50.000
258.02	-50.605
258.49	-53.951
258.97	-53.455
259.44	-52.908
259.91	-54.646
260.38	-55.137
260.85	-54.284
261.32	-52.197
261.79	-52.688
262.27	-54.255
262.74	-52.581
263.21	-50.397
263.68	-53.190
264.15	-55.243
264.62	-56.852
265.09	-56.070
265.57	-58.487
266.04	-60.662
266.51	-59.700
266.98	-58.399
267.45	-59.921
267.92	-61.613
268.39	-60.565
268.86	-57.496
269.34	-54.955
269.81	-56.548
270.28	-56.571
270.75	-53.450
271.22	-53.598
271.69	-53.506
272.16	-53.357
272.63	-50.592
273.10	-49.601
273.57	-50.541
274.05	-49.820
274.52	-47.012
274.99	-45.752
275.46	-46.329
275.93	-46.604
276.40	-46.195
276.87	-44.122
277.34	-44.734
277.81	-45.553
278.28	-44.523
278.75	-44.689
279.22	-48.382
279.69	-48.789
280.16	-46.716
280.63	-46.081
281.11	-49.610
281.58	-52.571
282.05	-50.373
282.52	-49.929
282.99	-52.252
283.46	-53.698
283.93	-50.750
284.40	-51.194
284.87	-52.467
285.34	-52.653
285.81	-53.029
286.28	-49.967
286.75	-50.000
287.22	-49.971
287.69	-48.284
288.16	-45.366
288.63	-44.687
289.10	-45.032
289.57	-42.847
290.04	-39.873
290.51	-40.857
290.98	-40.551
291.45	-39.107
291.92	-38.612
292.39	-39.945
292.86	-41.567
293.33	-39.058
293.80	-38.078
294.27	-38.212
294.74	-39.817
295.21	-37.865
295.68	-35.024
296.15	-37.175
296.62	-39.496
297.09	-39.944
297.56	-38.118
298.03	-39.331
298.49	-41.549
298.96	-41.373
299.43	-39.960
299.90	-41.846
300.37	-42.629
300.84	-41.792
301.31	-38.331
301.78	-38.639
302.25	-39.140
302.72	-37.237
303.19	-36.108
303.66	-34.137
304.13	-34.886
304.60	-34.653
305.07	-33.955
305.53	-33.405
306.00	-34.117
306.47	-34.742
306.94	-33.051
307.41	-32.484
307.88	-33.033
308.35	-33.896
308.82	-30.614
309.29	-30.162
309.76	-30.347
310.22	-29.326
310.69	-28.802
311.16	-28.365
311.63	-28.671
312.10	-29.802
312.57	-29.271
313.04	-29.245
313.51	-31.539
313.97	-31.457
314.44	-31.406
314.91	-30.712
315.38	-31.294
315.85	-30.977
316.32	-27.587
316.79	-27.088
317.25	-28.150
317.72	-28.854
318.19	-26.685
318.66	-25.248
319.13	-25.588
319.60	-27.616
320.07	-27.718
320.53	-25.886
321.00	-27.233
321.47	-27.704
321.94	-27.068
322.41	-25.687
322.87	-25.170
323.34	-26.155
323.81	-23.932
324.28	-22.626
324.75	-23.724
325.22	-23.505
325.68	-23.246
326.15	-22.691
326.62	-22.926
327.09	-23.327
327.56	-22.045
328.02	-21.669
328.49	-23.361
328.96	-23.811
329.43	-23.151
329.89	-22.363
330.36	-22.985
330.83	-24.045
331.30	-24.167
331.77	-23.067
332.23	-23.546
332.70	-24.282
333.17	-24.318
333.64	-24.221
334.10	-23.050
334.57	-22.174
335.04	-22.865
335.51	-21.920
335.97	-21.612
336.44	-21.543
336.91	-21.209
337.38	-20.387
337.84	-20.613
338.31	-20.576
338.78	-20.381
339.24	-19.035
339.71	-17.171
340.18	-16.010
340.65	-15.553
341.11	-13.978
341.58	-13.124
342.05	-12.996
342.52	-12.185
342.98	-10.874
343.45	-9.971
343.92	-10.626
344.38	-11.017
344.85	-9.315
345.32	-8.801
345.78	-9.274
346.25	-8.666
346.72	-7.767
347.18	-6.555
347.65	-6.197
348.12	-6.246
348.58	-5.698
349.05	-5.081
349.52	-5.670
349.99	-5.753
350.45	-5.143
350.92	-4.512
351.38	-4.614
351.85	-4.703
352.32	-4.266
352.78	-3.566
353.25	-3.197
353.72	-2.922
354.18	-2.617
354.65	-2.123
355.12	-2.063
355.58	-1.684
356.05	-1.508
356.52	-1.430
356.98	-1.846
357.45	-1.655
357.91	-1.205
358.38	-0.819
358.85	-0.661
359.31	-0.653
359.78	-0.471
360.25	-0.270
360.71	-0.150
361.18	0.048
361.64	0.033
362.11	0.182
362.58	0.078
363.04	-0.135
363.51	0.325
363.97	0.689
364.44	0.602
364.91	0.688
365.37	0.550
365.84	0.852
366.30	0.987
366.77	1.023
367.23	1.294
367.70	1.347
368.17	1.418
368.63	1.458
369.10	1.519
369.56	1.687
370.03	1.807
370.49	1.775
370.96	1.823
371.42	2.124
371.89	2.298
372.36	2.386
372.82	2.316
373.29	2.430
373.75	2.560
374.22	2.644
374.68	2.749
375.15	2.956
375.61	3.012
376.08	3.000
376.54	2.906
377.01	3.014
377.47	3.148
377.94	3.154
378.40	3.168
378.87	3.290
379.33	3.398
379.80	3.426
380.26	3.399
380.73	3.553
381.19	3.591
381.66	3.517
382.12	3.479
382.59	3.567
383.05	3.622
383.52	3.588
383.98	3.535
384.45	3.564
384.91	3.565
385.38	3.536
385.84	3.564
386.31	3.642
386.77	3.678
387.24	3.680
387.70	3.728
388.16	3.836
388.63	3.914
389.09	3.935
389.56	3.931
390.02	4.002
390.49	4.026
390.95	4.057
391.42	4.127
391.88	4.241
392.34	4.345
392.81	4.387
393.27	4.423
393.74	4.508
394.20	4.654
394.67	4.713
395.13	4.790
395.59	4.925
396.06	5.038
396.52	5.089
396.99	5.145
397.45	5.187
397.91	5.236
398.38	5.145
398.84	5.103
399.31	5.151
399.77	5.153
400.23	5.149
400.70	5.161
401.16	5.104
401.63	5.078
402.09	5.045
402.55	4.978
403.02	4.929
403.48	4.856
403.94	4.785
404.41	4.735
404.87	4.672
405.33	4.635
405.80	4.603
406.26	4.515
406.73	4.499
407.19	4.509
407.65	4.524
408.12	4.606
408.58	4.689
409.04	4.790
409.51	4.856
409.97	4.926
410.43	5.037
410.90	5.214
411.36	5.396
411.82	5.557
412.29	5.720
412.75	5.960
413.21	6.200
413.67	6.418
414.14	6.656
414.60	6.868
415.06	7.097
415.53	7.292
415.99	7.523
416.45	7.775
416.92	7.934
417.38	8.088
417.84	8.260
418.30	8.373
418.77	8.491
419.23	8.586
419.69	8.651
420.16	8.698
420.62	8.684
421.08	8.633
421.54	8.581
422.01	8.519
422.47	8.451
422.93	8.331
423.39	8.174
423.86	8.068
424.32	7.929
424.78	7.778
425.24	7.637
425.71	7.508
426.17	7.340
426.63	7.203
427.09	7.061
427.56	6.935
428.02	6.811
428.48	6.663
428.94	6.527
429.41	6.385
429.87	6.299
430.33	6.352
430.79	6.438
431.25	6.587
431.72	6.764
432.18	6.943
432.64	7.185
433.10	7.468
433.56	7.747
434.03	8.079
434.49	8.414
434.95	8.783
435.41	9.157
435.87	9.544
436.34	9.942
436.80	10.363
437.26	10.803
437.72	11.230
438.18	11.679
438.64	12.157
439.11	12.636
439.57	13.065
440.03	13.397
440.49	13.703
440.95	13.985
441.41	14.213
441.88	14.421
442.34	14.627
442.80	14.776
443.26	14.867
443.72	14.927
444.18	14.945
444.64	14.937
445.11	14.887
445.57	14.793
446.03	14.707
446.49	14.570
446.95	14.405
447.41	14.216
447.87	13.996
448.33	13.770
448.79	13.517
449.26	13.264
449.72	13.022
450.18	12.787
450.64	12.541
451.10	12.310
451.56	12.080
452.02	11.869
452.48	11.682
452.94	11.510
453.40	11.387
453.87	11.298
454.33	11.242
454.79	11.207
455.25	11.225
455.71	11.266
456.17	11.340
456.63	11.471
457.09	11.651
457.55	11.880
458.01	12.142
458.47	12.446
458.93	12.782
459.39	13.149
459.85	13.533
460.31	13.949
460.77	14.389
461.24	14.860
461.70	15.353
462.16	15.847
462.62	16.373
463.08	16.889
463.54	17.411
464.00	17.929
464.46	18.439
464.92	18.940
465.38	19.422
465.84	19.894
466.30	20.325
466.76	20.743
467.22	21.118
467.68	21.462
468.14	21.781
468.60	22.061
469.06	22.309
469.52	22.513
469.98	22.677
470.44	22.817
470.90	22.900
471.36	22.941
471.82	22.948
472.28	22.915
472.74	22.857
473.20	22.745
473.66	22.605
474.12	22.437
474.58	22.228
475.04	21.998
475.50	21.738
475.95	21.464
476.41	21.172
476.87	20.858
477.33	20.529
477.79	20.200
478.25	19.868
478.71	19.536
479.17	19.200
479.63	18.877
480.09	18.559
480.55	18.255
481.01	17.968
481.47	17.708
481.93	17.470
482.39	17.251
482.84	17.074
483.30	16.931
483.76	16.829
484.22	16.752
484.68	16.712
485.14	16.717
485.60	16.767
486.06	16.851
486.52	16.980
486.98	17.149
487.44	17.362
487.89	17.612
488.35	17.890
488.81	18.214
489.27	18.565
489.73	18.952
490.19	19.368
490.65	19.815
491.11	20.293
491.56	20.792
492.02	21.302
492.48	21.823
492.94	22.351
493.40	22.886
493.86	23.434
494.32	23.982
494.77	24.523
495.23	25.053
495.69	25.577
496.15	26.090
496.61	26.594
497.07	27.068
497.52	27.529
497.98	27.975
498.44	28.405
498.90	28.808
499.36	29.180
499.82	29.522
500.27	29.827
500.73	30.100
501.19	30.334
501.65	30.540
502.11	30.721
502.56	30.871
503.02	30.975
503.48	31.050
503.94	31.096
504.40	31.110
504.85	31.081
505.31	31.027
505.77	30.944
506.23	30.825
506.69	30.684
507.14	30.506
507.60	30.303
508.06	30.065
508.52	29.802
508.97	29.517
509.43	29.220
509.89	28.899
510.35	28.562
510.80	28.219
511.26	27.874
511.72	27.517
512.18	27.145
512.63	26.775
513.09	26.402
513.55	26.026
514.01	25.657
514.46	25.302
514.92	24.953
515.38	24.622
515.84	24.309
516.29	24.010
516.75	23.738
517.21	23.484
517.66	23.255
518.12	23.050
518.58	22.876
519.04	22.734
519.49	22.625
519.95	22.552
520.41	22.504
520.86	22.490
521.32	22.512
521.78	22.574
522.23	22.665
522.69	22.799
523.15	22.970
523.61	23.175
524.06	23.412
524.52	23.680
524.98	23.973
525.43	24.296
525.89	24.644
526.35	25.018
526.80	25.415
527.26	25.834
527.72	26.277
528.17	26.736
528.63	27.204
529.09	27.686
529.54	28.177
530.00	28.683
530.45	29.188
530.91	29.694
531.37	30.195
531.82	30.705
532.28	31.203
532.74	31.694
533.19	32.174
533.65	32.635
534.10	33.083
534.56	33.513
535.02	33.923
535.47	34.316
535.93	34.691
536.39	35.049
536.84	35.381
537.30	35.698
537.75	35.985
538.21	36.241
538.67	36.475
539.12	36.690
539.58	36.874
540.03	37.033
540.49	37.170
540.94	37.290
541.40	37.369
541.86	37.418
542.31	37.439
542.77	37.438
543.22	37.424
543.68	37.383
544.13	37.318
544.59	37.233
545.05	37.123
545.50	36.990
545.96	36.826
546.41	36.646
546.87	36.446
547.32	36.223
547.78	35.986
548.23	35.728
548.69	35.445
549.14	35.150
549.60	34.842
550.06	34.515
550.51	34.179
550.97	33.839
551.42	33.487
551.88	33.132
552.33	32.763
552.79	32.387
553.24	32.015
553.70	31.648
554.15	31.282
554.61	30.927
555.06	30.571
555.52	30.226
555.97	29.893
556.43	29.567
556.88	29.260
557.34	28.973
557.79	28.707
558.25	28.461
558.70	28.236
559.15	28.031
559.61	27.850
560.06	27.690
560.52	27.558
560.97	27.457
561.43	27.386
561.88	27.348
562.34	27.335
562.79	27.343
563.25	27.385
563.70	27.448
564.16	27.540
564.61	27.670
565.06	27.830
565.52	28.009
565.97	28.218
566.43	28.457
566.88	28.720
567.34	29.005
567.79	29.313
568.24	29.643
568.70	29.994
569.15	30.361
569.61	30.745
570.06	31.143
570.51	31.562
570.97	31.992
571.42	32.433
571.88	32.897
572.33	33.362
572.78	33.827
573.24	34.306
573.69	34.781
574.15	35.258
574.60	35.732
575.05	36.211
575.51	36.693
575.96	37.168
576.42	37.650
576.87	38.124
577.32	38.593
577.78	39.045
578.23	39.498
578.68	39.938
579.14	40.369
579.59	40.782
580.04	41.169
580.50	41.542
580.95	41.897
581.40	42.228
581.86	42.555
582.31	42.866
582.76	43.164
583.22	43.445
583.67	43.708
584.12	43.952
584.58	44.165
585.03	44.350
585.48	44.512
585.94	44.635
586.39	44.730
586.84	44.820
587.30	44.900
587.75	44.944
588.20	44.977
588.66	44.980
589.11	44.965
589.56	44.935
590.01	44.886
590.47	44.812
590.92	44.723
591.37	44.612
591.83	44.473
592.28	44.307
592.73	44.126
593.18	43.926
593.64	43.708
594.09	43.477
594.54	43.240
594.99	42.992
595.45	42.732
595.90	42.462
596.35	42.163
596.80	41.840
597.26	41.518
597.71	41.175
598.16	40.829
598.61	40.478
599.07	40.116
599.52	39.742
599.97	39.373
600.42	38.990
600.88	38.601
601.33	38.214
601.78	37.831
602.23	37.443
602.69	37.053
603.14	36.664
603.59	36.284
604.04	35.906
604.49	35.522
604.95	35.145
605.40	34.785
605.85	34.446
606.30	34.113
606.75	33.787
607.21	33.486
607.66	33.196
608.11	32.917
608.56	32.656
609.01	32.417
609.46	32.188
609.92	31.983
610.37	31.802
610.82	31.641
611.27	31.505
611.72	31.391
612.17	31.301
612.63	31.232
613.08	31.181
613.53	31.150
613.98	31.156
614.43	31.187
614.88	31.236
615.34	31.295
615.79	31.381
616.24	31.486
616.69	31.612
617.14	31.759
617.59	31.922
618.04	32.106
618.49	32.312
618.95	32.535
619.40	32.770
619.85	33.033
620.30	33.312
620.75	33.595
621.20	33.897
621.65	34.208
622.10	34.533
622.55	34.873
623.00	35.224
623.46	35.583
623.91	35.945
624.36	36.310
624.81	36.685
625.26	37.064
625.71	37.452
626.16	37.848
626.61	38.244
627.06	38.646
627.51	39.052
627.96	39.450
628.41	39.846
628.86	40.241
629.32	40.628
629.77	41.014
630.22	41.398
630.67	41.775
631.12	42.152
631.57	42.527
632.02	42.890
632.47	43.238
632.92	43.583
633.37	43.931
633.82	44.265
634.27	44.584
634.72	44.899
635.17	45.200
635.62	45.479
636.07	45.749
636.52	45.997
636.97	46.237
637.42	46.458
637.87	46.670
638.32	46.865
638.77	47.050
639.22	47.220
639.67	47.377
640.12	47.518
640.57	47.642
641.02	47.746
641.47	47.836
641.92	47.924
642.37	47.983
642.82	48.011
643.27	48.026
643.72	48.033
644.17	48.017
644.62	47.985
645.07	47.939
645.52	47.888
645.97	47.833
646.42	47.749
646.87	47.668
647.32	47.590
647.77	47.511
648.22	47.405
648.66	47.276
649.11	47.125
649.56	46.958
650.01	46.780
650.46	46.598
650.91	46.411
651.36	46.195
651.81	45.968
652.26	45.742
652.71	45.503
653.16	45.254
653.61	44.997
654.06	44.728
654.50	44.457
654.95	44.166
655.40	43.864
655.85	43.561
656.30	43.247
656.75	42.905
657.20	42.557
657.65	42.209
658.10	41.853
658.55	41.515
658.99	41.182
659.44	40.844
659.89	40.506
660.34	40.152
660.79	39.803
661.24	39.463
661.69	39.129
662.13	38.805
662.58	38.470
663.03	38.140
663.48	37.817
663.93	37.496
664.38	37.181
664.83	36.878
665.27	36.577
665.72	36.277
666.17	35.990
666.62	35.706
667.07	35.433
667.52	35.178
667.96	34.913
668.41	34.652
668.86	34.408
669.31	34.173
669.76	33.963
670.21	33.763
670.65	33.577
671.10	33.396
671.55	33.226
672.00	33.083
672.45	32.949
672.89	32.832
673.34	32.719
673.79	32.621
674.24	32.533
674.68	32.461
675.13	32.409
675.58	32.376
676.03	32.354
676.48	32.343
676.92	32.342
677.37	32.366
677.82	32.410
678.27	32.455
678.71	32.514
679.16	32.583
679.61	32.669
680.06	32.770
680.50	32.881
680.95	33.016
681.40	33.156
681.85	33.301
682.29	33.461
682.74	33.642
683.19	33.832
683.64	34.034
684.08	34.254
684.53	34.477
684.98	34.719
685.43	34.976
685.87	35.237
686.32	35.502
686.77	35.762
687.21	36.015
687.66	36.293
688.11	36.588
688.55	36.877
689.00	37.168
689.45	37.481
689.90	37.802
690.34	38.110
690.79	38.420
691.24	38.747
691.68	39.072
692.13	39.383
692.58	39.685
693.02	40.004
693.47	40.313
693.92	40.616
694.36	40.903
694.81	41.201
695.26	41.498
695.70	41.786
696.15	42.083
696.60	42.393
697.04	42.695
697.49	42.968
697.94	43.231
698.38	43.503
698.83	43.765
699.27	44.017
699.72	44.250
700.17	44.495
700.61	44.727
701.06	44.961
701.51	45.196
701.95	45.433
702.40	45.661
702.84	45.882
703.29	46.093
703.74	46.298
704.18	46.486
704.63	46.667
705.07	46.847
705.52	47.015
705.97	47.172
706.41	47.305
706.86	47.428
707.30	47.569
707.75	47.708
708.20	47.827
708.64	47.927
709.09	48.011
709.53	48.079
709.98	48.149
710.42	48.187
710.87	48.203
711.32	48.220
711.76	48.216
712.21	48.207
712.65	48.198
713.10	48.189
713.54	48.166
713.99	48.135
714.43	48.101
714.88	48.037
715.33	47.953
715.77	47.883
716.22	47.818
716.66	47.733
717.11	47.623
717.55	47.510
718.00	47.405
718.44	47.298
718.89	47.171
719.33	47.039
719.78	46.918
720.22	46.802
720.67	46.665
721.11	46.526
721.56	46.383
722.00	46.215
722.45	46.031
722.89	45.846
723.34	45.658
723.78	45.482
724.23	45.309
724.67	45.126
725.12	44.922
725.56	44.708
726.01	44.491
726.45	44.266
726.90	44.018
727.34	43.760
727.78	43.525
728.23	43.284
728.67	43.025
729.12	42.763
729.56	42.498
730.01	42.227
730.45	41.940
730.90	41.638
731.34	41.370
731.79	41.101
732.23	40.817
732.67	40.522
733.12	40.213
733.56	39.930
734.01	39.655
734.45	39.369
734.89	39.091
735.34	38.835
735.78	38.583
736.23	38.329
736.67	38.070
737.12	37.800
737.56	37.537
738.00	37.283
738.45	37.033
738.89	36.789
739.34	36.566
739.78	36.371
740.22	36.170
740.67	35.950
741.11	35.730
741.55	35.534
742.00	35.343
742.44	35.148
742.89	34.948
743.33	34.760
743.77	34.599
744.22	34.444
744.66	34.265
745.10	34.085
745.55	33.916
745.99	33.775
746.43	33.653
746.88	33.534
747.32	33.413
747.76	33.301
748.21	33.221
748.65	33.127
749.09	33.022
749.54	32.928
749.98	32.854
750.42	32.808
750.87	32.746
751.31	32.689
751.75	32.663
752.20	32.655
752.64	32.658
753.08	32.655
753.53	32.646
753.97	32.664
754.41	32.700
754.85	32.757
755.30	32.806
755.74	32.858
756.18	32.940
756.63	33.050
757.07	33.165
757.51	33.247
757.95	33.348
758.40	33.472
758.84	33.607
759.28	33.749
759.72	33.881
760.17	34.030
760.61	34.198
761.05	34.367
761.50	34.528
761.94	34.682
762.38	34.841
762.82	35.034
763.26	35.231
763.71	35.424
764.15	35.611
764.59	35.798
765.03	35.988
765.48	36.173
765.92	36.339
766.36	36.506
766.80	36.702
767.25	36.908
767.69	37.110
768.13	37.331
768.57	37.562
769.01	37.799
769.46	38.029
769.90	38.257
770.34	38.480
770.78	38.706
771.22	38.958
771.67	39.232
772.11	39.494
772.55	39.739
772.99	39.972
773.43	40.207
773.87	40.468
774.32	40.729
774.76	40.982
775.20	41.229
775.64	41.484
776.08	41.752
776.52	42.009
776.97	42.264
777.41	42.501
777.85	42.730
778.29	42.968
778.73	43.223
779.17	43.481
779.62	43.723
780.06	43.959
780.50	44.189
780.94	44.405
781.38	44.615
781.82	44.824
782.26	45.047
782.70	45.272
783.15	45.488
783.59	45.703
784.03	45.902
784.47	46.109
784.91	46.293
785.35	46.461
785.79	46.629
786.23	46.796
786.67	46.961
787.11	47.114
787.56	47.255
788.00	47.391
788.44	47.520
788.88	47.657
789.32	47.790
789.76	47.915
790.20	48.041
790.64	48.169
791.08	48.302
791.52	48.409
791.96	48.496
792.40	48.578
792.84	48.672
793.28	48.784
793.73	48.889
794.17	48.986
794.61	49.072
795.05	49.158
795.49	49.228
795.93	49.272
796.37	49.308
796.81	49.345
797.25	49.393
797.69	49.419
798.13	49.429
798.57	49.436
799.01	49.439
799.45	49.405
799.89	49.357
800.33	49.313
800.77	49.292
801.21	49.282
801.65	49.241
802.09	49.168
802.53	49.096
802.97	49.012
803.41	48.940
803.85	48.879
804.29	48.810
804.73	48.754
805.17	48.677
805.61	48.594
806.05	48.505
806.49	48.373
806.93	48.269
807.37	48.173
807.81	48.098
808.25	47.995
808.69	47.881
809.13	47.759
809.57	47.638
810.01	47.499
810.44	47.344
810.88	47.194
811.32	47.060
811.76	46.910
812.20	46.761
812.64	46.601
813.08	46.427
813.52	46.234
813.96	46.018
814.40	45.842
814.84	45.684
815.28	45.511
815.72	45.345
816.16	45.159
816.59	44.982
817.03	44.779
817.47	44.587
817.91	44.420
818.35	44.254
818.79	44.090
819.23	43.911
819.67	43.724
820.11	43.550
820.54	43.353
820.98	43.143
821.42	42.934
821.86	42.715
822.30	42.501
822.74	42.306
823.18	42.101
823.62	41.889
824.05	41.663
824.49	41.462
824.93	41.266
825.37	41.075
825.81	40.877
826.25	40.656
826.69	40.412
827.12	40.163
827.56	39.920
828.00	39.669
828.44	39.455
828.88	39.238
829.32	39.012
829.75	38.787
830.19	38.569
830.63	38.344
831.07	38.149
831.51	37.935
831.94	37.705
832.38	37.492
832.82	37.295
833.26	37.109
833.70	36.913
834.13	36.720
834.57	36.524
835.01	36.327
835.45	36.158
835.89	36.007
836.32	35.871
836.76	35.717
837.20	35.543
837.64	35.375
838.08	35.233
838.51	35.123
838.95	35.007
839.39	34.897
839.83	34.810
840.26	34.706
840.70	34.618
841.14	34.532
841.58	34.455
842.01	34.382
842.45	34.306
842.89	34.227
843.33	34.144
843.76	34.071
844.20	34.003
844.64	33.935
845.08	33.873
845.51	33.806
845.95	33.760
846.39	33.734
846.82	33.696
847.26	33.652
847.70	33.573
848.14	33.521
848.57	33.480
849.01	33.444
849.45	33.405
849.88	33.367
850.32	33.361
850.76	33.362
851.19	33.373
851.63	33.381
852.07	33.404
852.50	33.437
852.94	33.447
853.38	33.453
853.81	33.487
854.25	33.535
854.69	33.582
855.12	33.647
855.56	33.715
856.00	33.794
856.43	33.888
856.87	33.982
857.31	34.094
857.74	34.213
858.18	34.301
858.62	34.406
859.05	34.504
859.49	34.602
859.93	34.692
860.36	34.777
860.80	34.895
861.24	35.002
861.67	35.110
862.11	35.221
862.54	35.342
862.98	35.478
863.42	35.620
863.85	35.767
864.29	35.914
864.72	36.065
865.16	36.216
865.60	36.362
866.03	36.523
866.47	36.677
866.90	36.810
867.34	36.982
867.78	37.168
868.21	37.394
868.65	37.619
869.08	37.836
869.52	38.043
869.95	38.232
870.39	38.421
870.83	38.621
871.26	38.853
871.70	39.105
872.13	39.326
872.57	39.529
873.00	39.728
873.44	39.924
873.87	40.105
874.31	40.286
874.75	40.471
875.18	40.652
875.62	40.836
876.05	41.032
876.49	41.237
876.92	41.482
877.36	41.706
877.79	41.911
878.23	42.119
878.66	42.316
879.10	42.530
879.53	42.751
879.97	42.960
880.40	43.156
880.84	43.353
881.27	43.531
881.71	43.712
882.14	43.904
882.58	44.101
883.01	44.309
883.45	44.520
883.88	44.723
884.32	44.919
884.75	45.102
885.19	45.304
885.62	45.512
886.06	45.686
886.49	45.866
886.92	46.040
887.36	46.233
887.79	46.432
888.23	46.599
888.66	46.760
889.10	46.926
889.53	47.088
889.97	47.220
890.40	47.354
890.83	47.505
891.27	47.651
891.70	47.809
892.14	47.968
892.57	48.122
893.01	48.301
893.44	48.479
893.87	48.650
894.31	48.824
894.74	48.976
895.18	49.097
895.61	49.188
896.04	49.269
896.48	49.353
896.91	49.422
897.35	49.469
897.78	49.528
898.21	49.614
898.65	49.704
899.08	49.804
899.52	49.910
899.95	50.022
900.38	50.137
900.82	50.228
901.25	50.343
901.68	50.466
902.12	50.556
902.55	50.644
902.99	50.764
903.42	50.881
903.85	50.966
904.29	51.046
904.72	51.125
905.15	51.217
905.59	51.296
906.02	51.395
906.45	51.512
906.89	51.628
907.32	51.734
907.75	51.826
908.19	51.865
908.62	51.918
909.05	51.940
909.49	51.927
909.92	51.915
910.35	51.885
910.78	51.820
911.22	51.737
911.65	51.659
912.08	51.570
912.52	51.491
912.95	51.431
913.38	51.357
913.82	51.303
914.25	51.271
914.68	51.211
915.11	51.160
915.55	51.098
915.98	51.047
916.41	50.954
916.84	50.856
917.28	50.799
917.71	50.738
918.14	50.686
918.58	50.641
919.01	50.562
919.44	50.488
919.87	50.426
920.31	50.395
920.74	50.369
921.17	50.293
921.60	50.209
922.03	50.098
922.47	50.002
922.90	49.897
923.33	49.760
923.76	49.649
924.20	49.537
924.63	49.434
925.06	49.299
925.49	49.135
925.92	48.992
926.36	48.884
926.79	48.734
927.22	48.583
927.65	48.445
928.08	48.339
928.52	48.217
928.95	48.058
929.38	47.900
929.81	47.767
930.24	47.639
930.68	47.468
931.11	47.320
931.54	47.191
931.97	47.073
932.40	46.949
932.83	46.810
933.27	46.686
933.70	46.513
934.13	46.365
934.56	46.245
934.99	46.082
935.42	45.922
935.85	45.728
936.29	45.547
936.72	45.387
937.15	45.214
937.58	45.037
938.01	44.869
938.44	44.694
938.87	44.497
939.31	44.312
939.74	44.136
940.17	43.986
940.60	43.804
941.03	43.600
941.46	43.416
941.89	43.241
942.32	43.051
942.75	42.859
943.18	42.659
943.62	42.471
944.05	42.277
944.48	42.040
944.91	41.835
945.34	41.633
945.77	41.430
946.20	41.220
946.63	41.002
947.06	40.826
947.49	40.624
947.92	40.421
948.35	40.192
948.78	39.959
949.22	39.736
949.65	39.488
950.08	39.249
950.51	39.004
950.94	38.783
951.37	38.530
951.80	38.350
952.23	38.165
952.66	38.001
953.09	37.860
953.52	37.708
953.95	37.600
954.38	37.460
954.81	37.297
955.24	37.123
955.67	36.978
956.10	36.839
956.53	36.700
956.96	36.560
957.39	36.447
957.82	36.346
958.25	36.216
958.68	36.089
959.11	35.969
959.54	35.843
959.97	35.686
960.40	35.575
960.83	35.467
961.26	35.337
961.69	35.199
962.12	35.027
962.55	34.836
962.98	34.692
963.41	34.540
963.84	34.412
964.27	34.291
964.70	34.168
965.13	34.046
965.56	33.906
965.99	33.779
966.42	33.664
966.84	33.544
967.27	33.447
967.70	33.359
968.13	33.282
968.56	33.233
968.99	33.152
969.42	33.061
969.85	32.980
970.28	32.879
970.71	32.767
971.14	32.709
971.57	32.665
972.00	32.593
972.42	32.516
972.85	32.421
973.28	32.392
973.71	32.301
974.14	32.163
974.57	32.105
975.00	32.002
975.43	31.971
975.86	31.926
976.28	31.812
976.71	31.778
977.14	31.694
977.57	31.624
978.00	31.554
978.43	31.519
978.86	31.485
979.29	31.439
979.71	31.417
980.14	31.395
980.57	31.361
981.00	31.308
981.43	31.304
981.86	31.305
982.28	31.279
982.71	31.231
983.14	31.232
983.57	31.205
984.00	31.216
984.43	31.168
984.85	31.168
985.28	31.257
985.71	31.305
986.14	31.334
986.57	31.305
986.99	31.371
987.42	31.389
987.85	31.352
988.28	31.350
988.71	31.355
989.13	31.427
989.56	31.503
989.99	31.539
990.42	31.649
990.85	31.773
991.27	31.838
991.70	31.914
992.13	31.973
992.56	32.101
992.98	32.216
993.41	32.277
993.84	32.337
994.27	32.379
994.70	32.473
995.12	32.527
995.55	32.596
995.98	32.709
996.41	32.796
996.83	32.904
997.26	33.018
997.69	33.194
998.11	33.240
998.54	33.275
998.97	33.352
999.40	33.456
999.82	33.506
1000.25	33.534
1000.68	33.744
1001.11	33.816
1001.53	33.924
1001.96	33.928
1002.39	33.979
1002.81	34.092
1003.24	34.184
1003.67	34.192
1004.09	34.301
1004.52	34.453
1004.95	34.534
1005.38	34.570
1005.80	34.646
1006.23	34.876
1006.66	34.848
1007.08	34.951
1007.51	35.063
1007.94	35.271
1008.36	35.369
1008.79	35.431
1009.22	35.479
1009.64	35.496
1010.07	35.619
1010.50	35.674
1010.92	35.832
1011.35	35.957
1011.77	36.075
1012.20	36.093
1012.63	36.144
1013.05	36.258
1013.48	36.368
1013.91	36.375
1014.33	36.415
1014.76	36.403
1015.19	36.509
1015.61	36.509
1016.04	36.583
1016.46	36.806
1016.89	36.862
1017.32	36.889
1017.74	36.903
1018.17	37.004
1018.59	37.251
1019.02	37.264
1019.45	37.249
1019.87	37.331
1020.30	37.538
1020.72	37.635
1021.15	37.639
1021.58	37.673
1022.00	37.878
1022.43	37.978
1022.85	38.064
1023.28	38.163
1023.70	38.349
1024.13	38.283
1024.55	38.442
1024.98	38.294
1025.41	38.324
1025.83	38.261
1026.26	38.172
1026.68	38.223
1027.11	38.387
1027.53	38.255
1027.96	38.270
1028.38	38.425
1028.81	38.497
1029.23	38.488
1029.66	38.404
1030.08	38.512
1030.51	38.621
1030.94	38.722
1031.36	38.532
1031.79	38.446
1032.21	38.626
1032.64	38.737
1033.06	38.590
1033.49	38.398
1033.91	38.497
1034.34	38.499
1034.76	38.261
1035.19	38.180
1035.61	38.298
1036.03	38.278
1036.46	38.157
1036.88	38.119
1037.31	37.942
1037.73	38.016
1038.16	37.763
1038.58	37.651
1039.01	37.629
1039.43	37.736
1039.86	37.447
1040.28	37.315
1040.71	37.484
1041.13	37.588
1041.55	37.115
1041.98	37.074
1042.40	37.217
1042.83	37.316
1043.25	37.059
1043.68	37.267
1044.10	37.410
1044.52	37.369
1044.95	37.049
1045.37	36.880
1045.80	36.902
1046.22	37.064
1046.65	36.843
1047.07	36.748
1047.49	36.663
1047.92	36.817
1048.34	36.381
1048.77	36.138
1049.19	35.958
1049.61	35.715
1050.04	35.157
1050.46	35.119
1050.89	34.964
1051.31	35.035
1051.73	34.710
1052.16	34.632
1052.58	34.373
1053.00	34.287
1053.43	34.165
1053.85	33.865
1054.27	33.750
1054.70	33.904
1055.12	33.473
1055.55	32.962
1055.97	32.707
1056.39	32.930
1056.82	32.753
1057.24	32.722
1057.66	32.735
1058.09	33.181
1058.51	33.126
1058.93	32.711
1059.36	32.436
1059.78	32.154
1060.20	31.910
1060.62	31.522
1061.05	31.074
1061.47	31.113
1061.89	30.693
1062.32	30.119
1062.74	30.076
1063.16	29.869
1063.59	29.428
1064.01	28.898
1064.43	28.887
1064.85	29.014
1065.28	28.665
1065.70	28.253
1066.12	27.617
1066.55	27.359
1066.97	27.044
1067.39	26.125
1067.81	25.594
1068.24	25.649
1068.66	25.427
1069.08	24.912
1069.50	24.359
1069.93	24.051
1070.35	23.740
1070.77	22.674
1071.19	21.612
1071.62	21.863
1072.04	21.687
1072.46	20.530
1072.88	19.751
1073.31	18.943
1073.73	18.590
1074.15	17.290
1074.57	15.721
1075.00	14.897
1075.42	14.356
1075.84	13.132
1076.26	12.586
1076.68	12.097
1077.11	12.127
1077.53	11.055
1077.95	9.946
1078.37	9.786
1078.79	9.093
1079.22	8.133
1079.64	7.224
1080.06	6.675
1080.48	5.124
1080.90	3.322
1081.32	2.748
1081.75	2.000
1082.17	1.351
1082.59	0.153
1083.01	-1.791
1083.43	-2.942
1083.85	-2.359
1084.28	-4.921
1084.70	-7.706
1085.12	-8.966
1085.54	-9.859
1085.96	-11.987
1086.38	-13.815
1086.80	-15.558
1087.23	-17.248
1087.65	-17.789
1088.07	-20.595
1088.49	-21.899
1088.91	-22.849
1089.33	-23.932
1089.75	-26.873
1090.17	-29.446
1090.60	-30.127
1091.02	-32.266
1091.44	-35.675
1091.86	-37.635
1092.28	-38.303
1092.70	-40.023
1093.12	-43.463
1093.54	-44.469
1093.96	-44.599
1094.38	-45.891
1094.81	-51.450
1095.23	-54.711
1095.65	-56.611
1096.07	-55.992
1096.49	-63.803
1096.91	-67.382
1097.33	-67.298
1097.75	-70.999
1098.17	-76.223
1098.59	-78.484
1099.01	-77.977
1099.43	-78.514
1099.85	-86.242
1100.27	-90.970
1100.69	-90.565
1101.11	-93.397
1101.53	-98.404
1101.95	-101.333
1102.38	-83.655
1102.80	-232.010
1103.22	-62.064
1103.64	-33.988
1104.06	-294.118
1104.48	-156.218
1104.90	-137.546
1105.32	-121.724
1105.74	-64.225
1106.16	-254.080
