188.40	-276.127
188.88	-416.971
189.35	416.156
189.83	1677.391
190.30	-1484.314
190.78	-422.596
191.26	-409.179
191.73	1139.623
192.21	-1615.942
192.68	-278.817
193.16	-1329.577
193.63	-1526.500
194.11	-1622.772
194.58	-1510.560
195.06	-1229.467
195.53	-810.325
196.01	-658.213
196.48	-579.105
196.96	-487.334
197.43	-417.485
197.91	-379.430
198.38	-334.322
198.86	-278.111
199.33	-233.620
199.81	-224.396
200.28	-210.477
200.76	-189.648
201.23	-171.856
201.71	-155.971
202.18	-145.092
202.66	-132.219
203.13	-125.699
203.61	-123.517
204.08	-115.627
204.55	-106.541
205.03	-100.526
205.50	-101.048
205.98	-101.716
206.45	-99.853
206.93	-96.664
207.40	-97.220
207.88	-95.434
208.35	-94.169
208.82	-97.253
209.30	-100.259
209.77	-97.155
210.25	-96.189
210.72	-97.343
211.20	-99.808
211.67	-97.814
212.14	-96.661
212.62	-95.329
213.09	-92.780
213.57	-89.935
214.04	-86.920
214.52	-86.954
214.99	-84.686
215.46	-84.851
215.94	-85.678
216.41	-83.357
216.89	-82.428
217.36	-80.892
217.83	-80.567
218.31	-79.833
218.78	-79.487
219.25	-79.193
219.73	-81.012
220.20	-82.434
220.68	-78.357
221.15	-78.250
221.62	-78.418
222.10	-79.074
222.57	-78.105
223.04	-77.814
223.52	-80.519
223.99	-83.971
224.47	-83.664
224.94	-86.868
225.41	-85.831
225.89	-86.119
226.36	-88.014
226.83	-90.187
227.31	-92.597
227.78	-93.099
228.25	-90.779
228.73	-91.271
229.20	-89.173
229.67	-90.131
230.15	-88.441
230.62	-89.284
231.09	-90.353
231.57	-93.012
232.04	-90.675
232.51	-90.152
232.98	-91.620
233.46	-87.558
233.93	-85.739
234.40	-84.109
234.88	-82.314
235.35	-82.780
235.82	-80.616
236.30	-78.691
236.77	-78.049
237.24	-78.883
237.71	-77.487
238.19	-77.368
238.66	-76.352
239.13	-78.679
239.61	-78.870
240.08	-78.941
240.55	-79.573
241.02	-77.756
241.50	-76.132
241.97	-76.326
242.44	-76.750
242.91	-75.175
243.39	-75.924
243.86	-75.303
244.33	-76.201
244.80	-77.748
245.28	-78.921
245.75	-78.102
246.22	-79.530
246.69	-79.142
247.17	-77.142
247.64	-78.024
248.11	-78.415
248.58	-78.199
249.05	-79.370
249.53	-77.079
250.00	-76.405
250.47	-78.058
250.94	-79.778
251.42	-79.446
251.89	-75.624
252.36	-75.228
252.83	-75.244
253.30	-74.389
253.78	-72.779
254.25	-72.839
254.72	-73.577
255.19	-73.000
255.66	-71.881
256.13	-72.162
256.61	-71.594
257.08	-72.296
257.55	-72.508
258.02	-72.319
258.49	-74.001
258.97	-74.079
259.44	-75.341
259.91	-76.164
260.38	-75.772
260.85	-74.035
261.32	-74.369
261.79	-74.818
262.27	-75.777
262.74	-75.742
263.21	-74.329
263.68	-77.529
264.15	-78.827
264.62	-78.909
265.09	-79.295
265.57	-81.108
266.04	-82.675
266.51	-83.623
266.98	-83.593
267.45	-81.986
267.92	-83.656
268.39	-81.917
268.86	-79.956
269.34	-76.457
269.81	-76.946
270.28	-76.718
270.75	-74.360
271.22	-73.915
271.69	-74.071
272.16	-71.775
272.63	-71.141
273.10	-71.123
273.57	-69.363
274.05	-69.172
274.52	-66.443
274.99	-64.920
275.46	-64.145
275.93	-63.071
276.40	-63.676
276.87	-60.668
277.34	-60.852
277.81	-60.798
278.28	-61.722
278.75	-62.559
279.22	-64.274
279.69	-64.821
280.16	-64.290
280.63	-63.746
281.11	-64.426
281.58	-66.629
282.05	-66.408
282.52	-65.855
282.99	-66.268
283.46	-69.291
283.93	-67.664
284.40	-68.875
284.87	-68.993
285.34	-69.887
285.81	-70.747
286.28	-69.103
286.75	-68.197
287.22	-68.763
287.69	-68.994
288.16	-65.851
288.63	-64.810
289.10	-64.973
289.57	-63.309
290.04	-60.160
290.51	-59.311
290.98	-59.476
291.45	-59.779
291.92	-60.825
292.39	-60.948
292.86	-62.131
293.33	-58.952
293.80	-58.047
294.27	-56.220
294.74	-56.894
295.21	-54.562
295.68	-52.521
296.15	-52.947
296.62	-55.390
297.09	-55.994
297.56	-54.610
298.03	-54.448
298.49	-54.632
298.96	-55.828
299.43	-54.880
299.90	-56.507
300.37	-58.085
300.84	-57.869
301.31	-56.059
301.78	-54.642
302.25	-54.575
302.72	-53.720
303.19	-54.880
303.66	-53.190
304.13	-52.725
304.60	-53.125
305.07	-53.679
305.53	-52.311
306.00	-51.665
306.47	-52.048
306.94	-50.652
307.41	-50.514
307.88	-50.479
308.35	-51.219
308.82	-48.549
309.29	-47.111
309.76	-46.507
310.22	-46.134
310.69	-46.646
311.16	-44.822
311.63	-44.133
312.10	-45.490
312.57	-44.868
313.04	-43.510
313.51	-44.743
313.97	-45.516
314.44	-44.993
314.91	-44.700
315.38	-44.926
315.85	-45.716
316.32	-44.302
316.79	-42.543
317.25	-42.413
317.72	-43.413
318.19	-42.166
318.66	-40.755
319.13	-40.965
319.60	-42.673
320.07	-42.596
320.53	-38.904
321.00	-38.974
321.47	-39.197
321.94	-38.203
322.41	-38.034
322.87	-36.969
323.34	-36.981
323.81	-36.356
324.28	-35.126
324.75	-34.619
325.22	-34.497
325.68	-33.991
326.15	-33.080
326.62	-32.940
327.09	-32.089
327.56	-32.603
328.02	-31.522
328.49	-32.443
328.96	-32.706
329.43	-32.612
329.89	-32.775
330.36	-33.499
330.83	-34.967
331.30	-35.618
331.77	-34.545
332.23	-33.306
332.70	-33.582
333.17	-34.387
333.64	-34.349
334.10	-32.828
334.57	-31.809
335.04	-31.644
335.51	-30.498
335.97	-29.271
336.44	-28.350
336.91	-29.153
337.38	-28.138
337.84	-27.535
338.31	-26.402
338.78	-26.533
339.24	-25.300
339.71	-23.015
340.18	-21.426
340.65	-20.421
341.11	-19.476
341.58	-18.212
342.05	-18.054
342.52	-17.555
342.98	-16.600
343.45	-15.421
343.92	-15.181
344.38	-15.566
344.85	-15.221
345.32	-14.284
345.78	-14.051
346.25	-14.126
346.72	-13.516
347.18	-12.263
347.65	-11.903
348.12	-11.789
348.58	-10.874
349.05	-9.698
349.52	-9.775
349.99	-10.244
350.45	-9.865
350.92	-9.043
351.38	-8.580
351.85	-8.413
352.32	-7.911
352.78	-7.035
353.25	-6.530
353.72	-6.626
354.18	-6.320
354.65	-5.742
355.12	-5.638
355.58	-5.237
356.05	-5.135
356.52	-4.431
356.98	-4.264
357.45	-3.748
357.91	-3.634
358.38	-3.617
358.85	-3.640
359.31	-3.487
359.78	-3.485
360.25	-3.334
360.71	-2.919
361.18	-2.810
361.64	-2.883
362.11	-2.686
362.58	-2.529
363.04	-2.680
363.51	-2.347
363.97	-1.982
364.44	-1.565
364.91	-1.457
365.37	-1.639
365.84	-1.462
366.30	-1.287
366.77	-1.264
367.23	-1.305
367.70	-1.151
368.17	-0.744
368.63	-0.465
369.10	-0.368
369.56	-0.187
370.03	0.098
370.49	0.022
370.96	-0.108
371.42	0.116
371.89	0.332
372.36	0.552
372.82	0.749
373.29	0.844
373.75	1.065
374.22	1.114
374.68	1.269
375.15	1.404
375.61	1.615
376.08	1.757
376.54	1.801
377.01	1.856
377.47	2.101
377.94	2.132
378.40	2.127
378.87	2.157
379.33	2.348
379.80	2.391
380.26	2.379
380.73	2.477
381.19	2.679
381.66	2.747
382.12	2.649
382.59	2.617
383.05	2.706
383.52	2.720
383.98	2.679
384.45	2.671
384.91	2.725
385.38	2.797
385.84	2.714
386.31	2.703
386.77	2.770
387.24	2.784
387.70	2.798
388.16	2.824
388.63	2.998
389.09	3.132
389.56	3.182
390.02	3.243
390.49	3.293
390.95	3.296
391.42	3.352
391.88	3.435
392.34	3.545
392.81	3.661
393.27	3.751
393.74	3.804
394.20	3.902
394.67	4.046
395.13	4.088
395.59	4.215
396.06	4.291
396.52	4.383
396.99	4.421
397.45	4.450
397.91	4.473
398.38	4.430
398.84	4.411
399.31	4.442
399.77	4.461
400.23	4.545
400.70	4.549
401.16	4.482
401.63	4.480
402.09	4.489
402.55	4.423
403.02	4.322
403.48	4.278
403.94	4.272
404.41	4.219
404.87	4.187
405.33	4.114
405.80	4.144
406.26	4.126
406.73	4.077
407.19	4.092
407.65	4.174
408.12	4.250
408.58	4.321
409.04	4.383
409.51	4.506
409.97	4.593
410.43	4.721
410.90	4.875
411.36	5.058
411.82	5.221
412.29	5.410
412.75	5.618
413.21	5.855
413.67	6.071
414.14	6.306
414.60	6.503
415.06	6.772
415.53	6.996
415.99	7.218
416.45	7.474
416.92	7.696
417.38	7.866
417.84	8.013
418.30	8.107
418.77	8.237
419.23	8.351
419.69	8.397
420.16	8.439
420.62	8.468
421.08	8.455
421.54	8.421
422.01	8.356
422.47	8.296
422.93	8.221
423.39	8.081
423.86	7.916
424.32	7.794
424.78	7.642
425.24	7.487
425.71	7.314
426.17	7.173
426.63	7.024
427.09	6.889
427.56	6.737
428.02	6.623
428.48	6.519
428.94	6.375
429.41	6.226
429.87	6.134
430.33	6.169
430.79	6.252
431.25	6.358
431.72	6.535
432.18	6.714
432.64	6.916
433.10	7.188
433.56	7.467
434.03	7.780
434.49	8.137
434.95	8.517
435.41	8.901
435.87	9.273
436.34	9.661
436.80	10.074
437.26	10.527
437.72	10.982
438.18	11.423
438.64	11.868
439.11	12.344
439.57	12.798
440.03	13.163
440.49	13.467
440.95	13.750
441.41	13.980
441.88	14.208
442.34	14.416
442.80	14.571
443.26	14.716
443.72	14.802
444.18	14.832
444.64	14.817
445.11	14.789
445.57	14.726
446.03	14.639
446.49	14.502
446.95	14.351
447.41	14.167
447.87	13.945
448.33	13.741
448.79	13.513
449.26	13.266
449.72	13.000
450.18	12.764
450.64	12.536
451.10	12.296
451.56	12.066
452.02	11.839
452.48	11.653
452.94	11.467
453.40	11.329
453.87	11.224
454.33	11.160
454.79	11.126
455.25	11.118
455.71	11.146
456.17	11.224
456.63	11.352
457.09	11.511
457.55	11.725
458.01	11.961
458.47	12.239
458.93	12.571
459.39	12.928
459.85	13.306
460.31	13.714
460.77	14.159
461.24	14.625
461.70	15.126
462.16	15.621
462.62	16.145
463.08	16.666
463.54	17.184
464.00	17.708
464.46	18.214
464.92	18.717
465.38	19.211
465.84	19.685
466.30	20.131
466.76	20.558
467.22	20.949
467.68	21.315
468.14	21.649
468.60	21.931
469.06	22.202
469.52	22.428
469.98	22.616
470.44	22.757
470.90	22.860
471.36	22.924
471.82	22.946
472.28	22.931
472.74	22.872
473.20	22.780
473.66	22.646
474.12	22.495
474.58	22.299
475.04	22.080
475.50	21.833
475.95	21.558
476.41	21.266
476.87	20.956
477.33	20.636
477.79	20.310
478.25	19.980
478.71	19.641
479.17	19.304
479.63	18.969
480.09	18.644
480.55	18.334
481.01	18.033
481.47	17.756
481.93	17.504
482.39	17.283
482.84	17.093
483.30	16.936
483.76	16.816
484.22	16.727
484.68	16.673
485.14	16.661
485.60	16.690
486.06	16.758
486.52	16.868
486.98	17.018
487.44	17.208
487.89	17.433
488.35	17.704
488.81	18.003
489.27	18.343
489.73	18.725
490.19	19.128
490.65	19.561
491.11	20.025
491.56	20.510
492.02	21.008
492.48	21.525
492.94	22.051
493.40	22.584
493.86	23.127
494.32	23.669
494.77	24.211
495.23	24.751
495.69	25.283
496.15	25.804
496.61	26.319
497.07	26.811
497.52	27.291
497.98	27.744
498.44	28.182
498.90	28.595
499.36	28.977
499.82	29.332
500.27	29.653
500.73	29.944
501.19	30.198
501.65	30.428
502.11	30.617
502.56	30.782
503.02	30.903
503.48	30.997
503.94	31.060
504.40	31.090
504.85	31.080
505.31	31.038
505.77	30.965
506.23	30.858
506.69	30.727
507.14	30.562
507.60	30.374
508.06	30.151
508.52	29.902
508.97	29.626
509.43	29.338
509.89	29.026
510.35	28.702
510.80	28.364
511.26	28.017
511.72	27.665
512.18	27.298
512.63	26.926
513.09	26.550
513.55	26.175
514.01	25.802
514.46	25.438
514.92	25.085
515.38	24.745
515.84	24.422
516.29	24.117
516.75	23.830
517.21	23.561
517.66	23.320
518.12	23.100
518.58	22.910
519.04	22.752
519.49	22.628
519.95	22.536
520.41	22.472
520.86	22.436
521.32	22.442
521.78	22.483
522.23	22.559
522.69	22.673
523.15	22.826
523.61	23.013
524.06	23.234
524.52	23.491
524.98	23.774
525.43	24.086
525.89	24.415
526.35	24.772
526.80	25.156
527.26	25.562
527.72	25.995
528.17	26.441
528.63	26.902
529.09	27.378
529.54	27.864
530.00	28.361
530.45	28.870
530.91	29.375
531.37	29.880
531.82	30.386
532.28	30.887
532.74	31.379
533.19	31.863
533.65	32.325
534.10	32.772
534.56	33.207
535.02	33.618
535.47	34.020
535.93	34.410
536.39	34.784
536.84	35.135
537.30	35.465
537.75	35.770
538.21	36.041
538.67	36.290
539.12	36.516
539.58	36.719
540.03	36.892
540.49	37.046
540.94	37.178
541.40	37.277
541.86	37.344
542.31	37.385
542.77	37.404
543.22	37.406
543.68	37.386
544.13	37.335
544.59	37.270
545.05	37.178
545.50	37.057
545.96	36.904
546.41	36.734
546.87	36.547
547.32	36.335
547.78	36.107
548.23	35.855
548.69	35.584
549.14	35.296
549.60	34.995
550.06	34.674
550.51	34.341
550.97	34.001
551.42	33.649
551.88	33.292
552.33	32.923
552.79	32.553
553.24	32.180
553.70	31.808
554.15	31.440
554.61	31.079
555.06	30.721
555.52	30.372
555.97	30.031
556.43	29.699
556.88	29.381
557.34	29.087
557.79	28.810
558.25	28.550
558.70	28.313
559.15	28.090
559.61	27.895
560.06	27.726
560.52	27.577
560.97	27.465
561.43	27.377
561.88	27.320
562.34	27.289
562.79	27.281
563.25	27.306
563.70	27.352
564.16	27.430
564.61	27.538
565.06	27.674
565.52	27.837
565.97	28.030
566.43	28.254
566.88	28.498
567.34	28.775
567.79	29.068
568.24	29.388
568.70	29.730
569.15	30.088
569.61	30.462
570.06	30.855
570.51	31.265
570.97	31.692
571.42	32.126
571.88	32.581
572.33	33.042
572.78	33.503
573.24	33.976
573.69	34.443
574.15	34.924
574.60	35.401
575.05	35.884
575.51	36.359
575.96	36.840
576.42	37.327
576.87	37.800
577.32	38.273
577.78	38.727
578.23	39.181
578.68	39.623
579.14	40.058
579.59	40.472
580.04	40.867
580.50	41.247
580.95	41.612
581.40	41.956
581.86	42.293
582.31	42.618
582.76	42.936
583.22	43.234
583.67	43.505
584.12	43.765
584.58	43.989
585.03	44.191
585.48	44.363
585.94	44.504
586.39	44.616
586.84	44.719
587.30	44.811
587.75	44.873
588.20	44.921
588.66	44.942
589.11	44.948
589.56	44.933
590.01	44.898
590.47	44.835
590.92	44.755
591.37	44.654
591.83	44.523
592.28	44.366
592.73	44.196
593.18	44.007
593.64	43.800
594.09	43.574
594.54	43.348
594.99	43.108
595.45	42.851
595.90	42.585
596.35	42.295
596.80	41.988
597.26	41.666
597.71	41.326
598.16	40.983
598.61	40.634
599.07	40.275
599.52	39.900
599.97	39.527
600.42	39.148
600.88	38.762
601.33	38.378
601.78	37.995
602.23	37.605
602.69	37.213
603.14	36.823
603.59	36.442
604.04	36.054
604.49	35.665
604.95	35.282
605.40	34.918
605.85	34.569
606.30	34.222
606.75	33.893
607.21	33.580
607.66	33.281
608.11	32.992
608.56	32.718
609.01	32.471
609.46	32.239
609.92	32.022
610.37	31.824
610.82	31.647
611.27	31.498
611.72	31.370
612.17	31.264
612.63	31.177
613.08	31.110
613.53	31.071
613.98	31.063
614.43	31.079
614.88	31.110
615.34	31.161
615.79	31.232
616.24	31.325
616.69	31.439
617.14	31.570
617.59	31.722
618.04	31.896
618.49	32.088
618.95	32.294
619.40	32.521
619.85	32.773
620.30	33.040
620.75	33.308
621.20	33.597
621.65	33.905
622.10	34.222
622.55	34.560
623.00	34.905
623.46	35.263
623.91	35.618
624.36	35.982
624.81	36.351
625.26	36.731
625.71	37.115
626.16	37.511
626.61	37.905
627.06	38.305
627.51	38.710
627.96	39.109
628.41	39.512
628.86	39.906
629.32	40.299
629.77	40.691
630.22	41.080
630.67	41.463
631.12	41.839
631.57	42.219
632.02	42.587
632.47	42.936
632.92	43.287
633.37	43.642
633.82	43.982
634.27	44.305
634.72	44.621
635.17	44.926
635.62	45.214
636.07	45.492
636.52	45.746
636.97	45.992
637.42	46.229
637.87	46.451
638.32	46.656
638.77	46.855
639.22	47.036
639.67	47.201
640.12	47.356
640.57	47.493
641.02	47.608
641.47	47.702
641.92	47.800
642.37	47.866
642.82	47.904
643.27	47.929
643.72	47.949
644.17	47.950
644.62	47.935
645.07	47.899
645.52	47.859
645.97	47.816
646.42	47.748
646.87	47.666
647.32	47.593
647.77	47.524
648.22	47.427
648.66	47.305
649.11	47.162
649.56	47.001
650.01	46.833
650.46	46.657
650.91	46.484
651.36	46.281
651.81	46.063
652.26	45.852
652.71	45.618
653.16	45.380
653.61	45.125
654.06	44.862
654.50	44.594
654.95	44.310
655.40	44.011
655.85	43.706
656.30	43.395
656.75	43.057
657.20	42.709
657.65	42.360
658.10	42.008
658.55	41.674
658.99	41.344
659.44	41.009
659.89	40.670
660.34	40.318
660.79	39.969
661.24	39.630
661.69	39.291
662.13	38.963
662.58	38.622
663.03	38.293
663.48	37.964
663.93	37.637
664.38	37.317
664.83	37.012
665.27	36.701
665.72	36.398
666.17	36.107
666.62	35.818
667.07	35.537
667.52	35.273
667.96	35.000
668.41	34.731
668.86	34.476
669.31	34.231
669.76	34.006
670.21	33.796
670.65	33.599
671.10	33.410
671.55	33.236
672.00	33.081
672.45	32.939
672.89	32.809
673.34	32.688
673.79	32.581
674.24	32.480
674.68	32.404
675.13	32.344
675.58	32.301
676.03	32.269
676.48	32.246
676.92	32.233
677.37	32.246
677.82	32.276
678.27	32.311
678.71	32.359
679.16	32.420
679.61	32.492
680.06	32.576
680.50	32.674
680.95	32.802
681.40	32.933
681.85	33.068
682.29	33.226
682.74	33.402
683.19	33.585
683.64	33.781
684.08	33.996
684.53	34.217
684.98	34.452
685.43	34.702
685.87	34.956
686.32	35.219
686.77	35.476
687.21	35.729
687.66	36.010
688.11	36.303
688.55	36.592
689.00	36.888
689.45	37.209
689.90	37.530
690.34	37.832
690.79	38.140
691.24	38.462
691.68	38.782
692.13	39.095
692.58	39.397
693.02	39.720
693.47	40.029
693.92	40.332
694.36	40.616
694.81	40.915
695.26	41.221
695.70	41.513
696.15	41.812
696.60	42.124
697.04	42.424
697.49	42.704
697.94	42.975
698.38	43.252
698.83	43.513
699.27	43.776
699.72	44.017
700.17	44.268
700.61	44.510
701.06	44.746
701.51	44.979
701.95	45.221
702.40	45.449
702.84	45.666
703.29	45.883
703.74	46.098
704.18	46.300
704.63	46.492
705.07	46.677
705.52	46.857
705.97	47.018
706.41	47.158
706.86	47.290
707.30	47.436
707.75	47.581
708.20	47.704
708.64	47.804
709.09	47.899
709.53	47.978
709.98	48.058
710.42	48.116
710.87	48.150
711.32	48.179
711.76	48.188
712.21	48.197
712.65	48.198
713.10	48.194
713.54	48.171
713.99	48.143
714.43	48.114
714.88	48.057
715.33	47.981
715.77	47.918
716.22	47.857
716.66	47.775
717.11	47.671
717.55	47.561
718.00	47.454
718.44	47.349
718.89	47.227
719.33	47.098
719.78	46.975
720.22	46.857
720.67	46.724
721.11	46.587
721.56	46.449
722.00	46.287
722.45	46.115
722.89	45.938
723.34	45.752
723.78	45.581
724.23	45.408
724.67	45.230
725.12	45.028
725.56	44.815
726.01	44.603
726.45	44.378
726.90	44.142
727.34	43.892
727.78	43.653
728.23	43.408
728.67	43.149
729.12	42.882
729.56	42.621
730.01	42.350
730.45	42.063
730.90	41.761
731.34	41.485
731.79	41.215
732.23	40.927
732.67	40.635
733.12	40.328
733.56	40.048
734.01	39.773
734.45	39.485
734.89	39.213
735.34	38.954
735.78	38.702
736.23	38.444
736.67	38.182
737.12	37.917
737.56	37.656
738.00	37.393
738.45	37.146
738.89	36.896
739.34	36.678
739.78	36.479
740.22	36.275
740.67	36.055
741.11	35.824
741.55	35.623
742.00	35.422
742.44	35.221
742.89	35.012
743.33	34.819
743.77	34.653
744.22	34.487
744.66	34.301
745.10	34.112
745.55	33.944
745.99	33.798
746.43	33.666
746.88	33.538
747.32	33.411
747.76	33.295
748.21	33.206
748.65	33.099
749.09	32.990
749.54	32.889
749.98	32.811
750.42	32.758
750.87	32.694
751.31	32.633
751.75	32.599
752.20	32.586
752.64	32.581
753.08	32.569
753.53	32.550
753.97	32.561
754.41	32.595
754.85	32.633
755.30	32.676
755.74	32.722
756.18	32.797
756.63	32.902
757.07	33.004
757.51	33.081
757.95	33.176
758.40	33.293
758.84	33.421
759.28	33.547
759.72	33.674
760.17	33.817
760.61	33.985
761.05	34.145
761.50	34.294
761.94	34.440
762.38	34.603
762.82	34.793
763.26	34.988
763.71	35.177
764.15	35.363
764.59	35.546
765.03	35.727
765.48	35.911
765.92	36.083
766.36	36.255
766.80	36.453
767.25	36.657
767.69	36.856
768.13	37.077
768.57	37.308
769.01	37.546
769.46	37.770
769.90	37.985
770.34	38.208
770.78	38.439
771.22	38.694
771.67	38.963
772.11	39.224
772.55	39.468
772.99	39.700
773.43	39.935
773.87	40.196
774.32	40.467
774.76	40.720
775.20	40.962
775.64	41.212
776.08	41.484
776.52	41.744
776.97	41.997
777.41	42.233
777.85	42.463
778.29	42.694
778.73	42.956
779.17	43.223
779.62	43.466
780.06	43.711
780.50	43.939
780.94	44.162
781.38	44.375
781.82	44.589
782.26	44.818
782.70	45.051
783.15	45.275
783.59	45.489
784.03	45.688
784.47	45.891
784.91	46.078
785.35	46.249
785.79	46.424
786.23	46.601
786.67	46.773
787.11	46.939
787.56	47.100
788.00	47.242
788.44	47.379
788.88	47.532
789.32	47.677
789.76	47.817
790.20	47.947
790.64	48.087
791.08	48.227
791.52	48.344
791.96	48.442
792.40	48.531
792.84	48.633
793.28	48.755
793.73	48.873
794.17	48.982
794.61	49.065
795.05	49.158
795.49	49.231
795.93	49.287
796.37	49.328
796.81	49.364
797.25	49.416
797.69	49.434
798.13	49.432
798.57	49.428
799.01	49.424
799.45	49.395
799.89	49.342
800.33	49.289
800.77	49.259
801.21	49.238
801.65	49.195
802.09	49.132
802.53	49.061
802.97	48.976
803.41	48.912
803.85	48.854
804.29	48.785
804.73	48.734
805.17	48.656
805.61	48.572
806.05	48.487
806.49	48.353
806.93	48.261
807.37	48.178
807.81	48.108
808.25	48.017
808.69	47.907
809.13	47.791
809.57	47.677
810.01	47.552
810.44	47.407
810.88	47.263
811.32	47.127
811.76	46.981
812.20	46.842
812.64	46.684
813.08	46.512
813.52	46.319
813.96	46.106
814.40	45.932
814.84	45.776
815.28	45.604
815.72	45.447
816.16	45.268
816.59	45.094
817.03	44.900
817.47	44.711
817.91	44.541
818.35	44.387
818.79	44.227
819.23	44.050
819.67	43.868
820.11	43.695
820.54	43.491
820.98	43.280
821.42	43.069
821.86	42.847
822.30	42.639
822.74	42.436
823.18	42.237
823.62	42.023
824.05	41.801
824.49	41.596
824.93	41.396
825.37	41.192
825.81	40.983
826.25	40.755
826.69	40.500
827.12	40.241
827.56	39.986
828.00	39.738
828.44	39.513
828.88	39.298
829.32	39.063
829.75	38.842
830.19	38.629
830.63	38.408
831.07	38.205
831.51	37.990
831.94	37.765
832.38	37.540
832.82	37.333
833.26	37.141
833.70	36.945
834.13	36.754
834.57	36.566
835.01	36.371
835.45	36.200
835.89	36.053
836.32	35.918
836.76	35.760
837.20	35.576
837.64	35.400
838.08	35.255
838.51	35.141
838.95	35.021
839.39	34.905
839.83	34.801
840.26	34.699
840.70	34.602
841.14	34.510
841.58	34.433
842.01	34.357
842.45	34.278
842.89	34.189
843.33	34.091
843.76	34.003
844.20	33.928
844.64	33.853
845.08	33.782
845.51	33.711
845.95	33.662
846.39	33.632
846.82	33.592
847.26	33.534
847.70	33.452
848.14	33.392
848.57	33.349
849.01	33.315
849.45	33.268
849.88	33.225
850.32	33.211
850.76	33.205
851.19	33.211
851.63	33.207
852.07	33.223
852.50	33.253
852.94	33.268
853.38	33.275
853.81	33.299
854.25	33.334
854.69	33.378
855.12	33.434
855.56	33.487
856.00	33.555
856.43	33.642
856.87	33.734
857.31	33.835
857.74	33.939
858.18	34.021
858.62	34.118
859.05	34.219
859.49	34.316
859.93	34.411
860.36	34.507
860.80	34.619
861.24	34.729
861.67	34.827
862.11	34.923
862.54	35.037
862.98	35.165
863.42	35.310
863.85	35.452
864.29	35.594
864.72	35.762
865.16	35.914
865.60	36.053
866.03	36.201
866.47	36.342
866.90	36.479
867.34	36.644
867.78	36.836
868.21	37.050
868.65	37.267
869.08	37.482
869.52	37.674
869.95	37.858
870.39	38.045
870.83	38.254
871.26	38.486
871.70	38.737
872.13	38.967
872.57	39.180
873.00	39.380
873.44	39.578
873.87	39.750
874.31	39.936
874.75	40.124
875.18	40.327
875.62	40.534
876.05	40.732
876.49	40.947
876.92	41.186
877.36	41.412
877.79	41.625
878.23	41.810
878.66	42.010
879.10	42.236
879.53	42.461
879.97	42.669
880.40	42.880
880.84	43.084
881.27	43.277
881.71	43.446
882.14	43.646
882.58	43.830
883.01	44.033
883.45	44.224
883.88	44.426
884.32	44.615
884.75	44.800
885.19	44.991
885.62	45.191
886.06	45.368
886.49	45.557
886.92	45.740
887.36	45.943
887.79	46.135
888.23	46.309
888.66	46.469
889.10	46.628
889.53	46.776
889.97	46.928
890.40	47.049
890.83	47.203
891.27	47.328
891.70	47.495
892.14	47.650
892.57	47.837
893.01	48.021
893.44	48.199
893.87	48.370
894.31	48.556
894.74	48.719
895.18	48.841
895.61	48.940
896.04	49.032
896.48	49.120
896.91	49.214
897.35	49.277
897.78	49.333
898.21	49.434
898.65	49.545
899.08	49.620
899.52	49.717
899.95	49.835
900.38	49.969
900.82	50.088
901.25	50.209
901.68	50.314
902.12	50.429
902.55	50.522
902.99	50.647
903.42	50.759
903.85	50.846
904.29	50.936
904.72	51.007
905.15	51.097
905.59	51.172
906.02	51.253
906.45	51.347
906.89	51.469
907.32	51.572
907.75	51.655
908.19	51.716
908.62	51.792
909.05	51.816
909.49	51.808
909.92	51.788
910.35	51.759
910.78	51.697
911.22	51.601
911.65	51.527
912.08	51.438
912.52	51.389
912.95	51.322
913.38	51.249
913.82	51.200
914.25	51.160
914.68	51.121
915.11	51.076
915.55	51.032
915.98	50.998
916.41	50.907
916.84	50.810
917.28	50.755
917.71	50.691
918.14	50.644
918.58	50.591
919.01	50.509
919.44	50.441
919.87	50.408
920.31	50.376
920.74	50.360
921.17	50.290
921.60	50.191
922.03	50.102
922.47	50.014
922.90	49.921
923.33	49.786
923.76	49.651
924.20	49.540
924.63	49.437
925.06	49.298
925.49	49.144
925.92	49.008
926.36	48.881
926.79	48.741
927.22	48.615
927.65	48.474
928.08	48.374
928.52	48.271
928.95	48.091
929.38	47.926
929.81	47.775
930.24	47.642
930.68	47.480
931.11	47.324
931.54	47.194
931.97	47.045
932.40	46.902
932.83	46.795
933.27	46.660
933.70	46.479
934.13	46.316
934.56	46.182
934.99	46.033
935.42	45.856
935.85	45.667
936.29	45.464
936.72	45.320
937.15	45.150
937.58	44.971
938.01	44.837
938.44	44.691
938.87	44.507
939.31	44.321
939.74	44.141
940.17	43.968
940.60	43.779
941.03	43.604
941.46	43.425
941.89	43.233
942.32	43.034
942.75	42.822
943.18	42.614
943.62	42.426
944.05	42.212
944.48	42.000
944.91	41.789
945.34	41.586
945.77	41.385
946.20	41.168
946.63	40.944
947.06	40.729
947.49	40.510
947.92	40.296
948.35	40.072
948.78	39.838
949.22	39.621
949.65	39.376
950.08	39.125
950.51	38.907
950.94	38.675
951.37	38.448
951.80	38.261
952.23	38.091
952.66	37.940
953.09	37.790
953.52	37.628
953.95	37.496
954.38	37.373
954.81	37.215
955.24	37.059
955.67	36.894
956.10	36.752
956.53	36.615
956.96	36.450
957.39	36.305
957.82	36.188
958.25	36.053
958.68	35.895
959.11	35.754
959.54	35.617
959.97	35.501
960.40	35.387
960.83	35.269
961.26	35.130
961.69	34.976
962.12	34.806
962.55	34.648
962.98	34.493
963.41	34.320
963.84	34.158
964.27	34.018
964.70	33.891
965.13	33.741
965.56	33.574
965.99	33.449
966.42	33.346
966.84	33.224
967.27	33.131
967.70	33.033
968.13	32.986
968.56	32.902
968.99	32.759
969.42	32.633
969.85	32.558
970.28	32.445
970.71	32.331
971.14	32.229
971.57	32.159
972.00	32.084
972.42	31.977
972.85	31.882
973.28	31.795
973.71	31.704
974.14	31.650
974.57	31.588
975.00	31.528
975.43	31.463
975.86	31.404
976.28	31.305
976.71	31.300
977.14	31.193
977.57	31.098
978.00	31.018
978.43	31.008
978.86	30.976
979.29	30.920
979.71	30.876
980.14	30.871
980.57	30.843
981.00	30.798
981.43	30.788
981.86	30.767
982.28	30.746
982.71	30.716
983.14	30.641
983.57	30.602
984.00	30.658
984.43	30.643
984.85	30.656
985.28	30.708
985.71	30.736
986.14	30.739
986.57	30.730
986.99	30.816
987.42	30.827
987.85	30.817
988.28	30.865
988.71	30.889
989.13	30.931
989.56	30.924
989.99	30.957
990.42	31.036
990.85	31.155
991.27	31.247
991.70	31.267
992.13	31.320
992.56	31.418
992.98	31.367
993.41	31.409
993.84	31.441
994.27	31.506
994.70	31.532
995.12	31.574
995.55	31.681
995.98	31.755
996.41	31.799
996.83	31.839
997.26	31.934
997.69	32.029
998.11	32.044
998.54	32.111
998.97	32.128
999.40	32.251
999.82	32.336
1000.25	32.400
1000.68	32.573
1001.11	32.733
1001.53	32.873
1001.96	32.984
1002.39	33.049
1002.81	33.120
1003.24	33.143
1003.67	33.184
1004.09	33.288
1004.52	33.407
1004.95	33.535
1005.38	33.578
1005.80	33.721
1006.23	33.832
1006.66	33.873
1007.08	33.989
1007.51	34.050
1007.94	34.304
1008.36	34.361
1008.79	34.305
1009.22	34.286
1009.64	34.228
1010.07	34.315
1010.50	34.328
1010.92	34.357
1011.35	34.513
1011.77	34.676
1012.20	34.702
1012.63	34.787
1013.05	34.879
1013.48	34.876
1013.91	34.887
1014.33	34.926
1014.76	34.981
1015.19	35.023
1015.61	35.025
1016.04	35.093
1016.46	35.219
1016.89	35.187
1017.32	35.204
1017.74	35.260
1018.17	35.386
1018.59	35.725
1019.02	35.712
1019.45	35.602
1019.87	35.651
1020.30	35.672
1020.72	35.729
1021.15	35.794
1021.58	35.824
1022.00	35.930
1022.43	36.055
1022.85	36.104
1023.28	36.123
1023.70	36.171
1024.13	36.121
1024.55	36.170
1024.98	36.136
1025.41	36.208
1025.83	36.231
1026.26	36.256
1026.68	36.253
1027.11	36.339
1027.53	36.242
1027.96	36.203
1028.38	36.364
1028.81	36.472
1029.23	36.526
1029.66	36.457
1030.08	36.458
1030.51	36.716
1030.94	36.808
1031.36	36.742
1031.79	36.773
1032.21	36.830
1032.64	36.848
1033.06	36.742
1033.49	36.607
1033.91	36.645
1034.34	36.640
1034.76	36.570
1035.19	36.402
1035.61	36.572
1036.03	36.598
1036.46	36.498
1036.88	36.393
1037.31	36.357
1037.73	36.425
1038.16	36.301
1038.58	36.199
1039.01	36.171
1039.43	35.913
1039.86	35.873
1040.28	35.624
1040.71	35.603
1041.13	35.713
1041.55	35.519
1041.98	35.468
1042.40	35.512
1042.83	35.480
1043.25	35.306
1043.68	35.084
1044.10	35.118
1044.52	35.140
1044.95	35.050
1045.37	34.799
1045.80	34.704
1046.22	34.831
1046.65	34.729
1047.07	34.378
1047.49	34.312
1047.92	34.392
1048.34	34.212
1048.77	33.842
1049.19	33.790
1049.61	33.606
1050.04	33.329
1050.46	32.993
1050.89	33.048
1051.31	33.205
1051.73	32.933
1052.16	32.762
1052.58	32.658
1053.00	32.585
1053.43	32.405
1053.85	31.888
1054.27	31.833
1054.70	31.868
1055.12	31.645
1055.55	31.025
1055.97	30.964
1056.39	30.950
1056.82	30.707
1057.24	30.361
1057.66	30.284
1058.09	30.230
1058.51	30.083
1058.93	29.693
1059.36	29.575
1059.78	29.145
1060.20	28.612
1060.62	28.185
1061.05	27.879
1061.47	27.754
1061.89	27.517
1062.32	26.871
1062.74	26.493
1063.16	26.289
1063.59	26.016
1064.01	25.219
1064.43	24.926
1064.85	24.890
1065.28	24.253
1065.70	23.666
1066.12	23.121
1066.55	22.182
1066.97	22.260
1067.39	21.234
1067.81	20.589
1068.24	20.239
1068.66	20.111
1069.08	19.379
1069.50	18.334
1069.93	17.853
1070.35	17.736
1070.77	16.900
1071.19	16.190
1071.62	16.032
1072.04	15.361
1072.46	14.349
1072.88	13.597
1073.31	13.136
1073.73	12.605
1074.15	11.807
1074.57	10.856
1075.00	10.680
1075.42	10.868
1075.84	9.505
1076.26	8.378
1076.68	7.791
1077.11	7.300
1077.53	5.852
1077.95	5.072
1078.37	4.784
1078.79	3.870
1079.22	1.922
1079.64	0.112
1080.06	-0.985
1080.48	-2.129
1080.90	-3.351
1081.32	-4.963
1081.75	-6.679
1082.17	-8.000
1082.59	-10.259
1083.01	-12.224
1083.43	-13.985
1083.85	-14.756
1084.28	-17.058
1084.70	-19.617
1085.12	-21.490
1085.54	-22.909
1085.96	-25.096
1086.38	-27.520
1086.80	-28.070
1087.23	-28.713
1087.65	-30.236
1088.07	-32.341
1088.49	-33.985
1088.91	-35.616
1089.33	-38.438
1089.75	-42.670
1090.17	-44.710
1090.60	-45.628
1091.02	-47.335
1091.44	-49.171
1091.86	-50.876
1092.28	-51.934
1092.70	-55.296
1093.12	-59.235
1093.54	-62.223
1093.96	-62.415
1094.38	-64.317
1094.81	-70.546
1095.23	-73.673
1095.65	-77.557
1096.07	-79.260
1096.49	-85.228
1096.91	-89.369
1097.33	-90.460
1097.75	-95.009
1098.17	-97.870
1098.59	-98.690
1099.01	-98.712
1099.43	-99.819
1099.85	-107.963
1100.27	-114.784
1100.69	-117.127
1101.11	-119.509
1101.53	-124.015
1101.95	-128.148
1102.38	-94.283
1102.80	-202.561
1103.22	-86.483
1103.64	-83.764
1104.06	-310.160
1104.48	-199.589
1104.90	-177.055
1105.32	-118.276
1105.74	-112.300
1106.16	-274.240
