188.40	-310.184
188.88	-615.927
189.35	480.223
189.83	1793.913
190.30	-2388.235
190.78	-380.769
191.26	-516.908
191.73	1911.321
192.21	-2488.406
192.68	-386.450
193.16	-1666.390
193.63	-1940.997
194.11	-2056.562
194.58	-1915.476
195.06	-1564.977
195.53	-1032.435
196.01	-853.079
196.48	-749.053
196.96	-625.269
197.43	-531.858
197.91	-481.267
198.38	-429.101
198.86	-360.743
199.33	-307.035
199.81	-293.858
200.28	-279.540
200.76	-249.571
201.23	-232.019
201.71	-213.504
202.18	-200.516
202.66	-181.964
203.13	-171.376
203.61	-166.070
204.08	-152.846
204.55	-144.363
205.03	-137.228
205.50	-135.434
205.98	-135.888
206.45	-132.321
206.93	-128.807
207.40	-126.833
207.88	-124.778
208.35	-122.185
208.82	-125.785
209.30	-127.791
209.77	-126.737
210.25	-124.472
210.72	-127.926
211.20	-128.781
211.67	-126.595
212.14	-125.604
212.62	-126.389
213.09	-125.129
213.57	-120.584
214.04	-120.093
214.52	-118.468
214.99	-115.408
215.46	-116.440
215.94	-118.003
216.41	-117.577
216.89	-117.929
217.36	-118.765
217.83	-118.313
218.31	-120.456
218.78	-115.591
219.25	-112.804
219.73	-113.939
220.20	-115.133
220.68	-110.278
221.15	-109.378
221.62	-107.788
222.10	-110.856
222.57	-107.385
223.04	-107.078
223.52	-111.403
223.99	-112.644
224.47	-113.204
224.94	-116.197
225.41	-115.823
225.89	-117.271
226.36	-120.033
226.83	-121.166
227.31	-124.210
227.78	-124.359
228.25	-122.537
228.73	-124.383
229.20	-122.933
229.67	-125.607
230.15	-123.668
230.62	-122.781
231.09	-127.682
231.57	-130.888
232.04	-128.264
232.51	-129.849
232.98	-130.244
233.46	-127.796
233.93	-127.444
234.40	-123.838
234.88	-124.046
235.35	-124.337
235.82	-120.707
236.30	-117.093
236.77	-115.824
237.24	-118.251
237.71	-115.941
238.19	-113.954
238.66	-113.414
239.13	-114.975
239.61	-113.711
240.08	-113.788
240.55	-113.940
241.02	-111.021
241.50	-108.306
241.97	-106.511
242.44	-106.577
242.91	-106.799
243.39	-108.582
243.86	-106.557
244.33	-106.851
244.80	-108.773
245.28	-108.319
245.75	-106.645
246.22	-108.213
246.69	-108.438
247.17	-107.209
247.64	-109.672
248.11	-110.488
248.58	-111.896
249.05	-113.116
249.53	-110.482
250.00	-110.964
250.47	-112.839
250.94	-115.981
251.42	-116.778
251.89	-114.104
252.36	-115.253
252.83	-115.034
253.30	-111.052
253.78	-110.852
254.25	-110.674
254.72	-110.860
255.19	-110.759
255.66	-108.669
256.13	-110.965
256.61	-109.423
257.08	-107.905
257.55	-107.254
258.02	-105.600
258.49	-107.658
258.97	-107.394
259.44	-106.551
259.91	-105.825
260.38	-104.767
260.85	-101.422
261.32	-100.883
261.79	-100.868
262.27	-102.866
262.74	-100.983
263.21	-100.440
263.68	-103.095
264.15	-106.745
264.62	-107.717
265.09	-109.366
265.57	-111.131
266.04	-111.714
266.51	-112.707
266.98	-112.324
267.45	-110.606
267.92	-112.356
268.39	-111.061
268.86	-110.521
269.34	-106.425
269.81	-107.947
270.28	-109.168
270.75	-105.542
271.22	-105.692
271.69	-103.740
272.16	-101.523
272.63	-101.163
273.10	-98.775
273.57	-99.781
274.05	-97.310
274.52	-92.668
274.99	-90.678
275.46	-89.569
275.93	-88.647
276.40	-89.319
276.87	-86.325
277.34	-87.742
277.81	-87.731
278.28	-86.743
278.75	-85.833
279.22	-87.059
279.69	-87.530
280.16	-86.673
280.63	-85.091
281.11	-87.079
281.58	-90.755
282.05	-88.999
282.52	-88.017
282.99	-88.855
283.46	-90.214
283.93	-89.282
284.40	-88.395
284.87	-87.565
285.34	-89.621
285.81	-89.567
286.28	-87.017
286.75	-84.698
287.22	-86.630
287.69	-86.697
288.16	-83.762
288.63	-83.493
289.10	-84.190
289.57	-82.453
290.04	-80.249
290.51	-81.430
290.98	-80.874
291.45	-79.212
291.92	-79.601
292.39	-80.823
292.86	-82.568
293.33	-79.934
293.80	-79.090
294.27	-79.052
294.74	-81.909
295.21	-79.741
295.68	-76.676
296.15	-78.480
296.62	-81.513
297.09	-80.265
297.56	-77.563
298.03	-76.260
298.49	-77.344
298.96	-77.789
299.43	-76.079
299.90	-78.374
300.37	-78.152
300.84	-78.095
301.31	-78.268
301.78	-76.208
302.25	-75.664
302.72	-73.971
303.19	-72.878
303.66	-70.537
304.13	-71.509
304.60	-71.774
305.07	-71.499
305.53	-69.689
306.00	-71.095
306.47	-71.478
306.94	-70.386
307.41	-69.998
307.88	-71.112
308.35	-71.461
308.82	-70.581
309.29	-69.224
309.76	-68.302
310.22	-68.581
310.69	-68.485
311.16	-67.222
311.63	-66.595
312.10	-68.361
312.57	-68.086
313.04	-65.850
313.51	-67.504
313.97	-67.160
314.44	-65.430
314.91	-64.986
315.38	-65.773
315.85	-63.968
316.32	-61.720
316.79	-59.125
317.25	-60.708
317.72	-61.644
318.19	-60.221
318.66	-58.909
319.13	-58.009
319.60	-59.939
320.07	-59.784
320.53	-55.816
321.00	-55.414
321.47	-56.119
321.94	-54.863
322.41	-53.579
322.87	-53.314
323.34	-54.776
323.81	-53.645
324.28	-51.801
324.75	-52.136
325.22	-52.216
325.68	-52.814
326.15	-52.339
326.62	-51.842
327.09	-51.499
327.56	-50.280
328.02	-48.620
328.49	-49.635
328.96	-50.844
329.43	-49.714
329.89	-49.711
330.36	-49.407
330.83	-49.900
331.30	-50.126
331.77	-48.249
332.23	-47.760
332.70	-47.930
333.17	-47.637
333.64	-47.683
334.10	-45.604
334.57	-44.800
335.04	-44.053
335.51	-42.134
335.97	-41.191
336.44	-40.441
336.91	-40.331
337.38	-40.226
337.84	-39.718
338.31	-38.631
338.78	-37.931
339.24	-35.822
339.71	-33.309
340.18	-32.195
340.65	-31.478
341.11	-29.887
341.58	-28.180
342.05	-28.174
342.52	-27.669
342.98	-26.006
343.45	-24.995
343.92	-24.747
344.38	-24.946
344.85	-24.518
345.32	-22.935
345.78	-22.938
346.25	-22.762
346.72	-21.570
347.18	-20.178
347.65	-19.550
348.12	-19.347
348.58	-18.524
349.05	-17.792
349.52	-17.958
349.99	-17.952
350.45	-17.580
350.92	-16.555
351.38	-16.213
351.85	-15.872
352.32	-15.362
352.78	-14.388
353.25	-13.686
353.72	-13.487
354.18	-12.830
354.65	-11.934
355.12	-11.680
355.58	-11.068
356.05	-10.590
356.52	-10.075
356.98	-9.826
357.45	-9.422
357.91	-8.875
358.38	-8.709
358.85	-8.099
359.31	-7.862
359.78	-7.597
360.25	-6.767
360.71	-6.710
361.18	-6.639
361.64	-6.344
362.11	-5.943
362.58	-5.775
363.04	-5.755
363.51	-5.396
363.97	-4.891
364.44	-4.673
364.91	-4.476
365.37	-4.394
365.84	-4.109
366.30	-3.823
366.77	-3.760
367.23	-3.667
367.70	-3.443
368.17	-3.134
368.63	-2.910
369.10	-2.761
369.56	-2.730
370.03	-2.507
370.49	-2.570
370.96	-2.572
371.42	-2.333
371.89	-2.106
372.36	-1.898
372.82	-1.773
373.29	-1.703
373.75	-1.479
374.22	-1.405
374.68	-1.246
375.15	-1.079
375.61	-0.946
376.08	-0.790
376.54	-0.713
377.01	-0.508
377.47	-0.256
377.94	-0.157
378.40	-0.172
378.87	-0.028
379.33	0.242
379.80	0.323
380.26	0.489
380.73	0.719
381.19	0.943
381.66	0.930
382.12	0.947
382.59	1.100
383.05	1.294
383.52	1.350
383.98	1.362
384.45	1.444
384.91	1.517
385.38	1.572
385.84	1.621
386.31	1.660
386.77	1.713
387.24	1.776
387.70	1.844
388.16	1.909
388.63	2.027
389.09	2.062
389.56	2.120
390.02	2.177
390.49	2.212
390.95	2.253
391.42	2.330
391.88	2.416
392.34	2.566
392.81	2.571
393.27	2.663
393.74	2.769
394.20	2.868
394.67	3.043
395.13	3.141
395.59	3.258
396.06	3.394
396.52	3.464
396.99	3.583
397.45	3.621
397.91	3.658
398.38	3.685
398.84	3.708
399.31	3.757
399.77	3.866
400.23	3.932
400.70	3.924
401.16	3.982
401.63	3.995
402.09	3.989
402.55	3.983
403.02	3.920
403.48	3.907
403.94	3.849
404.41	3.775
404.87	3.721
405.33	3.638
405.80	3.666
406.26	3.614
406.73	3.567
407.19	3.602
407.65	3.642
408.12	3.711
408.58	3.804
409.04	3.863
409.51	3.927
409.97	4.020
410.43	4.151
410.90	4.284
411.36	4.447
411.82	4.594
412.29	4.795
412.75	5.012
413.21	5.242
413.67	5.462
414.14	5.700
414.60	5.950
415.06	6.211
415.53	6.449
415.99	6.711
416.45	6.953
416.92	7.173
417.38	7.367
417.84	7.546
418.30	7.683
418.77	7.821
419.23	7.972
419.69	8.045
420.16	8.131
420.62	8.198
421.08	8.217
421.54	8.204
422.01	8.168
422.47	8.103
422.93	8.037
423.39	7.934
423.86	7.823
424.32	7.695
424.78	7.549
425.24	7.382
425.71	7.229
426.17	7.055
426.63	6.913
427.09	6.753
427.56	6.585
428.02	6.445
428.48	6.307
428.94	6.144
429.41	5.962
429.87	5.821
430.33	5.802
430.79	5.832
431.25	5.917
431.72	6.047
432.18	6.210
432.64	6.403
433.10	6.648
433.56	6.899
434.03	7.205
434.49	7.539
434.95	7.885
435.41	8.255
435.87	8.632
436.34	9.038
436.80	9.477
437.26	9.940
437.72	10.400
438.18	10.855
438.64	11.345
439.11	11.870
439.57	12.344
440.03	12.739
440.49	13.091
440.95	13.422
441.41	13.706
441.88	13.958
442.34	14.200
442.80	14.408
443.26	14.569
443.72	14.704
444.18	14.785
444.64	14.822
445.11	14.836
445.57	14.810
446.03	14.746
446.49	14.667
446.95	14.526
447.41	14.366
447.87	14.183
448.33	13.978
448.79	13.747
449.26	13.499
449.72	13.251
450.18	13.015
450.64	12.764
451.10	12.516
451.56	12.281
452.02	12.046
452.48	11.824
452.94	11.616
453.40	11.436
453.87	11.297
454.33	11.184
454.79	11.105
455.25	11.057
455.71	11.036
456.17	11.055
456.63	11.135
457.09	11.254
457.55	11.423
458.01	11.614
458.47	11.860
458.93	12.149
459.39	12.477
459.85	12.825
460.31	13.207
460.77	13.622
461.24	14.065
461.70	14.531
462.16	15.021
462.62	15.542
463.08	16.057
463.54	16.585
464.00	17.122
464.46	17.650
464.92	18.182
465.38	18.694
465.84	19.189
466.30	19.664
466.76	20.128
467.22	20.560
467.68	20.963
468.14	21.341
468.60	21.693
469.06	22.002
469.52	22.279
469.98	22.511
470.44	22.710
470.90	22.870
471.36	22.980
471.82	23.056
472.28	23.093
472.74	23.089
473.20	23.044
473.66	22.961
474.12	22.843
474.58	22.681
475.04	22.497
475.50	22.280
475.95	22.030
476.41	21.758
476.87	21.466
477.33	21.155
477.79	20.835
478.25	20.507
478.71	20.166
479.17	19.823
479.63	19.484
480.09	19.149
480.55	18.814
481.01	18.497
481.47	18.194
481.93	17.913
482.39	17.653
482.84	17.421
483.30	17.221
483.76	17.054
484.22	16.921
484.68	16.821
485.14	16.762
485.60	16.748
486.06	16.763
486.52	16.821
486.98	16.922
487.44	17.060
487.89	17.236
488.35	17.456
488.81	17.711
489.27	18.010
489.73	18.333
490.19	18.706
490.65	19.109
491.11	19.545
491.56	20.008
492.02	20.485
492.48	20.983
492.94	21.500
493.40	22.022
493.86	22.553
494.32	23.093
494.77	23.634
495.23	24.180
495.69	24.724
496.15	25.262
496.61	25.795
497.07	26.314
497.52	26.816
497.98	27.304
498.44	27.778
498.90	28.226
499.36	28.656
499.82	29.048
500.27	29.415
500.73	29.744
501.19	30.038
501.65	30.304
502.11	30.545
502.56	30.758
503.02	30.930
503.48	31.071
503.94	31.184
504.40	31.263
504.85	31.302
505.31	31.309
505.77	31.283
506.23	31.222
506.69	31.125
507.14	31.000
507.60	30.847
508.06	30.660
508.52	30.444
508.97	30.195
509.43	29.931
509.89	29.640
510.35	29.334
510.80	29.012
511.26	28.684
511.72	28.337
512.18	27.968
512.63	27.599
513.09	27.225
513.55	26.846
514.01	26.462
514.46	26.084
514.92	25.711
515.38	25.341
515.84	24.990
516.29	24.658
516.75	24.337
517.21	24.033
517.66	23.741
518.12	23.477
518.58	23.249
519.04	23.044
519.49	22.871
519.95	22.726
520.41	22.612
520.86	22.531
521.32	22.480
521.78	22.472
522.23	22.494
522.69	22.553
523.15	22.655
523.61	22.791
524.06	22.959
524.52	23.165
524.98	23.405
525.43	23.676
525.89	23.971
526.35	24.295
526.80	24.650
527.26	25.033
527.72	25.441
528.17	25.865
528.63	26.310
529.09	26.770
529.54	27.246
530.00	27.738
530.45	28.237
530.91	28.743
531.37	29.252
531.82	29.765
532.28	30.279
532.74	30.778
533.19	31.281
533.65	31.769
534.10	32.247
534.56	32.707
535.02	33.147
535.47	33.582
535.93	33.999
536.39	34.396
536.84	34.783
537.30	35.147
537.75	35.487
538.21	35.795
538.67	36.081
539.12	36.351
539.58	36.594
540.03	36.814
540.49	37.015
540.94	37.192
541.40	37.336
541.86	37.449
542.31	37.537
542.77	37.598
543.22	37.639
543.68	37.658
544.13	37.652
544.59	37.629
545.05	37.568
545.50	37.490
545.96	37.379
546.41	37.241
546.87	37.087
547.32	36.901
547.78	36.700
548.23	36.481
548.69	36.237
549.14	35.969
549.60	35.683
550.06	35.377
550.51	35.054
550.97	34.728
551.42	34.384
551.88	34.034
552.33	33.667
552.79	33.294
553.24	32.913
553.70	32.539
554.15	32.157
554.61	31.782
555.06	31.404
555.52	31.036
555.97	30.676
556.43	30.316
556.88	29.975
557.34	29.649
557.79	29.335
558.25	29.040
558.70	28.765
559.15	28.506
559.61	28.274
560.06	28.061
560.52	27.867
560.97	27.708
561.43	27.570
561.88	27.469
562.34	27.388
562.79	27.331
563.25	27.307
563.70	27.307
564.16	27.340
564.61	27.404
565.06	27.498
565.52	27.617
565.97	27.767
566.43	27.947
566.88	28.154
567.34	28.387
567.79	28.641
568.24	28.924
568.70	29.232
569.15	29.549
569.61	29.889
570.06	30.251
570.51	30.634
570.97	31.038
571.42	31.451
571.88	31.890
572.33	32.332
572.78	32.782
573.24	33.248
573.69	33.713
574.15	34.189
574.60	34.660
575.05	35.140
575.51	35.623
575.96	36.111
576.42	36.608
576.87	37.092
577.32	37.582
577.78	38.057
578.23	38.531
578.68	39.004
579.14	39.464
579.59	39.908
580.04	40.335
580.50	40.744
580.95	41.143
581.40	41.524
581.86	41.896
582.31	42.251
582.76	42.597
583.22	42.926
583.67	43.233
584.12	43.528
584.58	43.794
585.03	44.035
585.48	44.244
585.94	44.419
586.39	44.572
586.84	44.712
587.30	44.845
587.75	44.941
588.20	45.021
588.66	45.082
589.11	45.116
589.56	45.134
590.01	45.134
590.47	45.109
590.92	45.064
591.37	44.999
591.83	44.907
592.28	44.790
592.73	44.653
593.18	44.499
593.64	44.325
594.09	44.132
594.54	43.934
594.99	43.727
595.45	43.503
595.90	43.261
596.35	42.992
596.80	42.702
597.26	42.405
597.71	42.088
598.16	41.760
598.61	41.430
599.07	41.085
599.52	40.720
599.97	40.353
600.42	39.974
600.88	39.590
601.33	39.201
601.78	38.815
602.23	38.418
602.69	38.016
603.14	37.615
603.59	37.213
604.04	36.811
604.49	36.403
604.95	35.998
605.40	35.615
605.85	35.242
606.30	34.874
606.75	34.517
607.21	34.179
607.66	33.847
608.11	33.528
608.56	33.220
609.01	32.938
609.46	32.663
609.92	32.411
610.37	32.178
610.82	31.967
611.27	31.774
611.72	31.606
612.17	31.465
612.63	31.338
613.08	31.233
613.53	31.148
613.98	31.101
614.43	31.079
614.88	31.071
615.34	31.080
615.79	31.108
616.24	31.159
616.69	31.229
617.14	31.326
617.59	31.439
618.04	31.577
618.49	31.739
618.95	31.918
619.40	32.114
619.85	32.335
620.30	32.570
620.75	32.812
621.20	33.078
621.65	33.353
622.10	33.649
622.55	33.959
623.00	34.283
623.46	34.615
623.91	34.950
624.36	35.299
624.81	35.654
625.26	36.023
625.71	36.395
626.16	36.780
626.61	37.170
627.06	37.568
627.51	37.972
627.96	38.369
628.41	38.768
628.86	39.166
629.32	39.562
629.77	39.957
630.22	40.353
630.67	40.746
631.12	41.140
631.57	41.534
632.02	41.925
632.47	42.300
632.92	42.669
633.37	43.043
633.82	43.404
634.27	43.755
634.72	44.097
635.17	44.427
635.62	44.743
636.07	45.051
636.52	45.340
636.97	45.615
637.42	45.877
637.87	46.133
638.32	46.371
638.77	46.603
639.22	46.824
639.67	47.025
640.12	47.214
640.57	47.381
641.02	47.529
641.47	47.662
641.92	47.785
642.37	47.888
642.82	47.959
643.27	48.014
643.72	48.064
644.17	48.097
644.62	48.117
645.07	48.114
645.52	48.098
645.97	48.076
646.42	48.035
646.87	47.984
647.32	47.939
647.77	47.891
648.22	47.819
648.66	47.721
649.11	47.601
649.56	47.464
650.01	47.318
650.46	47.164
650.91	47.005
651.36	46.821
651.81	46.626
652.26	46.436
652.71	46.225
653.16	45.999
653.61	45.761
654.06	45.510
654.50	45.255
654.95	44.982
655.40	44.699
655.85	44.411
656.30	44.114
656.75	43.789
657.20	43.450
657.65	43.107
658.10	42.760
658.55	42.429
658.99	42.102
659.44	41.767
659.89	41.429
660.34	41.076
660.79	40.727
661.24	40.379
661.69	40.034
662.13	39.694
662.58	39.344
663.03	39.004
663.48	38.666
663.93	38.330
664.38	37.996
664.83	37.671
665.27	37.344
665.72	37.016
666.17	36.700
666.62	36.394
667.07	36.094
667.52	35.811
667.96	35.511
668.41	35.212
668.86	34.932
669.31	34.661
669.76	34.411
670.21	34.172
670.65	33.943
671.10	33.720
671.55	33.515
672.00	33.331
672.45	33.156
672.89	32.996
673.34	32.845
673.79	32.711
674.24	32.581
674.68	32.472
675.13	32.382
675.58	32.309
676.03	32.248
676.48	32.194
676.92	32.151
677.37	32.138
677.82	32.144
678.27	32.154
678.71	32.170
679.16	32.206
679.61	32.258
680.06	32.327
680.50	32.406
680.95	32.508
681.40	32.619
681.85	32.732
682.29	32.859
682.74	33.006
683.19	33.165
683.64	33.336
684.08	33.523
684.53	33.721
684.98	33.933
685.43	34.159
685.87	34.393
686.32	34.639
686.77	34.880
687.21	35.120
687.66	35.389
688.11	35.669
688.55	35.945
689.00	36.224
689.45	36.520
689.90	36.830
690.34	37.132
690.79	37.436
691.24	37.753
691.68	38.075
692.13	38.385
692.58	38.693
693.02	39.017
693.47	39.336
693.92	39.648
694.36	39.944
694.81	40.260
695.26	40.570
695.70	40.870
696.15	41.177
696.60	41.494
697.04	41.798
697.49	42.090
697.94	42.367
698.38	42.660
698.83	42.946
699.27	43.224
699.72	43.483
700.17	43.749
700.61	44.007
701.06	44.259
701.51	44.519
701.95	44.776
702.40	45.030
702.84	45.267
703.29	45.500
703.74	45.731
704.18	45.944
704.63	46.154
705.07	46.361
705.52	46.564
705.97	46.747
706.41	46.913
706.86	47.073
707.30	47.249
707.75	47.411
708.20	47.554
708.64	47.675
709.09	47.788
709.53	47.886
709.98	47.992
710.42	48.075
710.87	48.126
711.32	48.176
711.76	48.201
712.21	48.229
712.65	48.255
713.10	48.277
713.54	48.280
713.99	48.281
714.43	48.269
714.88	48.227
715.33	48.172
715.77	48.131
716.22	48.087
716.66	48.019
717.11	47.937
717.55	47.859
718.00	47.773
718.44	47.684
718.89	47.575
719.33	47.466
719.78	47.360
720.22	47.254
720.67	47.137
721.11	47.019
721.56	46.892
722.00	46.743
722.45	46.576
722.89	46.410
723.34	46.233
723.78	46.075
724.23	45.917
724.67	45.750
725.12	45.564
725.56	45.365
726.01	45.161
726.45	44.952
726.90	44.716
727.34	44.483
727.78	44.264
728.23	44.037
728.67	43.781
729.12	43.518
729.56	43.260
730.01	42.990
730.45	42.707
730.90	42.412
731.34	42.143
731.79	41.877
732.23	41.595
732.67	41.302
733.12	40.987
733.56	40.705
734.01	40.432
734.45	40.132
734.89	39.849
735.34	39.587
735.78	39.327
736.23	39.059
736.67	38.780
737.12	38.498
737.56	38.230
738.00	37.963
738.45	37.706
738.89	37.453
739.34	37.227
739.78	37.019
740.22	36.803
740.67	36.567
741.11	36.333
741.55	36.112
742.00	35.899
742.44	35.684
742.89	35.457
743.33	35.245
743.77	35.062
744.22	34.882
744.66	34.677
745.10	34.475
745.55	34.281
745.99	34.120
746.43	33.968
746.88	33.813
747.32	33.655
747.76	33.518
748.21	33.410
748.65	33.277
749.09	33.136
749.54	33.002
749.98	32.902
750.42	32.820
750.87	32.728
751.31	32.642
751.75	32.591
752.20	32.559
752.64	32.534
753.08	32.500
753.53	32.463
753.97	32.457
754.41	32.453
754.85	32.475
755.30	32.493
755.74	32.515
756.18	32.572
756.63	32.660
757.07	32.748
757.51	32.806
757.95	32.887
758.40	32.994
758.84	33.112
759.28	33.225
759.72	33.335
760.17	33.463
760.61	33.618
761.05	33.763
761.50	33.897
761.94	34.029
762.38	34.168
762.82	34.343
763.26	34.518
763.71	34.699
764.15	34.870
764.59	35.043
765.03	35.213
765.48	35.375
765.92	35.535
766.36	35.692
766.80	35.877
767.25	36.070
767.69	36.267
768.13	36.486
768.57	36.712
769.01	36.943
769.46	37.175
769.90	37.397
770.34	37.617
770.78	37.848
771.22	38.102
771.67	38.379
772.11	38.641
772.55	38.892
772.99	39.128
773.43	39.366
773.87	39.628
774.32	39.900
774.76	40.165
775.20	40.417
775.64	40.679
776.08	40.960
776.52	41.230
776.97	41.486
777.41	41.724
777.85	41.955
778.29	42.200
778.73	42.458
779.17	42.722
779.62	42.977
780.06	43.229
780.50	43.468
780.94	43.701
781.38	43.923
781.82	44.143
782.26	44.391
782.70	44.637
783.15	44.871
783.59	45.098
784.03	45.322
784.47	45.547
784.91	45.747
785.35	45.932
785.79	46.113
786.23	46.295
786.67	46.470
787.11	46.637
787.56	46.794
788.00	46.945
788.44	47.090
788.88	47.248
789.32	47.402
789.76	47.548
790.20	47.689
790.64	47.837
791.08	47.988
791.52	48.111
791.96	48.214
792.40	48.321
792.84	48.446
793.28	48.576
793.73	48.701
794.17	48.820
794.61	48.922
795.05	49.041
795.49	49.124
795.93	49.200
796.37	49.266
796.81	49.321
797.25	49.392
797.69	49.434
798.13	49.460
798.57	49.478
799.01	49.494
799.45	49.480
799.89	49.448
800.33	49.420
800.77	49.415
801.21	49.420
801.65	49.394
802.09	49.339
802.53	49.273
802.97	49.203
803.41	49.151
803.85	49.108
804.29	49.043
804.73	49.009
805.17	48.960
805.61	48.895
806.05	48.831
806.49	48.722
806.93	48.641
807.37	48.565
807.81	48.508
808.25	48.422
808.69	48.326
809.13	48.229
809.57	48.118
810.01	48.000
810.44	47.864
810.88	47.737
811.32	47.612
811.76	47.478
812.20	47.333
812.64	47.186
813.08	47.019
813.52	46.837
813.96	46.639
814.40	46.464
814.84	46.312
815.28	46.148
815.72	45.994
816.16	45.818
816.59	45.640
817.03	45.441
817.47	45.264
817.91	45.109
818.35	44.951
818.79	44.787
819.23	44.612
819.67	44.441
820.11	44.264
820.54	44.062
820.98	43.855
821.42	43.657
821.86	43.440
822.30	43.215
822.74	43.017
823.18	42.821
823.62	42.605
824.05	42.378
824.49	42.171
824.93	41.967
825.37	41.771
825.81	41.567
826.25	41.341
826.69	41.087
827.12	40.816
827.56	40.558
828.00	40.319
828.44	40.085
828.88	39.849
829.32	39.600
829.75	39.374
830.19	39.156
830.63	38.927
831.07	38.705
831.51	38.484
831.94	38.245
832.38	38.020
832.82	37.812
833.26	37.623
833.70	37.429
834.13	37.225
834.57	37.007
835.01	36.798
835.45	36.613
835.89	36.457
836.32	36.297
836.76	36.125
837.20	35.934
837.64	35.754
838.08	35.596
838.51	35.465
838.95	35.334
839.39	35.207
839.83	35.079
840.26	34.963
840.70	34.866
841.14	34.768
841.58	34.663
842.01	34.565
842.45	34.464
842.89	34.355
843.33	34.241
843.76	34.152
844.20	34.073
844.64	33.994
845.08	33.903
845.51	33.823
845.95	33.759
846.39	33.708
846.82	33.641
847.26	33.571
847.70	33.484
848.14	33.409
848.57	33.352
849.01	33.306
849.45	33.254
849.88	33.205
850.32	33.163
850.76	33.142
851.19	33.133
851.63	33.117
852.07	33.122
852.50	33.136
852.94	33.123
853.38	33.111
853.81	33.108
854.25	33.124
854.69	33.161
855.12	33.207
855.56	33.254
856.00	33.312
856.43	33.389
856.87	33.476
857.31	33.569
857.74	33.654
858.18	33.733
858.62	33.819
859.05	33.898
859.49	33.985
859.93	34.065
860.36	34.151
860.80	34.245
861.24	34.330
861.67	34.420
862.11	34.529
862.54	34.640
862.98	34.765
863.42	34.902
863.85	35.047
864.29	35.171
864.72	35.312
865.16	35.454
865.60	35.593
866.03	35.735
866.47	35.860
866.90	35.989
867.34	36.147
867.78	36.327
868.21	36.523
868.65	36.738
869.08	36.953
869.52	37.142
869.95	37.319
870.39	37.505
870.83	37.706
871.26	37.935
871.70	38.174
872.13	38.392
872.57	38.602
873.00	38.798
873.44	38.986
873.87	39.171
874.31	39.360
874.75	39.543
875.18	39.732
875.62	39.930
876.05	40.135
876.49	40.352
876.92	40.578
877.36	40.814
877.79	41.025
878.23	41.224
878.66	41.439
879.10	41.669
879.53	41.905
879.97	42.135
880.40	42.321
880.84	42.518
881.27	42.706
881.71	42.887
882.14	43.073
882.58	43.274
883.01	43.485
883.45	43.703
883.88	43.907
884.32	44.094
884.75	44.294
885.19	44.501
885.62	44.704
886.06	44.894
886.49	45.091
886.92	45.291
887.36	45.484
887.79	45.672
888.23	45.864
888.66	46.027
889.10	46.181
889.53	46.346
889.97	46.502
890.40	46.664
890.83	46.809
891.27	46.961
891.70	47.126
892.14	47.289
892.57	47.463
893.01	47.662
893.44	47.861
893.87	48.037
894.31	48.216
894.74	48.367
895.18	48.500
895.61	48.594
896.04	48.676
896.48	48.742
896.91	48.819
897.35	48.881
897.78	48.948
898.21	49.043
898.65	49.150
899.08	49.252
899.52	49.365
899.95	49.478
900.38	49.607
900.82	49.740
901.25	49.861
901.68	49.975
902.12	50.076
902.55	50.176
902.99	50.322
903.42	50.418
903.85	50.525
904.29	50.634
904.72	50.733
905.15	50.837
905.59	50.944
906.02	51.070
906.45	51.197
906.89	51.304
907.32	51.405
907.75	51.519
908.19	51.588
908.62	51.654
909.05	51.704
909.49	51.706
909.92	51.715
910.35	51.695
910.78	51.645
911.22	51.571
911.65	51.521
912.08	51.441
912.52	51.405
912.95	51.375
913.38	51.319
913.82	51.267
914.25	51.245
914.68	51.224
915.11	51.187
915.55	51.129
915.98	51.097
916.41	51.040
916.84	50.957
917.28	50.897
917.71	50.841
918.14	50.800
918.58	50.760
919.01	50.688
919.44	50.617
919.87	50.573
920.31	50.579
920.74	50.544
921.17	50.466
921.60	50.380
922.03	50.281
922.47	50.187
922.90	50.073
923.33	49.942
923.76	49.841
924.20	49.697
924.63	49.595
925.06	49.473
925.49	49.332
925.92	49.192
926.36	49.065
926.79	48.937
927.22	48.831
927.65	48.696
928.08	48.578
928.52	48.457
928.95	48.306
929.38	48.137
929.81	47.967
930.24	47.845
930.68	47.696
931.11	47.519
931.54	47.371
931.97	47.259
932.40	47.143
932.83	47.015
933.27	46.871
933.70	46.690
934.13	46.544
934.56	46.408
934.99	46.256
935.42	46.102
935.85	45.913
936.29	45.724
936.72	45.561
937.15	45.408
937.58	45.267
938.01	45.114
938.44	44.941
938.87	44.763
939.31	44.573
939.74	44.417
940.17	44.260
940.60	44.084
941.03	43.900
941.46	43.695
941.89	43.500
942.32	43.334
942.75	43.150
943.18	42.972
943.62	42.747
944.05	42.517
944.48	42.288
944.91	42.070
945.34	41.865
945.77	41.630
946.20	41.405
946.63	41.193
947.06	40.981
947.49	40.758
947.92	40.565
948.35	40.326
948.78	40.072
949.22	39.825
949.65	39.583
950.08	39.345
950.51	39.116
950.94	38.865
951.37	38.609
951.80	38.398
952.23	38.189
952.66	38.036
953.09	37.905
953.52	37.763
953.95	37.612
954.38	37.443
954.81	37.288
955.24	37.104
955.67	36.911
956.10	36.729
956.53	36.575
956.96	36.444
957.39	36.315
957.82	36.166
958.25	36.042
958.68	35.885
959.11	35.746
959.54	35.577
959.97	35.429
960.40	35.366
960.83	35.240
961.26	35.108
961.69	34.951
962.12	34.769
962.55	34.564
962.98	34.350
963.41	34.179
963.84	34.085
964.27	33.933
964.70	33.786
965.13	33.667
965.56	33.510
965.99	33.383
966.42	33.209
966.84	33.072
967.27	32.953
967.70	32.866
968.13	32.734
968.56	32.630
968.99	32.546
969.42	32.392
969.85	32.263
970.28	32.086
970.71	31.977
971.14	31.891
971.57	31.820
972.00	31.768
972.42	31.645
972.85	31.491
973.28	31.380
973.71	31.270
974.14	31.158
974.57	31.085
975.00	30.924
975.43	30.852
975.86	30.820
976.28	30.732
976.71	30.610
977.14	30.507
977.57	30.460
978.00	30.353
978.43	30.308
978.86	30.230
979.29	30.206
979.71	30.190
980.14	30.089
980.57	30.009
981.00	29.958
981.43	29.966
981.86	29.919
982.28	29.887
982.71	29.865
983.14	29.845
983.57	29.762
984.00	29.764
984.43	29.778
984.85	29.710
985.28	29.758
985.71	29.770
986.14	29.807
986.57	29.855
986.99	29.843
987.42	29.787
987.85	29.806
988.28	29.809
988.71	29.770
989.13	29.806
989.56	29.816
989.99	29.907
990.42	29.867
990.85	29.932
991.27	29.956
991.70	29.941
992.13	29.943
992.56	29.953
992.98	29.965
993.41	30.042
993.84	30.088
994.27	30.074
994.70	30.112
995.12	30.146
995.55	30.170
995.98	30.238
996.41	30.322
996.83	30.465
997.26	30.536
997.69	30.647
998.11	30.659
998.54	30.795
998.97	30.826
999.40	30.880
999.82	30.959
1000.25	31.121
1000.68	31.267
1001.11	31.346
1001.53	31.452
1001.96	31.526
1002.39	31.613
1002.81	31.646
1003.24	31.708
1003.67	31.832
1004.09	31.886
1004.52	31.955
1004.95	31.957
1005.38	31.984
1005.80	32.058
1006.23	32.110
1006.66	32.156
1007.08	32.358
1007.51	32.388
1007.94	32.433
1008.36	32.511
1008.79	32.539
1009.22	32.569
1009.64	32.565
1010.07	32.635
1010.50	32.756
1010.92	32.842
1011.35	32.884
1011.77	32.964
1012.20	32.964
1012.63	33.079
1013.05	33.136
1013.48	33.177
1013.91	33.302
1014.33	33.346
1014.76	33.346
1015.19	33.310
1015.61	33.217
1016.04	33.266
1016.46	33.259
1016.89	33.333
1017.32	33.426
1017.74	33.490
1018.17	33.506
1018.59	33.526
1019.02	33.559
1019.45	33.696
1019.87	33.664
1020.30	33.676
1020.72	33.849
1021.15	33.959
1021.58	34.022
1022.00	34.043
1022.43	34.090
1022.85	34.242
1023.28	34.253
1023.70	34.231
1024.13	34.363
1024.55	34.434
1024.98	34.450
1025.41	34.356
1025.83	34.256
1026.26	34.342
1026.68	34.413
1027.11	34.365
1027.53	34.298
1027.96	34.250
1028.38	34.236
1028.81	34.252
1029.23	34.168
1029.66	34.109
1030.08	34.114
1030.51	33.941
1030.94	33.968
1031.36	33.755
1031.79	33.734
1032.21	33.757
1032.64	33.802
1033.06	33.853
1033.49	33.873
1033.91	33.803
1034.34	33.853
1034.76	33.914
1035.19	33.916
1035.61	33.638
1036.03	33.593
1036.46	33.697
1036.88	33.608
1037.31	33.303
1037.73	33.139
1038.16	33.084
1038.58	33.004
1039.01	32.711
1039.43	32.769
1039.86	32.788
1040.28	32.749
1040.71	32.729
1041.13	32.785
1041.55	32.446
1041.98	32.489
1042.40	32.332
1042.83	32.124
1043.25	31.973
1043.68	31.746
1044.10	31.572
1044.52	31.540
1044.95	31.435
1045.37	31.339
1045.80	31.167
1046.22	31.144
1046.65	31.217
1047.07	30.980
1047.49	30.759
1047.92	30.659
1048.34	30.396
1048.77	30.403
1049.19	30.026
1049.61	29.411
1050.04	29.158
1050.46	29.101
1050.89	28.772
1051.31	28.338
1051.73	28.134
1052.16	28.326
1052.58	27.831
1053.00	27.408
1053.43	27.279
1053.85	27.054
1054.27	26.962
1054.70	26.723
1055.12	26.487
1055.55	26.204
1055.97	25.807
1056.39	25.527
1056.82	25.354
1057.24	25.095
1057.66	24.749
1058.09	24.340
1058.51	24.223
1058.93	24.019
1059.36	23.558
1059.78	22.923
1060.20	22.608
1060.62	22.156
1061.05	21.590
1061.47	21.154
1061.89	20.885
1062.32	20.558
1062.74	19.947
1063.16	19.356
1063.59	18.887
1064.01	18.434
1064.43	18.227
1064.85	17.819
1065.28	17.530
1065.70	17.325
1066.12	16.346
1066.55	15.612
1066.97	15.516
1067.39	14.860
1067.81	13.935
1068.24	13.256
1068.66	13.173
1069.08	12.839
1069.50	11.760
1069.93	10.879
1070.35	10.680
1070.77	9.837
1071.19	9.041
1071.62	8.167
1072.04	7.600
1072.46	6.904
1072.88	5.880
1073.31	4.984
1073.73	4.211
1074.15	2.785
1074.57	1.914
1075.00	0.871
1075.42	-0.735
1075.84	-1.778
1076.26	-2.929
1076.68	-2.908
1077.11	-3.873
1077.53	-5.855
1077.95	-6.705
1078.37	-8.344
1078.79	-9.629
1079.22	-10.662
1079.64	-12.432
1080.06	-13.598
1080.48	-15.154
1080.90	-17.550
1081.32	-18.325
1081.75	-20.768
1082.17	-23.141
1082.59	-25.187
1083.01	-26.421
1083.43	-28.680
1083.85	-29.751
1084.28	-31.735
1084.70	-33.219
1085.12	-35.093
1085.54	-39.322
1085.96	-41.138
1086.38	-43.147
1086.80	-43.955
1087.23	-44.591
1087.65	-45.409
1088.07	-46.890
1088.49	-48.769
1088.91	-52.447
1089.33	-54.187
1089.75	-56.871
1090.17	-58.412
1090.60	-61.307
1091.02	-64.384
1091.44	-64.983
1091.86	-68.787
1092.28	-72.578
1092.70	-76.212
1093.12	-79.728
1093.54	-83.440
1093.96	-87.147
1094.38	-89.134
1094.81	-93.246
1095.23	-97.147
1095.65	-102.826
1096.07	-104.138
1096.49	-111.935
1096.91	-115.836
1097.33	-120.440
1097.75	-125.019
1098.17	-126.994
1098.59	-129.557
1099.01	-133.793
1099.43	-135.249
1099.85	-143.474
1100.27	-150.122
1100.69	-153.263
1101.11	-154.221
1101.53	-157.734
1101.95	-161.563
1102.38	-90.902
1102.80	-247.119
1103.22	-117.733
1103.64	-178.858
1104.06	-377.184
1104.48	-180.884
1104.90	-254.110
1105.32	-156.207
1105.74	-158.873
1106.16	-300.480
