188.40	-151.920
188.88	-278.590
189.35	267.409
189.83	1207.826
190.30	-1586.275
190.78	-261.058
191.26	-331.884
191.73	1007.547
192.21	-1613.043
192.68	-223.092
193.16	-946.896
193.63	-1116.990
194.11	-1188.492
194.58	-1102.276
195.06	-904.767
195.53	-583.480
196.01	-468.065
196.48	-406.742
196.96	-336.623
197.43	-284.795
197.91	-251.414
198.38	-222.907
198.86	-184.318
199.33	-152.099
199.81	-143.745
200.28	-137.789
200.76	-123.888
201.23	-113.975
201.71	-98.868
202.18	-93.098
202.66	-85.111
203.13	-81.841
203.61	-76.961
204.08	-70.448
204.55	-65.799
205.03	-60.914
205.50	-59.529
205.98	-62.125
206.45	-61.671
206.93	-60.629
207.40	-59.213
207.88	-58.381
208.35	-58.603
208.82	-61.029
209.30	-61.196
209.77	-58.972
210.25	-58.823
210.72	-59.079
211.20	-58.644
211.67	-57.946
212.14	-59.178
212.62	-55.692
213.09	-51.965
213.57	-49.539
214.04	-48.651
214.52	-49.104
214.99	-46.259
215.46	-45.699
215.94	-46.778
216.41	-45.268
216.89	-43.038
217.36	-40.907
217.83	-43.154
218.31	-44.554
218.78	-41.462
219.25	-41.818
219.73	-44.191
220.20	-45.644
220.68	-43.218
221.15	-42.472
221.62	-42.505
222.10	-42.911
222.57	-43.445
223.04	-44.375
223.52	-47.075
223.99	-49.332
224.47	-47.684
224.94	-49.621
225.41	-50.302
225.89	-48.771
226.36	-49.406
226.83	-51.181
227.31	-55.651
227.78	-54.473
228.25	-53.380
228.73	-53.928
229.20	-53.523
229.67	-54.397
230.15	-53.193
230.62	-52.532
231.09	-56.312
231.57	-58.176
232.04	-56.360
232.51	-55.598
232.98	-56.939
233.46	-57.071
233.93	-55.406
234.40	-54.636
234.88	-53.556
235.35	-54.925
235.82	-54.960
236.30	-52.355
236.77	-52.247
237.24	-53.921
237.71	-52.859
238.19	-50.396
238.66	-49.873
239.13	-51.114
239.61	-50.719
240.08	-48.170
240.55	-48.562
241.02	-47.592
241.50	-46.534
241.97	-44.869
242.44	-45.421
242.91	-44.962
243.39	-43.996
243.86	-43.713
244.33	-44.515
244.80	-46.615
245.28	-46.726
245.75	-43.343
246.22	-44.514
246.69	-44.573
247.17	-42.626
247.64	-41.779
248.11	-42.809
248.58	-43.893
249.05	-43.066
249.53	-40.870
250.00	-41.302
250.47	-41.714
250.94	-44.581
251.42	-43.106
251.89	-41.087
252.36	-41.149
252.83	-41.991
253.30	-40.298
253.78	-38.550
254.25	-39.021
254.72	-39.805
255.19	-39.937
255.66	-41.019
256.13	-41.525
256.61	-41.854
257.08	-40.500
257.55	-40.692
258.02	-41.301
258.49	-42.867
258.97	-43.400
259.44	-44.171
259.91	-45.883
260.38	-46.554
260.85	-42.329
261.32	-43.280
261.79	-45.362
262.27	-46.376
262.74	-43.510
263.21	-42.349
263.68	-44.653
264.15	-45.116
264.62	-46.151
265.09	-44.743
265.57	-45.459
266.04	-46.165
266.51	-45.615
266.98	-45.707
267.45	-45.071
267.92	-44.302
268.39	-44.252
268.86	-41.929
269.34	-40.159
269.81	-40.039
270.28	-40.739
270.75	-37.388
271.22	-36.698
271.69	-35.150
272.16	-34.375
272.63	-32.674
273.10	-32.790
273.57	-32.811
274.05	-32.189
274.52	-28.131
274.99	-28.237
275.46	-28.736
275.93	-28.456
276.40	-27.674
276.87	-26.982
277.34	-28.713
277.81	-30.223
278.28	-29.664
278.75	-31.884
279.22	-32.860
279.69	-33.747
280.16	-31.769
280.63	-33.490
281.11	-35.273
281.58	-36.782
282.05	-35.229
282.52	-36.853
282.99	-36.596
283.46	-37.413
283.93	-36.364
284.40	-37.068
284.87	-36.949
285.34	-36.923
285.81	-37.738
286.28	-37.054
286.75	-36.727
287.22	-37.747
287.69	-35.962
288.16	-31.939
288.63	-30.634
289.10	-31.084
289.57	-29.556
290.04	-27.896
290.51	-27.528
290.98	-27.235
291.45	-26.527
291.92	-27.029
292.39	-27.393
292.86	-29.802
293.33	-28.332
293.80	-27.553
294.27	-28.413
294.74	-29.914
295.21	-28.065
295.68	-26.712
296.15	-27.814
296.62	-28.843
297.09	-26.563
297.56	-26.089
298.03	-26.688
298.49	-27.314
298.96	-26.222
299.43	-24.531
299.90	-25.385
300.37	-25.406
300.84	-26.270
301.31	-24.617
301.78	-23.547
302.25	-24.073
302.72	-22.250
303.19	-21.191
303.66	-19.200
304.13	-18.822
304.60	-18.074
305.07	-17.530
305.53	-16.251
306.00	-16.853
306.47	-16.261
306.94	-16.341
307.41	-15.673
307.88	-17.409
308.35	-17.219
308.82	-18.090
309.29	-18.898
309.76	-18.841
310.22	-18.275
310.69	-17.138
311.16	-17.253
311.63	-17.564
312.10	-18.069
312.57	-17.996
313.04	-18.579
313.51	-19.953
313.97	-20.605
314.44	-19.739
314.91	-19.781
315.38	-20.767
315.85	-19.663
316.32	-18.809
316.79	-18.071
317.25	-18.627
317.72	-18.266
318.19	-18.590
318.66	-17.336
319.13	-16.802
319.60	-18.500
320.07	-18.783
320.53	-16.898
321.00	-17.062
321.47	-16.891
321.94	-15.792
322.41	-15.405
322.87	-14.721
323.34	-15.292
323.81	-14.072
324.28	-14.095
324.75	-14.729
325.22	-14.616
325.68	-15.885
326.15	-15.442
326.62	-15.149
327.09	-14.456
327.56	-14.226
328.02	-12.600
328.49	-12.583
328.96	-13.187
329.43	-13.014
329.89	-12.752
330.36	-13.305
330.83	-13.989
331.30	-14.402
331.77	-13.988
332.23	-12.992
332.70	-12.610
333.17	-13.444
333.64	-13.253
334.10	-12.934
334.57	-12.967
335.04	-12.550
335.51	-11.492
335.97	-11.607
336.44	-11.690
336.91	-13.225
337.38	-12.563
337.84	-13.138
338.31	-13.000
338.78	-12.603
339.24	-11.472
339.71	-10.218
340.18	-9.156
340.65	-8.956
341.11	-7.810
341.58	-7.176
342.05	-7.433
342.52	-7.049
342.98	-6.186
343.45	-5.751
343.92	-5.143
344.38	-4.918
344.85	-4.703
345.32	-4.130
345.78	-3.748
346.25	-3.610
346.72	-2.517
347.18	-2.032
347.65	-1.583
348.12	-1.578
348.58	-0.940
349.05	-0.579
349.52	-0.791
349.99	-1.057
350.45	-0.587
350.92	-0.327
351.38	-0.163
351.85	-0.254
352.32	-0.326
352.78	0.150
353.25	0.512
353.72	0.648
354.18	0.722
354.65	1.096
355.12	1.158
355.58	1.287
356.05	1.551
356.52	1.706
356.98	1.593
357.45	1.568
357.91	1.538
358.38	1.649
358.85	1.770
359.31	1.586
359.78	1.568
360.25	1.566
360.71	1.532
361.18	1.625
361.64	1.701
362.11	1.815
362.58	1.899
363.04	1.766
363.51	1.797
363.97	1.947
364.44	2.089
364.91	2.197
365.37	2.099
365.84	2.202
366.30	2.227
366.77	2.228
367.23	2.321
367.70	2.490
368.17	2.587
368.63	2.712
369.10	2.788
369.56	2.942
370.03	2.970
370.49	2.943
370.96	2.868
371.42	2.941
371.89	2.973
372.36	2.978
372.82	2.987
373.29	3.107
373.75	3.279
374.22	3.245
374.68	3.305
375.15	3.380
375.61	3.411
376.08	3.374
376.54	3.425
377.01	3.520
377.47	3.607
377.94	3.535
378.40	3.512
378.87	3.561
379.33	3.698
379.80	3.755
380.26	3.783
380.73	3.875
381.19	3.960
381.66	4.036
382.12	4.038
382.59	4.006
383.05	3.984
383.52	3.987
383.98	3.988
384.45	4.022
384.91	4.031
385.38	4.037
385.84	4.119
386.31	4.110
386.77	4.106
387.24	4.125
387.70	4.200
388.16	4.241
388.63	4.350
389.09	4.369
389.56	4.473
390.02	4.539
390.49	4.581
390.95	4.618
391.42	4.613
391.88	4.695
392.34	4.796
392.81	4.910
393.27	4.969
393.74	5.014
394.20	5.072
394.67	5.151
395.13	5.223
395.59	5.307
396.06	5.394
396.52	5.443
396.99	5.483
397.45	5.464
397.91	5.425
398.38	5.332
398.84	5.293
399.31	5.256
399.77	5.244
400.23	5.231
400.70	5.213
401.16	5.189
401.63	5.149
402.09	5.133
402.55	5.043
403.02	4.952
403.48	4.886
403.94	4.870
404.41	4.853
404.87	4.826
405.33	4.762
405.80	4.736
406.26	4.730
406.73	4.757
407.19	4.813
407.65	4.921
408.12	5.042
408.58	5.113
409.04	5.222
409.51	5.332
409.97	5.467
410.43	5.611
410.90	5.766
411.36	5.972
411.82	6.148
412.29	6.347
412.75	6.584
413.21	6.809
413.67	7.022
414.14	7.211
414.60	7.359
415.06	7.590
415.53	7.797
415.99	7.977
416.45	8.151
416.92	8.260
417.38	8.367
417.84	8.485
418.30	8.562
418.77	8.612
419.23	8.636
419.69	8.615
420.16	8.593
420.62	8.536
421.08	8.444
421.54	8.365
422.01	8.266
422.47	8.130
422.93	8.009
423.39	7.827
423.86	7.695
424.32	7.567
424.78	7.383
425.24	7.239
425.71	7.103
426.17	6.982
426.63	6.907
427.09	6.805
427.56	6.708
428.02	6.650
428.48	6.586
428.94	6.528
429.41	6.460
429.87	6.441
430.33	6.564
430.79	6.725
431.25	6.924
431.72	7.156
432.18	7.419
432.64	7.712
433.10	8.053
433.56	8.381
434.03	8.749
434.49	9.156
434.95	9.533
435.41	9.923
435.87	10.302
436.34	10.706
436.80	11.114
437.26	11.529
437.72	11.916
438.18	12.322
438.64	12.729
439.11	13.126
439.57	13.499
440.03	13.781
440.49	14.005
440.95	14.207
441.41	14.344
441.88	14.475
442.34	14.585
442.80	14.632
443.26	14.645
443.72	14.634
444.18	14.565
444.64	14.485
445.11	14.374
445.57	14.232
446.03	14.069
446.49	13.880
446.95	13.659
447.41	13.431
447.87	13.191
448.33	12.952
448.79	12.721
449.26	12.486
449.72	12.259
450.18	12.052
450.64	11.843
451.10	11.663
451.56	11.490
452.02	11.340
452.48	11.225
452.94	11.140
453.40	11.099
453.87	11.095
454.33	11.132
454.79	11.195
455.25	11.307
455.71	11.449
456.17	11.644
456.63	11.893
457.09	12.174
457.55	12.487
458.01	12.841
458.47	13.231
458.93	13.630
459.39	14.059
459.85	14.503
460.31	14.957
460.77	15.446
461.24	15.946
461.70	16.453
462.16	16.960
462.62	17.481
463.08	17.979
463.54	18.471
464.00	18.960
464.46	19.423
464.92	19.863
465.38	20.289
465.84	20.673
466.30	21.027
466.76	21.360
467.22	21.651
467.68	21.899
468.14	22.111
468.60	22.298
469.06	22.444
469.52	22.551
469.98	22.623
470.44	22.655
470.90	22.643
471.36	22.596
471.82	22.520
472.28	22.397
472.74	22.246
473.20	22.065
473.66	21.855
474.12	21.622
474.58	21.350
475.04	21.061
475.50	20.765
475.95	20.450
476.41	20.128
476.87	19.806
477.33	19.479
477.79	19.161
478.25	18.844
478.71	18.534
479.17	18.230
479.63	17.950
480.09	17.684
480.55	17.439
481.01	17.221
481.47	17.034
481.93	16.884
482.39	16.764
482.84	16.684
483.30	16.639
483.76	16.646
484.22	16.680
484.68	16.755
485.14	16.872
485.60	17.036
486.06	17.237
486.52	17.472
486.98	17.747
487.44	18.056
487.89	18.397
488.35	18.769
488.81	19.176
489.27	19.610
489.73	20.070
490.19	20.551
490.65	21.054
491.11	21.575
491.56	22.103
492.02	22.640
492.48	23.178
492.94	23.721
493.40	24.256
493.86	24.799
494.32	25.322
494.77	25.842
495.23	26.335
495.69	26.812
496.15	27.271
496.61	27.713
497.07	28.128
497.52	28.524
497.98	28.894
498.44	29.235
498.90	29.549
499.36	29.828
499.82	30.076
500.27	30.283
500.73	30.458
501.19	30.597
501.65	30.700
502.11	30.775
502.56	30.814
503.02	30.817
503.48	30.791
503.94	30.739
504.40	30.653
504.85	30.537
505.31	30.394
505.77	30.222
506.23	30.024
506.69	29.803
507.14	29.555
507.60	29.290
508.06	29.000
508.52	28.685
508.97	28.358
509.43	28.020
509.89	27.667
510.35	27.308
510.80	26.949
511.26	26.596
511.72	26.242
512.18	25.886
512.63	25.535
513.09	25.190
513.55	24.852
514.01	24.525
514.46	24.219
514.92	23.929
515.38	23.663
515.84	23.418
516.29	23.205
516.75	23.014
517.21	22.851
517.66	22.709
518.12	22.605
518.58	22.535
519.04	22.500
519.49	22.502
519.95	22.538
520.41	22.604
520.86	22.699
521.32	22.827
521.78	22.992
522.23	23.187
522.69	23.422
523.15	23.692
523.61	23.992
524.06	24.321
524.52	24.682
524.98	25.061
525.43	25.460
525.89	25.874
526.35	26.309
526.80	26.757
527.26	27.225
527.72	27.708
528.17	28.199
528.63	28.694
529.09	29.189
529.54	29.689
530.00	30.197
530.45	30.698
530.91	31.200
531.37	31.689
531.82	32.171
532.28	32.639
532.74	33.093
533.19	33.528
533.65	33.932
534.10	34.317
534.56	34.688
535.02	35.031
535.47	35.355
535.93	35.656
536.39	35.939
536.84	36.199
537.30	36.428
537.75	36.631
538.21	36.801
538.67	36.952
539.12	37.071
539.58	37.159
540.03	37.225
540.49	37.267
540.94	37.287
541.40	37.275
541.86	37.233
542.31	37.165
542.77	37.078
543.22	36.985
543.68	36.861
544.13	36.711
544.59	36.552
545.05	36.368
545.50	36.165
545.96	35.933
546.41	35.683
546.87	35.426
547.32	35.149
547.78	34.861
548.23	34.557
548.69	34.244
549.14	33.920
549.60	33.587
550.06	33.241
550.51	32.893
550.97	32.544
551.42	32.192
551.88	31.834
552.33	31.472
552.79	31.111
553.24	30.763
553.70	30.424
554.15	30.089
554.61	29.771
555.06	29.461
555.52	29.168
555.97	28.895
556.43	28.635
556.88	28.393
557.34	28.177
557.79	27.987
558.25	27.819
558.70	27.675
559.15	27.555
559.61	27.466
560.06	27.398
560.52	27.360
560.97	27.356
561.43	27.387
561.88	27.449
562.34	27.536
562.79	27.647
563.25	27.790
563.70	27.956
564.16	28.149
564.61	28.376
565.06	28.628
565.52	28.899
565.97	29.195
566.43	29.518
566.88	29.861
567.34	30.223
567.79	30.603
568.24	31.005
568.70	31.423
569.15	31.843
569.61	32.283
570.06	32.728
570.51	33.186
570.97	33.654
571.42	34.124
571.88	34.610
572.33	35.093
572.78	35.568
573.24	36.050
573.69	36.525
574.15	36.994
574.60	37.459
575.05	37.919
575.51	38.378
575.96	38.832
576.42	39.279
576.87	39.713
577.32	40.140
577.78	40.544
578.23	40.941
578.68	41.329
579.14	41.701
579.59	42.053
580.04	42.379
580.50	42.681
580.95	42.966
581.40	43.221
581.86	43.473
582.31	43.709
582.76	43.932
583.22	44.133
583.67	44.311
584.12	44.470
584.58	44.602
585.03	44.707
585.48	44.785
585.94	44.831
586.39	44.847
586.84	44.851
587.30	44.849
587.75	44.814
588.20	44.764
588.66	44.693
589.11	44.604
589.56	44.502
590.01	44.381
590.47	44.234
590.92	44.079
591.37	43.897
591.83	43.690
592.28	43.462
592.73	43.221
593.18	42.964
593.64	42.693
594.09	42.408
594.54	42.118
594.99	41.820
595.45	41.515
595.90	41.203
596.35	40.873
596.80	40.521
597.26	40.167
597.71	39.798
598.16	39.427
598.61	39.054
599.07	38.678
599.52	38.298
599.97	37.922
600.42	37.541
600.88	37.160
601.33	36.787
601.78	36.421
602.23	36.051
602.69	35.690
603.14	35.332
603.59	34.984
604.04	34.640
604.49	34.299
604.95	33.966
605.40	33.660
605.85	33.372
606.30	33.098
606.75	32.844
607.21	32.612
607.66	32.389
608.11	32.187
608.56	31.999
609.01	31.835
609.46	31.694
609.92	31.570
610.37	31.470
610.82	31.395
611.27	31.339
611.72	31.315
612.17	31.313
612.63	31.328
613.08	31.370
613.53	31.432
613.98	31.528
614.43	31.647
614.88	31.776
615.34	31.922
615.79	32.088
616.24	32.272
616.69	32.473
617.14	32.699
617.59	32.936
618.04	33.194
618.49	33.467
618.95	33.751
619.40	34.054
619.85	34.379
620.30	34.709
620.75	35.044
621.20	35.392
621.65	35.749
622.10	36.119
622.55	36.494
623.00	36.881
623.46	37.265
623.91	37.648
624.36	38.041
624.81	38.431
625.26	38.827
625.71	39.221
626.16	39.624
626.61	40.020
627.06	40.418
627.51	40.814
627.96	41.202
628.41	41.587
628.86	41.959
629.32	42.323
629.77	42.685
630.22	43.044
630.67	43.389
631.12	43.727
631.57	44.061
632.02	44.385
632.47	44.690
632.92	44.990
633.37	45.296
633.82	45.577
634.27	45.841
634.72	46.098
635.17	46.342
635.62	46.569
636.07	46.779
636.52	46.964
636.97	47.139
637.42	47.299
637.87	47.446
638.32	47.576
638.77	47.698
639.22	47.810
639.67	47.899
640.12	47.973
640.57	48.035
641.02	48.078
641.47	48.102
641.92	48.125
642.37	48.124
642.82	48.084
643.27	48.035
643.72	47.986
644.17	47.914
644.62	47.828
645.07	47.720
645.52	47.612
645.97	47.503
646.42	47.372
646.87	47.235
647.32	47.102
647.77	46.972
648.22	46.812
648.66	46.628
649.11	46.428
649.56	46.212
650.01	45.985
650.46	45.755
650.91	45.521
651.36	45.263
651.81	44.995
652.26	44.740
652.71	44.465
653.16	44.183
653.61	43.893
654.06	43.595
654.50	43.290
654.95	42.970
655.40	42.642
655.85	42.310
656.30	41.977
656.75	41.626
657.20	41.268
657.65	40.911
658.10	40.554
658.55	40.216
658.99	39.888
659.44	39.559
659.89	39.226
660.34	38.886
660.79	38.552
661.24	38.232
661.69	37.910
662.13	37.602
662.58	37.286
663.03	36.982
663.48	36.683
663.93	36.396
664.38	36.118
664.83	35.852
665.27	35.592
665.72	35.332
666.17	35.086
666.62	34.848
667.07	34.623
667.52	34.414
667.96	34.199
668.41	33.987
668.86	33.798
669.31	33.619
669.76	33.466
670.21	33.327
670.65	33.197
671.10	33.081
671.55	32.981
672.00	32.897
672.45	32.828
672.89	32.774
673.34	32.730
673.79	32.699
674.24	32.679
674.68	32.673
675.13	32.692
675.58	32.725
676.03	32.766
676.48	32.816
676.92	32.874
677.37	32.964
677.82	33.070
678.27	33.172
678.71	33.289
679.16	33.414
679.61	33.554
680.06	33.707
680.50	33.866
680.95	34.052
681.40	34.244
681.85	34.437
682.29	34.647
682.74	34.872
683.19	35.102
683.64	35.341
684.08	35.599
684.53	35.860
684.98	36.128
685.43	36.415
685.87	36.705
686.32	36.999
686.77	37.281
687.21	37.555
687.66	37.856
688.11	38.168
688.55	38.473
689.00	38.775
689.45	39.097
689.90	39.433
690.34	39.744
690.79	40.061
691.24	40.385
691.68	40.703
692.13	41.008
692.58	41.301
693.02	41.608
693.47	41.904
693.92	42.186
694.36	42.461
694.81	42.743
695.26	43.024
695.70	43.293
696.15	43.566
696.60	43.850
697.04	44.118
697.49	44.365
697.94	44.598
698.38	44.844
698.83	45.071
699.27	45.291
699.72	45.492
700.17	45.702
700.61	45.905
701.06	46.100
701.51	46.298
701.95	46.502
702.40	46.699
702.84	46.883
703.29	47.061
703.74	47.223
704.18	47.371
704.63	47.510
705.07	47.648
705.52	47.773
705.97	47.880
706.41	47.970
706.86	48.051
707.30	48.144
707.75	48.234
708.20	48.308
708.64	48.356
709.09	48.394
709.53	48.417
709.98	48.437
710.42	48.431
710.87	48.402
711.32	48.377
711.76	48.321
712.21	48.269
712.65	48.211
713.10	48.158
713.54	48.093
713.99	48.018
714.43	47.942
714.88	47.839
715.33	47.722
715.77	47.613
716.22	47.506
716.66	47.377
717.11	47.225
717.55	47.073
718.00	46.925
718.44	46.778
718.89	46.607
719.33	46.439
719.78	46.283
720.22	46.126
720.67	45.949
721.11	45.777
721.56	45.601
722.00	45.408
722.45	45.203
722.89	44.988
723.34	44.774
723.78	44.572
724.23	44.374
724.67	44.169
725.12	43.949
725.56	43.714
726.01	43.486
726.45	43.245
726.90	42.992
727.34	42.728
727.78	42.484
728.23	42.238
728.67	41.969
729.12	41.699
729.56	41.439
730.01	41.171
730.45	40.882
730.90	40.582
731.34	40.310
731.79	40.042
732.23	39.754
732.67	39.461
733.12	39.155
733.56	38.878
734.01	38.609
734.45	38.336
734.89	38.077
735.34	37.830
735.78	37.593
736.23	37.351
736.67	37.108
737.12	36.858
737.56	36.617
738.00	36.382
738.45	36.153
738.89	35.931
739.34	35.733
739.78	35.562
740.22	35.387
740.67	35.200
741.11	35.007
741.55	34.849
742.00	34.696
742.44	34.542
742.89	34.381
743.33	34.229
743.77	34.103
744.22	33.986
744.66	33.849
745.10	33.715
745.55	33.590
745.99	33.497
746.43	33.421
746.88	33.343
747.32	33.264
747.76	33.206
748.21	33.172
748.65	33.123
749.09	33.067
749.54	33.020
749.98	32.997
750.42	32.994
750.87	32.978
751.31	32.966
751.75	32.979
752.20	33.012
752.64	33.060
753.08	33.099
753.53	33.125
753.97	33.184
754.41	33.262
754.85	33.353
755.30	33.435
755.74	33.525
756.18	33.644
756.63	33.795
757.07	33.941
757.51	34.056
757.95	34.193
758.40	34.352
758.84	34.523
759.28	34.691
759.72	34.852
760.17	35.033
760.61	35.231
761.05	35.430
761.50	35.616
761.94	35.801
762.38	35.987
762.82	36.211
763.26	36.435
763.71	36.649
764.15	36.861
764.59	37.069
765.03	37.272
765.48	37.478
765.92	37.664
766.36	37.847
766.80	38.058
767.25	38.277
767.69	38.489
768.13	38.718
768.57	38.957
769.01	39.205
769.46	39.441
769.90	39.671
770.34	39.900
770.78	40.129
771.22	40.380
771.67	40.657
772.11	40.917
772.55	41.161
772.99	41.386
773.43	41.609
773.87	41.866
774.32	42.128
774.76	42.372
775.20	42.611
775.64	42.856
776.08	43.115
776.52	43.352
776.97	43.586
777.41	43.810
777.85	44.024
778.29	44.244
778.73	44.480
779.17	44.730
779.62	44.954
780.06	45.173
780.50	45.378
780.94	45.567
781.38	45.758
781.82	45.942
782.26	46.149
782.70	46.360
783.15	46.552
783.59	46.737
784.03	46.909
784.47	47.078
784.91	47.228
785.35	47.364
785.79	47.507
786.23	47.658
786.67	47.787
787.11	47.914
787.56	48.033
788.00	48.135
788.44	48.226
788.88	48.332
789.32	48.432
789.76	48.529
790.20	48.624
790.64	48.715
791.08	48.812
791.52	48.886
791.96	48.937
792.40	48.988
792.84	49.045
793.28	49.123
793.73	49.196
794.17	49.268
794.61	49.322
795.05	49.379
795.49	49.404
795.93	49.425
796.37	49.426
796.81	49.423
797.25	49.441
797.69	49.429
798.13	49.406
798.57	49.380
799.01	49.348
799.45	49.294
799.89	49.212
800.33	49.135
800.77	49.086
801.21	49.041
801.65	48.972
802.09	48.876
802.53	48.776
802.97	48.671
803.41	48.573
803.85	48.483
804.29	48.379
804.73	48.303
805.17	48.197
805.61	48.087
806.05	47.974
806.49	47.817
806.93	47.700
807.37	47.583
807.81	47.482
808.25	47.358
808.69	47.220
809.13	47.086
809.57	46.945
810.01	46.787
810.44	46.619
810.88	46.450
811.32	46.294
811.76	46.131
812.20	45.959
812.64	45.783
813.08	45.595
813.52	45.390
813.96	45.161
814.40	44.975
814.84	44.796
815.28	44.617
815.72	44.449
816.16	44.247
816.59	44.053
817.03	43.844
817.47	43.650
817.91	43.476
818.35	43.301
818.79	43.131
819.23	42.942
819.67	42.750
820.11	42.567
820.54	42.362
820.98	42.140
821.42	41.940
821.86	41.728
822.30	41.519
822.74	41.325
823.18	41.130
823.62	40.915
824.05	40.696
824.49	40.497
824.93	40.296
825.37	40.108
825.81	39.914
826.25	39.708
826.69	39.473
827.12	39.223
827.56	38.984
828.00	38.748
828.44	38.533
828.88	38.329
829.32	38.117
829.75	37.916
830.19	37.726
830.63	37.521
831.07	37.326
831.51	37.133
831.94	36.922
832.38	36.719
832.82	36.535
833.26	36.366
833.70	36.196
834.13	36.029
834.57	35.861
835.01	35.691
835.45	35.536
835.89	35.403
836.32	35.290
836.76	35.164
837.20	35.019
837.64	34.892
838.08	34.785
838.51	34.704
838.95	34.620
839.39	34.533
839.83	34.460
840.26	34.392
840.70	34.325
841.14	34.269
841.58	34.229
842.01	34.187
842.45	34.148
842.89	34.090
843.33	34.036
843.76	33.995
844.20	33.965
844.64	33.940
845.08	33.916
845.51	33.892
845.95	33.876
846.39	33.880
846.82	33.867
847.26	33.837
847.70	33.789
848.14	33.764
848.57	33.752
849.01	33.749
849.45	33.737
849.88	33.737
850.32	33.759
850.76	33.783
851.19	33.822
851.63	33.861
852.07	33.919
852.50	33.981
852.94	34.019
853.38	34.054
853.81	34.102
854.25	34.182
854.69	34.262
855.12	34.352
855.56	34.449
856.00	34.560
856.43	34.681
856.87	34.814
857.31	34.944
857.74	35.085
858.18	35.205
858.62	35.338
859.05	35.469
859.49	35.592
859.93	35.703
860.36	35.825
860.80	35.957
861.24	36.082
861.67	36.211
862.11	36.335
862.54	36.473
862.98	36.624
863.42	36.780
863.85	36.939
864.29	37.106
864.72	37.271
865.16	37.425
865.60	37.584
866.03	37.737
866.47	37.894
866.90	38.044
867.34	38.221
867.78	38.422
868.21	38.641
868.65	38.873
869.08	39.109
869.52	39.312
869.95	39.498
870.39	39.692
870.83	39.888
871.26	40.128
871.70	40.378
872.13	40.611
872.57	40.820
873.00	41.010
873.44	41.201
873.87	41.389
874.31	41.581
874.75	41.767
875.18	41.958
875.62	42.151
876.05	42.346
876.49	42.556
876.92	42.787
877.36	43.026
877.79	43.231
878.23	43.415
878.66	43.613
879.10	43.840
879.53	44.064
879.97	44.286
880.40	44.478
880.84	44.667
881.27	44.844
881.71	45.016
882.14	45.206
882.58	45.392
883.01	45.581
883.45	45.769
883.88	45.960
884.32	46.140
884.75	46.312
885.19	46.499
885.62	46.677
886.06	46.838
886.49	46.978
886.92	47.124
887.36	47.312
887.79	47.480
888.23	47.631
888.66	47.778
889.10	47.904
889.53	48.035
889.97	48.158
890.40	48.271
890.83	48.376
891.27	48.482
891.70	48.612
892.14	48.751
892.57	48.897
893.01	49.068
893.44	49.233
893.87	49.387
894.31	49.553
894.74	49.692
895.18	49.803
895.61	49.879
896.04	49.957
896.48	50.013
896.91	50.090
897.35	50.129
897.78	50.165
898.21	50.241
898.65	50.330
899.08	50.400
899.52	50.491
899.95	50.593
900.38	50.705
900.82	50.815
901.25	50.906
901.68	51.006
902.12	51.078
902.55	51.150
902.99	51.258
903.42	51.327
903.85	51.399
904.29	51.461
904.72	51.534
905.15	51.601
905.59	51.668
906.02	51.728
906.45	51.804
906.89	51.880
907.32	51.957
907.75	52.013
908.19	52.057
908.62	52.087
909.05	52.087
909.49	52.054
909.92	52.014
910.35	51.971
910.78	51.885
911.22	51.767
911.65	51.670
912.08	51.550
912.52	51.472
912.95	51.397
913.38	51.302
913.82	51.219
914.25	51.165
914.68	51.092
915.11	51.023
915.55	50.947
915.98	50.876
916.41	50.763
916.84	50.656
917.28	50.566
917.71	50.481
918.14	50.425
918.58	50.368
919.01	50.245
919.44	50.134
919.87	50.056
920.31	50.021
920.74	49.971
921.17	49.876
921.60	49.766
922.03	49.642
922.47	49.543
922.90	49.417
923.33	49.271
923.76	49.142
924.20	49.016
924.63	48.905
925.06	48.782
925.49	48.625
925.92	48.468
926.36	48.320
926.79	48.165
927.22	48.020
927.65	47.876
928.08	47.759
928.52	47.648
928.95	47.494
929.38	47.322
929.81	47.171
930.24	47.032
930.68	46.864
931.11	46.704
931.54	46.524
931.97	46.379
932.40	46.244
932.83	46.107
933.27	45.953
933.70	45.774
934.13	45.603
934.56	45.470
934.99	45.321
935.42	45.150
935.85	44.973
936.29	44.769
936.72	44.578
937.15	44.408
937.58	44.212
938.01	44.042
938.44	43.858
938.87	43.677
939.31	43.512
939.74	43.356
940.17	43.197
940.60	43.041
941.03	42.879
941.46	42.687
941.89	42.510
942.32	42.335
942.75	42.156
943.18	41.966
943.62	41.774
944.05	41.551
944.48	41.333
944.91	41.134
945.34	40.931
945.77	40.772
946.20	40.589
946.63	40.407
947.06	40.201
947.49	40.009
947.92	39.818
948.35	39.593
948.78	39.344
949.22	39.126
949.65	38.905
950.08	38.673
950.51	38.458
950.94	38.221
951.37	38.012
951.80	37.853
952.23	37.678
952.66	37.514
953.09	37.401
953.52	37.300
953.95	37.174
954.38	37.052
954.81	36.902
955.24	36.759
955.67	36.608
956.10	36.479
956.53	36.363
956.96	36.219
957.39	36.110
957.82	36.022
958.25	35.908
958.68	35.797
959.11	35.688
959.54	35.580
959.97	35.463
960.40	35.347
960.83	35.210
961.26	35.108
961.69	34.990
962.12	34.839
962.55	34.675
962.98	34.523
963.41	34.392
963.84	34.267
964.27	34.141
964.70	34.014
965.13	33.940
965.56	33.827
965.99	33.748
966.42	33.650
966.84	33.578
967.27	33.510
967.70	33.428
968.13	33.358
968.56	33.312
968.99	33.260
969.42	33.170
969.85	33.109
970.28	33.001
970.71	32.953
971.14	32.901
971.57	32.842
972.00	32.800
972.42	32.756
972.85	32.686
973.28	32.640
973.71	32.600
974.14	32.517
974.57	32.463
975.00	32.400
975.43	32.384
975.86	32.342
976.28	32.267
976.71	32.236
977.14	32.180
977.57	32.110
978.00	32.077
978.43	32.080
978.86	32.064
979.29	32.074
979.71	32.057
980.14	32.069
980.57	32.062
981.00	32.085
981.43	32.134
981.86	32.126
982.28	32.126
982.71	32.139
983.14	32.120
983.57	32.089
984.00	32.090
984.43	32.132
984.85	32.157
985.28	32.200
985.71	32.255
986.14	32.289
986.57	32.397
986.99	32.438
987.42	32.442
987.85	32.504
988.28	32.562
988.71	32.561
989.13	32.623
989.56	32.757
989.99	32.853
990.42	32.891
990.85	32.999
991.27	33.078
991.70	33.132
992.13	33.195
992.56	33.334
992.98	33.410
993.41	33.472
993.84	33.530
994.27	33.566
994.70	33.635
995.12	33.732
995.55	33.773
995.98	33.938
996.41	34.087
996.83	34.162
997.26	34.297
997.69	34.447
998.11	34.540
998.54	34.579
998.97	34.643
999.40	34.782
999.82	34.905
1000.25	35.060
1000.68	35.279
1001.11	35.461
1001.53	35.611
1001.96	35.683
1002.39	35.796
1002.81	35.905
1003.24	36.033
1003.67	36.179
1004.09	36.323
1004.52	36.416
1004.95	36.469
1005.38	36.575
1005.80	36.685
1006.23	36.743
1006.66	36.844
1007.08	36.948
1007.51	37.028
1007.94	37.124
1008.36	37.174
1008.79	37.176
1009.22	37.168
1009.64	37.143
1010.07	37.174
1010.50	37.293
1010.92	37.507
1011.35	37.550
1011.77	37.595
1012.20	37.701
1012.63	37.760
1013.05	37.710
1013.48	37.776
1013.91	37.869
1014.33	37.915
1014.76	37.943
1015.19	38.051
1015.61	38.079
1016.04	38.168
1016.46	38.304
1016.89	38.337
1017.32	38.468
1017.74	38.594
1018.17	38.747
1018.59	38.918
1019.02	39.017
1019.45	38.922
1019.87	38.918
1020.30	38.956
1020.72	39.116
1021.15	39.170
1021.58	39.223
1022.00	39.606
1022.43	39.764
1022.85	39.887
1023.28	39.917
1023.70	39.909
1024.13	40.024
1024.55	40.019
1024.98	39.982
1025.41	39.905
1025.83	39.972
1026.26	39.883
1026.68	39.912
1027.11	39.962
1027.53	39.977
1027.96	39.829
1028.38	40.026
1028.81	39.985
1029.23	40.036
1029.66	40.113
1030.08	40.256
1030.51	40.309
1030.94	40.181
1031.36	40.145
1031.79	40.051
1032.21	40.202
1032.64	40.452
1033.06	40.341
1033.49	40.382
1033.91	40.270
1034.34	40.374
1034.76	40.314
1035.19	40.376
1035.61	40.362
1036.03	40.227
1036.46	40.231
1036.88	40.367
1037.31	40.171
1037.73	40.289
1038.16	40.354
1038.58	40.235
1039.01	40.184
1039.43	40.051
1039.86	40.212
1040.28	40.074
1040.71	40.095
1041.13	39.930
1041.55	39.673
1041.98	39.685
1042.40	39.602
1042.83	39.613
1043.25	39.492
1043.68	39.346
1044.10	39.193
1044.52	39.105
1044.95	39.175
1045.37	39.109
1045.80	39.032
1046.22	38.999
1046.65	38.832
1047.07	38.714
1047.49	38.606
1047.92	38.429
1048.34	38.387
1048.77	38.065
1049.19	37.849
1049.61	37.526
1050.04	37.482
1050.46	37.280
1050.89	37.044
1051.31	37.189
1051.73	37.266
1052.16	37.441
1052.58	37.442
1053.00	37.441
1053.43	37.531
1053.85	37.326
1054.27	37.180
1054.70	37.071
1055.12	37.142
1055.55	36.983
1055.97	36.590
1056.39	36.627
1056.82	36.589
1057.24	36.540
1057.66	36.261
1058.09	36.292
1058.51	36.316
1058.93	36.199
1059.36	35.991
1059.78	35.436
1060.20	35.079
1060.62	34.769
1061.05	34.273
1061.47	34.145
1061.89	33.996
1062.32	33.528
1062.74	32.998
1063.16	32.334
1063.59	32.311
1064.01	31.969
1064.43	31.978
1064.85	32.068
1065.28	31.715
1065.70	31.376
1066.12	30.859
1066.55	30.436
1066.97	30.388
1067.39	30.148
1067.81	29.509
1068.24	29.288
1068.66	29.600
1069.08	29.202
1069.50	28.989
1069.93	28.329
1070.35	28.025
1070.77	27.337
1071.19	26.965
1071.62	27.036
1072.04	27.177
1072.46	26.780
1072.88	26.224
1073.31	25.400
1073.73	24.694
1074.15	24.081
1074.57	23.445
1075.00	22.955
1075.42	22.700
1075.84	21.918
1076.26	20.712
1076.68	20.187
1077.11	20.131
1077.53	19.347
1077.95	18.654
1078.37	17.130
1078.79	16.705
1079.22	15.703
1079.64	14.630
1080.06	13.560
1080.48	12.154
1080.90	10.923
1081.32	9.759
1081.75	8.613
1082.17	7.301
1082.59	6.646
1083.01	5.300
1083.43	3.599
1083.85	2.862
1084.28	1.543
1084.70	-0.152
1085.12	-1.094
1085.54	-2.716
1085.96	-4.766
1086.38	-6.473
1086.80	-7.386
1087.23	-7.431
1087.65	-8.054
1088.07	-9.507
1088.49	-10.850
1088.91	-12.801
1089.33	-11.967
1089.75	-14.634
1090.17	-16.171
1090.60	-17.799
1091.02	-20.210
1091.44	-22.106
1091.86	-23.816
1092.28	-25.653
1092.70	-27.539
1093.12	-31.116
1093.54	-33.489
1093.96	-35.400
1094.38	-37.022
1094.81	-39.763
1095.23	-41.689
1095.65	-44.473
1096.07	-44.691
1096.49	-48.385
1096.91	-50.401
1097.33	-52.273
1097.75	-53.988
1098.17	-60.439
1098.59	-62.561
1099.01	-63.115
1099.43	-64.929
1099.85	-67.571
1100.27	-72.308
1100.69	-74.248
1101.11	-74.528
1101.53	-77.273
1101.95	-77.699
1102.38	-83.655
1102.80	-186.684
1103.22	-40.988
1103.64	-71.454
1104.06	-166.132
1104.48	-110.586
1104.90	-122.331
1105.32	-95.517
1105.74	-67.793
1106.16	-132.800
