188.40	-291.152
188.88	-407.050
189.35	688.579
189.83	2338.261
190.30	-2117.647
190.78	-414.423
191.26	-440.580
191.73	2177.358
192.21	-2523.188
192.68	-295.611
193.16	-1713.760
193.63	-1991.320
194.11	-2132.468
194.58	-1972.189
195.06	-1604.167
195.53	-1056.963
196.01	-875.454
196.48	-775.056
196.96	-644.979
197.43	-549.584
197.91	-499.251
198.38	-446.372
198.86	-373.982
199.33	-314.800
199.81	-305.845
200.28	-290.804
200.76	-260.264
201.23	-240.470
201.71	-220.691
202.18	-207.102
202.66	-187.582
203.13	-177.029
203.61	-171.745
204.08	-160.562
204.55	-150.004
205.03	-140.508
205.50	-138.594
205.98	-140.182
206.45	-140.633
206.93	-135.699
207.40	-135.573
207.88	-135.788
208.35	-134.590
208.82	-137.805
209.30	-142.549
209.77	-140.274
210.25	-138.543
210.72	-138.825
211.20	-140.430
211.67	-138.982
212.14	-137.645
212.62	-134.803
213.09	-132.344
213.57	-129.229
214.04	-126.771
214.52	-124.664
214.99	-121.194
215.46	-123.931
215.94	-124.651
216.41	-121.324
216.89	-120.467
217.36	-119.473
217.83	-119.678
218.31	-118.590
218.78	-115.202
219.25	-113.119
219.73	-113.187
220.20	-115.240
220.68	-110.629
221.15	-110.536
221.62	-111.674
222.10	-111.451
222.57	-109.835
223.04	-109.434
223.52	-113.858
223.99	-118.072
224.47	-117.701
224.94	-122.578
225.41	-122.893
225.89	-121.070
226.36	-122.037
226.83	-125.012
227.31	-127.324
227.78	-125.611
228.25	-122.977
228.73	-124.486
229.20	-123.272
229.67	-125.016
230.15	-122.575
230.62	-123.645
231.09	-127.345
231.57	-128.188
232.04	-125.790
232.51	-126.754
232.98	-128.490
233.46	-124.806
233.93	-123.067
234.40	-121.971
234.88	-121.338
235.35	-121.709
235.82	-119.763
236.30	-117.044
236.77	-116.274
237.24	-119.360
237.71	-118.353
238.19	-118.876
238.66	-118.855
239.13	-122.331
239.61	-121.123
240.08	-120.555
240.55	-120.819
241.02	-115.693
241.50	-111.885
241.97	-110.852
242.44	-112.769
242.91	-112.041
243.39	-111.542
243.86	-109.492
244.33	-109.556
244.80	-110.912
245.28	-111.156
245.75	-108.961
246.22	-112.830
246.69	-112.325
247.17	-107.573
247.64	-106.842
248.11	-108.100
248.58	-107.995
249.05	-107.624
249.53	-106.543
250.00	-107.843
250.47	-110.645
250.94	-114.790
251.42	-115.522
251.89	-114.118
252.36	-111.998
252.83	-111.601
253.30	-108.156
253.78	-108.658
254.25	-108.267
254.72	-107.450
255.19	-107.051
255.66	-107.238
256.13	-108.196
256.61	-106.531
257.08	-106.851
257.55	-108.628
258.02	-107.320
258.49	-108.959
258.97	-107.729
259.44	-107.763
259.91	-106.411
260.38	-103.495
260.85	-99.748
261.32	-100.010
261.79	-99.670
262.27	-100.516
262.74	-99.637
263.21	-99.340
263.68	-101.430
264.15	-103.661
264.62	-104.344
265.09	-105.670
265.57	-107.774
266.04	-107.689
266.51	-108.815
266.98	-109.029
267.45	-107.190
267.92	-108.843
268.39	-106.337
268.86	-107.211
269.34	-103.359
269.81	-104.598
270.28	-106.081
270.75	-102.126
271.22	-103.003
271.69	-102.271
272.16	-100.844
272.63	-100.475
273.10	-100.987
273.57	-100.969
274.05	-98.626
274.52	-94.366
274.99	-91.079
275.46	-90.518
275.93	-89.056
276.40	-89.324
276.87	-86.966
277.34	-88.735
277.81	-88.194
278.28	-89.192
278.75	-89.242
279.22	-92.303
279.69	-92.543
280.16	-92.078
280.63	-93.069
281.11	-93.850
281.58	-96.553
282.05	-96.785
282.52	-95.549
282.99	-96.490
283.46	-97.368
283.93	-96.074
284.40	-97.797
284.87	-97.853
285.34	-98.469
285.81	-98.689
286.28	-97.532
286.75	-97.199
287.22	-97.958
287.69	-97.425
288.16	-93.697
288.63	-92.129
289.10	-91.175
289.57	-88.022
290.04	-84.961
290.51	-84.930
290.98	-84.140
291.45	-83.360
291.92	-82.903
292.39	-84.244
292.86	-85.451
293.33	-83.323
293.80	-83.494
294.27	-82.709
294.74	-85.288
295.21	-83.297
295.68	-81.025
296.15	-81.302
296.62	-82.681
297.09	-81.378
297.56	-80.029
298.03	-80.288
298.49	-81.388
298.96	-81.989
299.43	-81.590
299.90	-83.259
300.37	-83.275
300.84	-82.672
301.31	-81.195
301.78	-79.343
302.25	-79.172
302.72	-77.093
303.19	-77.009
303.66	-74.958
304.13	-75.891
304.60	-74.208
305.07	-74.462
305.53	-72.525
306.00	-73.971
306.47	-73.997
306.94	-73.176
307.41	-73.088
307.88	-73.881
308.35	-74.055
308.82	-72.676
309.29	-71.802
309.76	-70.335
310.22	-69.946
310.69	-71.778
311.16	-69.901
311.63	-69.685
312.10	-69.620
312.57	-70.240
313.04	-68.181
313.51	-68.893
313.97	-68.209
314.44	-67.634
314.91	-66.731
315.38	-67.374
315.85	-65.170
316.32	-64.176
316.79	-62.016
317.25	-61.913
317.72	-62.259
318.19	-61.588
318.66	-60.431
319.13	-59.923
319.60	-61.359
320.07	-61.872
320.53	-57.665
321.00	-57.564
321.47	-57.826
321.94	-57.320
322.41	-55.697
322.87	-54.709
323.34	-55.572
323.81	-54.672
324.28	-53.584
324.75	-53.900
325.22	-53.726
325.68	-53.703
326.15	-52.342
326.62	-51.797
327.09	-51.048
327.56	-50.390
328.02	-48.627
328.49	-49.230
328.96	-50.220
329.43	-49.854
329.89	-50.507
330.36	-50.728
330.83	-51.610
331.30	-51.658
331.77	-50.322
332.23	-49.401
332.70	-49.327
333.17	-49.136
333.64	-49.259
334.10	-47.549
334.57	-45.975
335.04	-45.839
335.51	-44.743
335.97	-44.125
336.44	-43.781
336.91	-44.440
337.38	-43.744
337.84	-42.926
338.31	-41.587
338.78	-40.780
339.24	-39.176
339.71	-35.800
340.18	-34.071
340.65	-32.581
341.11	-31.101
341.58	-29.704
342.05	-29.585
342.52	-29.291
342.98	-28.380
343.45	-26.819
343.92	-26.491
344.38	-26.439
344.85	-25.543
345.32	-24.614
345.78	-24.037
346.25	-23.477
346.72	-22.546
347.18	-20.868
347.65	-20.264
348.12	-20.012
348.58	-19.426
349.05	-18.880
349.52	-18.846
349.99	-18.774
350.45	-18.610
350.92	-18.150
351.38	-17.938
351.85	-17.321
352.32	-16.712
352.78	-15.501
353.25	-14.435
353.72	-13.702
354.18	-13.421
354.65	-12.695
355.12	-12.223
355.58	-11.725
356.05	-11.555
356.52	-10.928
356.98	-10.824
357.45	-10.471
357.91	-10.059
358.38	-9.639
358.85	-9.014
359.31	-8.649
359.78	-8.438
360.25	-8.177
360.71	-7.698
361.18	-7.146
361.64	-6.969
362.11	-6.692
362.58	-6.455
363.04	-6.444
363.51	-6.377
363.97	-5.870
364.44	-5.561
364.91	-5.284
365.37	-5.314
365.84	-4.872
366.30	-4.496
366.77	-4.327
367.23	-4.085
367.70	-3.910
368.17	-3.527
368.63	-3.260
369.10	-3.160
369.56	-3.111
370.03	-2.660
370.49	-2.572
370.96	-2.701
371.42	-2.490
371.89	-2.249
372.36	-2.067
372.82	-2.027
373.29	-1.862
373.75	-1.549
374.22	-1.399
374.68	-1.353
375.15	-1.108
375.61	-0.953
376.08	-0.770
376.54	-0.635
377.01	-0.543
377.47	-0.274
377.94	-0.190
378.40	-0.164
378.87	-0.094
379.33	0.180
379.80	0.261
380.26	0.277
380.73	0.500
381.19	0.673
381.66	0.796
382.12	0.790
382.59	0.875
383.05	1.000
383.52	0.986
383.98	1.027
384.45	1.109
384.91	1.193
385.38	1.332
385.84	1.359
386.31	1.341
386.77	1.423
387.24	1.465
387.70	1.563
388.16	1.632
388.63	1.783
389.09	1.872
389.56	1.917
390.02	2.000
390.49	2.104
390.95	2.128
391.42	2.212
391.88	2.298
392.34	2.447
392.81	2.600
393.27	2.718
393.74	2.783
394.20	2.901
394.67	3.033
395.13	3.139
395.59	3.272
396.06	3.408
396.52	3.524
396.99	3.639
397.45	3.661
397.91	3.713
398.38	3.697
398.84	3.740
399.31	3.810
399.77	3.850
400.23	3.908
400.70	3.973
401.16	3.956
401.63	3.977
402.09	3.975
402.55	3.926
403.02	3.863
403.48	3.851
403.94	3.863
404.41	3.839
404.87	3.736
405.33	3.661
405.80	3.657
406.26	3.647
406.73	3.641
407.19	3.641
407.65	3.687
408.12	3.734
408.58	3.781
409.04	3.832
409.51	3.930
409.97	4.005
410.43	4.093
410.90	4.224
411.36	4.406
411.82	4.591
412.29	4.763
412.75	4.971
413.21	5.202
413.67	5.432
414.14	5.651
414.60	5.883
415.06	6.136
415.53	6.376
415.99	6.606
416.45	6.811
416.92	7.048
417.38	7.245
417.84	7.456
418.30	7.595
418.77	7.745
419.23	7.887
419.69	7.965
420.16	8.046
420.62	8.078
421.08	8.068
421.54	8.022
422.01	7.980
422.47	7.923
422.93	7.843
423.39	7.699
423.86	7.585
424.32	7.464
424.78	7.328
425.24	7.186
425.71	7.034
426.17	6.908
426.63	6.759
427.09	6.619
427.56	6.451
428.02	6.319
428.48	6.183
428.94	6.022
429.41	5.854
429.87	5.729
430.33	5.764
430.79	5.841
431.25	5.955
431.72	6.100
432.18	6.270
432.64	6.477
433.10	6.728
433.56	6.992
434.03	7.304
434.49	7.641
434.95	7.996
435.41	8.366
435.87	8.748
436.34	9.152
436.80	9.563
437.26	10.021
437.72	10.480
438.18	10.945
438.64	11.429
439.11	11.918
439.57	12.399
440.03	12.770
440.49	13.097
440.95	13.405
441.41	13.678
441.88	13.933
442.34	14.168
442.80	14.358
443.26	14.509
443.72	14.619
444.18	14.680
444.64	14.704
445.11	14.702
445.57	14.667
446.03	14.602
446.49	14.502
446.95	14.360
447.41	14.187
447.87	13.998
448.33	13.790
448.79	13.561
449.26	13.327
449.72	13.087
450.18	12.843
450.64	12.599
451.10	12.365
451.56	12.130
452.02	11.894
452.48	11.687
452.94	11.493
453.40	11.337
453.87	11.205
454.33	11.103
454.79	11.038
455.25	10.997
455.71	10.993
456.17	11.039
456.63	11.133
457.09	11.271
457.55	11.440
458.01	11.652
458.47	11.925
458.93	12.215
459.39	12.546
459.85	12.908
460.31	13.294
460.77	13.709
461.24	14.159
461.70	14.636
462.16	15.130
462.62	15.648
463.08	16.172
463.54	16.705
464.00	17.248
464.46	17.779
464.92	18.304
465.38	18.806
465.84	19.305
466.30	19.777
466.76	20.225
467.22	20.644
467.68	21.044
468.14	21.410
468.60	21.738
469.06	22.032
469.52	22.290
469.98	22.519
470.44	22.707
470.90	22.848
471.36	22.952
471.82	23.012
472.28	23.037
472.74	23.011
473.20	22.945
473.66	22.844
474.12	22.705
474.58	22.526
475.04	22.335
475.50	22.097
475.95	21.838
476.41	21.557
476.87	21.261
477.33	20.944
477.79	20.622
478.25	20.295
478.71	19.960
479.17	19.619
479.63	19.276
480.09	18.933
480.55	18.602
481.01	18.288
481.47	17.994
481.93	17.718
482.39	17.466
482.84	17.251
483.30	17.064
483.76	16.908
484.22	16.789
484.68	16.699
485.14	16.655
485.60	16.651
486.06	16.684
486.52	16.761
486.98	16.879
487.44	17.032
487.89	17.223
488.35	17.458
488.81	17.731
489.27	18.038
489.73	18.391
490.19	18.777
490.65	19.188
491.11	19.636
491.56	20.107
492.02	20.594
492.48	21.098
492.94	21.619
493.40	22.151
493.86	22.689
494.32	23.234
494.77	23.783
495.23	24.331
495.69	24.876
496.15	25.407
496.61	25.935
497.07	26.447
497.52	26.943
497.98	27.421
498.44	27.885
498.90	28.329
499.36	28.740
499.82	29.121
500.27	29.480
500.73	29.794
501.19	30.076
501.65	30.338
502.11	30.564
502.56	30.760
503.02	30.923
503.48	31.051
503.94	31.146
504.40	31.204
504.85	31.227
505.31	31.217
505.77	31.177
506.23	31.099
506.69	30.997
507.14	30.862
507.60	30.696
508.06	30.496
508.52	30.269
508.97	30.019
509.43	29.748
509.89	29.446
510.35	29.135
510.80	28.810
511.26	28.472
511.72	28.122
512.18	27.757
512.63	27.385
513.09	27.007
513.55	26.625
514.01	26.246
514.46	25.872
514.92	25.504
515.38	25.150
515.84	24.805
516.29	24.473
516.75	24.163
517.21	23.870
517.66	23.593
518.12	23.344
518.58	23.120
519.04	22.927
519.49	22.766
519.95	22.634
520.41	22.531
520.86	22.465
521.32	22.433
521.78	22.434
522.23	22.473
522.69	22.551
523.15	22.669
523.61	22.823
524.06	23.008
524.52	23.231
524.98	23.482
525.43	23.766
525.89	24.076
526.35	24.407
526.80	24.766
527.26	25.156
527.72	25.572
528.17	26.006
528.63	26.454
529.09	26.919
529.54	27.400
530.00	27.897
530.45	28.394
530.91	28.901
531.37	29.412
531.82	29.919
532.28	30.431
532.74	30.934
533.19	31.429
533.65	31.910
534.10	32.378
534.56	32.828
535.02	33.262
535.47	33.684
535.93	34.096
536.39	34.496
536.84	34.869
537.30	35.218
537.75	35.545
538.21	35.847
538.67	36.125
539.12	36.384
539.58	36.614
540.03	36.819
540.49	37.006
540.94	37.170
541.40	37.302
541.86	37.396
542.31	37.465
542.77	37.516
543.22	37.546
543.68	37.552
544.13	37.536
544.59	37.497
545.05	37.430
545.50	37.336
545.96	37.209
546.41	37.061
546.87	36.897
547.32	36.709
547.78	36.501
548.23	36.269
548.69	36.014
549.14	35.745
549.60	35.452
550.06	35.140
550.51	34.814
550.97	34.483
551.42	34.135
551.88	33.782
552.33	33.413
552.79	33.039
553.24	32.658
553.70	32.280
554.15	31.903
554.61	31.534
555.06	31.163
555.52	30.795
555.97	30.440
556.43	30.092
556.88	29.753
557.34	29.436
557.79	29.135
558.25	28.854
558.70	28.583
559.15	28.338
559.61	28.113
560.06	27.911
560.52	27.732
560.97	27.587
561.43	27.465
561.88	27.375
562.34	27.311
562.79	27.268
563.25	27.258
563.70	27.270
564.16	27.313
564.61	27.390
565.06	27.500
565.52	27.634
565.97	27.795
566.43	27.991
566.88	28.207
567.34	28.453
567.79	28.718
568.24	29.013
568.70	29.331
569.15	29.666
569.61	30.021
570.06	30.393
570.51	30.790
570.97	31.203
571.42	31.625
571.88	32.069
572.33	32.522
572.78	32.980
573.24	33.452
573.69	33.922
574.15	34.395
574.60	34.869
575.05	35.351
575.51	35.833
575.96	36.315
576.42	36.805
576.87	37.291
577.32	37.774
577.78	38.245
578.23	38.716
578.68	39.176
579.14	39.625
579.59	40.058
580.04	40.475
580.50	40.880
580.95	41.267
581.40	41.635
581.86	41.998
582.31	42.346
582.76	42.684
583.22	43.002
583.67	43.302
584.12	43.583
584.58	43.842
585.03	44.072
585.48	44.272
585.94	44.438
586.39	44.576
586.84	44.706
587.30	44.825
587.75	44.908
588.20	44.983
588.66	45.032
589.11	45.062
589.56	45.070
590.01	45.057
590.47	45.018
590.92	44.964
591.37	44.886
591.83	44.779
592.28	44.643
592.73	44.501
593.18	44.332
593.64	44.151
594.09	43.944
594.54	43.736
594.99	43.513
595.45	43.276
595.90	43.023
596.35	42.748
596.80	42.452
597.26	42.149
597.71	41.822
598.16	41.490
598.61	41.148
599.07	40.797
599.52	40.429
599.97	40.061
600.42	39.686
600.88	39.303
601.33	38.920
601.78	38.538
602.23	38.138
602.69	37.746
603.14	37.350
603.59	36.952
604.04	36.550
604.49	36.156
604.95	35.767
605.40	35.392
605.85	35.030
606.30	34.670
606.75	34.325
607.21	33.995
607.66	33.673
608.11	33.366
608.56	33.066
609.01	32.792
609.46	32.532
609.92	32.287
610.37	32.059
610.82	31.854
611.27	31.670
611.72	31.517
612.17	31.378
612.63	31.259
613.08	31.163
613.53	31.093
613.98	31.052
614.43	31.036
614.88	31.040
615.34	31.058
615.79	31.098
616.24	31.158
616.69	31.240
617.14	31.347
617.59	31.473
618.04	31.620
618.49	31.790
618.95	31.977
619.40	32.181
619.85	32.412
620.30	32.656
620.75	32.909
621.20	33.182
621.65	33.471
622.10	33.775
622.55	34.097
623.00	34.432
623.46	34.773
623.91	35.118
624.36	35.477
624.81	35.840
625.26	36.211
625.71	36.587
626.16	36.976
626.61	37.367
627.06	37.761
627.51	38.171
627.96	38.575
628.41	38.979
628.86	39.381
629.32	39.780
629.77	40.174
630.22	40.569
630.67	40.960
631.12	41.347
631.57	41.736
632.02	42.117
632.47	42.485
632.92	42.850
633.37	43.223
633.82	43.575
634.27	43.914
634.72	44.251
635.17	44.576
635.62	44.882
636.07	45.181
636.52	45.462
636.97	45.733
637.42	45.984
637.87	46.224
638.32	46.448
638.77	46.669
639.22	46.876
639.67	47.067
640.12	47.241
640.57	47.402
641.02	47.546
641.47	47.672
641.92	47.793
642.37	47.888
642.82	47.946
643.27	47.991
643.72	48.033
644.17	48.050
644.62	48.059
645.07	48.055
645.52	48.039
645.97	48.012
646.42	47.961
646.87	47.899
647.32	47.847
647.77	47.793
648.22	47.710
648.66	47.604
649.11	47.472
649.56	47.328
650.01	47.174
650.46	47.012
650.91	46.845
651.36	46.649
651.81	46.442
652.26	46.243
652.71	46.020
653.16	45.786
653.61	45.544
654.06	45.288
654.50	45.022
654.95	44.737
655.40	44.445
655.85	44.150
656.30	43.850
656.75	43.517
657.20	43.173
657.65	42.828
658.10	42.481
658.55	42.153
658.99	41.827
659.44	41.492
659.89	41.147
660.34	40.791
660.79	40.442
661.24	40.098
661.69	39.750
662.13	39.418
662.58	39.076
663.03	38.743
663.48	38.408
663.93	38.076
664.38	37.749
664.83	37.427
665.27	37.106
665.72	36.787
666.17	36.482
666.62	36.183
667.07	35.890
667.52	35.612
667.96	35.321
668.41	35.035
668.86	34.760
669.31	34.498
669.76	34.259
670.21	34.029
670.65	33.812
671.10	33.606
671.55	33.410
672.00	33.234
672.45	33.065
672.89	32.916
673.34	32.774
673.79	32.647
674.24	32.529
674.68	32.425
675.13	32.339
675.58	32.271
676.03	32.221
676.48	32.177
676.92	32.145
677.37	32.141
677.82	32.150
678.27	32.169
678.71	32.197
679.16	32.238
679.61	32.297
680.06	32.368
680.50	32.452
680.95	32.561
681.40	32.678
681.85	32.800
682.29	32.935
682.74	33.090
683.19	33.257
683.64	33.437
684.08	33.636
684.53	33.844
684.98	34.068
685.43	34.300
685.87	34.540
686.32	34.791
686.77	35.041
687.21	35.291
687.66	35.564
688.11	35.852
688.55	36.133
689.00	36.416
689.45	36.721
689.90	37.036
690.34	37.340
690.79	37.647
691.24	37.964
691.68	38.281
692.13	38.592
692.58	38.895
693.02	39.219
693.47	39.530
693.92	39.837
694.36	40.131
694.81	40.437
695.26	40.745
695.70	41.045
696.15	41.345
696.60	41.655
697.04	41.961
697.49	42.246
697.94	42.520
698.38	42.809
698.83	43.087
699.27	43.360
699.72	43.611
700.17	43.873
700.61	44.128
701.06	44.384
701.51	44.641
701.95	44.903
702.40	45.156
702.84	45.394
703.29	45.625
703.74	45.848
704.18	46.063
704.63	46.264
705.07	46.457
705.52	46.653
705.97	46.835
706.41	46.990
706.86	47.145
707.30	47.310
707.75	47.466
708.20	47.609
708.64	47.724
709.09	47.829
709.53	47.924
709.98	48.022
710.42	48.089
710.87	48.132
711.32	48.168
711.76	48.183
712.21	48.201
712.65	48.218
713.10	48.237
713.54	48.230
713.99	48.221
714.43	48.209
714.88	48.166
715.33	48.098
715.77	48.048
716.22	47.997
716.66	47.933
717.11	47.845
717.55	47.753
718.00	47.660
718.44	47.570
718.89	47.455
719.33	47.338
719.78	47.228
720.22	47.115
720.67	46.992
721.11	46.864
721.56	46.738
722.00	46.586
722.45	46.416
722.89	46.248
723.34	46.075
723.78	45.914
724.23	45.751
724.67	45.584
725.12	45.392
725.56	45.194
726.01	44.985
726.45	44.771
726.90	44.533
727.34	44.292
727.78	44.065
728.23	43.833
728.67	43.577
729.12	43.318
729.56	43.061
730.01	42.795
730.45	42.510
730.90	42.210
731.34	41.942
731.79	41.673
732.23	41.390
732.67	41.093
733.12	40.778
733.56	40.493
734.01	40.218
734.45	39.925
734.89	39.637
735.34	39.373
735.78	39.107
736.23	38.840
736.67	38.570
737.12	38.293
737.56	38.022
738.00	37.755
738.45	37.493
738.89	37.240
739.34	37.011
739.78	36.805
740.22	36.594
740.67	36.359
741.11	36.125
741.55	35.911
742.00	35.704
742.44	35.494
742.89	35.273
743.33	35.066
743.77	34.888
744.22	34.715
744.66	34.518
745.10	34.328
745.55	34.145
745.99	33.987
746.43	33.838
746.88	33.690
747.32	33.541
747.76	33.413
748.21	33.307
748.65	33.191
749.09	33.067
749.54	32.950
749.98	32.853
750.42	32.777
750.87	32.692
751.31	32.613
751.75	32.564
752.20	32.539
752.64	32.517
753.08	32.489
753.53	32.452
753.97	32.445
754.41	32.453
754.85	32.479
755.30	32.503
755.74	32.537
756.18	32.603
756.63	32.694
757.07	32.782
757.51	32.844
757.95	32.922
758.40	33.022
758.84	33.135
759.28	33.256
759.72	33.373
760.17	33.507
760.61	33.664
761.05	33.818
761.50	33.958
761.94	34.095
762.38	34.240
762.82	34.422
763.26	34.601
763.71	34.780
764.15	34.952
764.59	35.121
765.03	35.294
765.48	35.469
765.92	35.632
766.36	35.799
766.80	35.992
767.25	36.195
767.69	36.393
768.13	36.619
768.57	36.849
769.01	37.083
769.46	37.313
769.90	37.535
770.34	37.760
770.78	37.987
771.22	38.239
771.67	38.516
772.11	38.779
772.55	39.035
772.99	39.273
773.43	39.513
773.87	39.784
774.32	40.055
774.76	40.310
775.20	40.561
775.64	40.816
776.08	41.092
776.52	41.354
776.97	41.613
777.41	41.846
777.85	42.078
778.29	42.316
778.73	42.572
779.17	42.843
779.62	43.094
780.06	43.343
780.50	43.582
780.94	43.809
781.38	44.027
781.82	44.245
782.26	44.485
782.70	44.728
783.15	44.955
783.59	45.180
784.03	45.397
784.47	45.613
784.91	45.814
785.35	45.995
785.79	46.176
786.23	46.354
786.67	46.525
787.11	46.687
787.56	46.846
788.00	46.997
788.44	47.131
788.88	47.282
789.32	47.427
789.76	47.569
790.20	47.704
790.64	47.850
791.08	47.998
791.52	48.124
791.96	48.227
792.40	48.322
792.84	48.433
793.28	48.560
793.73	48.683
794.17	48.801
794.61	48.905
795.05	49.008
795.49	49.086
795.93	49.153
796.37	49.205
796.81	49.258
797.25	49.326
797.69	49.366
798.13	49.378
798.57	49.399
799.01	49.411
799.45	49.391
799.89	49.351
800.33	49.313
800.77	49.301
801.21	49.293
801.65	49.260
802.09	49.209
802.53	49.148
802.97	49.083
803.41	49.028
803.85	48.975
804.29	48.909
804.73	48.876
805.17	48.816
805.61	48.759
806.05	48.691
806.49	48.578
806.93	48.491
807.37	48.420
807.81	48.346
808.25	48.258
808.69	48.164
809.13	48.069
809.57	47.977
810.01	47.859
810.44	47.725
810.88	47.599
811.32	47.470
811.76	47.331
812.20	47.178
812.64	47.018
813.08	46.847
813.52	46.658
813.96	46.443
814.40	46.272
814.84	46.108
815.28	45.938
815.72	45.771
816.16	45.596
816.59	45.418
817.03	45.237
817.47	45.052
817.91	44.894
818.35	44.732
818.79	44.556
819.23	44.378
819.67	44.199
820.11	44.021
820.54	43.813
820.98	43.600
821.42	43.401
821.86	43.185
822.30	42.974
822.74	42.784
823.18	42.594
823.62	42.384
824.05	42.168
824.49	41.961
824.93	41.761
825.37	41.558
825.81	41.354
826.25	41.127
826.69	40.876
827.12	40.605
827.56	40.350
828.00	40.102
828.44	39.871
828.88	39.649
829.32	39.412
829.75	39.199
830.19	38.979
830.63	38.754
831.07	38.537
831.51	38.314
831.94	38.078
832.38	37.850
832.82	37.644
833.26	37.447
833.70	37.251
834.13	37.047
834.57	36.839
835.01	36.637
835.45	36.449
835.89	36.292
836.32	36.148
836.76	35.980
837.20	35.796
837.64	35.617
838.08	35.456
838.51	35.329
838.95	35.196
839.39	35.072
839.83	34.954
840.26	34.844
840.70	34.741
841.14	34.644
841.58	34.552
842.01	34.458
842.45	34.362
842.89	34.265
843.33	34.163
843.76	34.077
844.20	33.989
844.64	33.913
845.08	33.831
845.51	33.752
845.95	33.687
846.39	33.630
846.82	33.571
847.26	33.507
847.70	33.420
848.14	33.347
848.57	33.292
849.01	33.255
849.45	33.205
849.88	33.161
850.32	33.128
850.76	33.109
851.19	33.092
851.63	33.083
852.07	33.081
852.50	33.100
852.94	33.099
853.38	33.100
853.81	33.116
854.25	33.142
854.69	33.180
855.12	33.232
855.56	33.291
856.00	33.353
856.43	33.434
856.87	33.528
857.31	33.625
857.74	33.724
858.18	33.800
858.62	33.890
859.05	33.972
859.49	34.065
859.93	34.150
860.36	34.253
860.80	34.353
861.24	34.451
861.67	34.542
862.11	34.642
862.54	34.758
862.98	34.878
863.42	35.009
863.85	35.150
864.29	35.289
864.72	35.435
865.16	35.580
865.60	35.712
866.03	35.854
866.47	35.990
866.90	36.119
867.34	36.273
867.78	36.459
868.21	36.671
868.65	36.892
869.08	37.109
869.52	37.300
869.95	37.483
870.39	37.671
870.83	37.873
871.26	38.106
871.70	38.349
872.13	38.573
872.57	38.797
873.00	38.991
873.44	39.178
873.87	39.363
874.31	39.546
874.75	39.735
875.18	39.917
875.62	40.122
876.05	40.313
876.49	40.537
876.92	40.767
877.36	40.996
877.79	41.193
878.23	41.384
878.66	41.593
879.10	41.818
879.53	42.046
879.97	42.270
880.40	42.467
880.84	42.661
881.27	42.844
881.71	43.015
882.14	43.207
882.58	43.406
883.01	43.605
883.45	43.817
883.88	44.028
884.32	44.230
884.75	44.417
885.19	44.632
885.62	44.817
886.06	44.992
886.49	45.167
886.92	45.361
887.36	45.579
887.79	45.780
888.23	45.956
888.66	46.126
889.10	46.275
889.53	46.431
889.97	46.571
890.40	46.718
890.83	46.869
891.27	47.005
891.70	47.165
892.14	47.327
892.57	47.500
893.01	47.693
893.44	47.871
893.87	48.047
894.31	48.240
894.74	48.415
895.18	48.561
895.61	48.670
896.04	48.766
896.48	48.837
896.91	48.902
897.35	48.962
897.78	49.030
898.21	49.124
898.65	49.229
899.08	49.342
899.52	49.459
899.95	49.580
900.38	49.699
900.82	49.833
901.25	49.966
901.68	50.099
902.12	50.192
902.55	50.283
902.99	50.412
903.42	50.501
903.85	50.585
904.29	50.674
904.72	50.775
905.15	50.871
905.59	50.958
906.02	51.065
906.45	51.192
906.89	51.304
907.32	51.422
907.75	51.517
908.19	51.570
908.62	51.618
909.05	51.648
909.49	51.673
909.92	51.669
910.35	51.654
910.78	51.605
911.22	51.535
911.65	51.497
912.08	51.428
912.52	51.389
912.95	51.342
913.38	51.281
913.82	51.228
914.25	51.189
914.68	51.154
915.11	51.109
915.55	51.048
915.98	50.990
916.41	50.892
916.84	50.815
917.28	50.747
917.71	50.697
918.14	50.660
918.58	50.618
919.01	50.534
919.44	50.461
919.87	50.407
920.31	50.383
920.74	50.355
921.17	50.286
921.60	50.185
922.03	50.104
922.47	50.005
922.90	49.897
923.33	49.764
923.76	49.652
924.20	49.538
924.63	49.432
925.06	49.317
925.49	49.183
925.92	49.044
926.36	48.943
926.79	48.811
927.22	48.669
927.65	48.524
928.08	48.397
928.52	48.265
928.95	48.099
929.38	47.938
929.81	47.780
930.24	47.634
930.68	47.469
931.11	47.311
931.54	47.169
931.97	47.035
932.40	46.918
932.83	46.785
933.27	46.650
933.70	46.476
934.13	46.313
934.56	46.192
934.99	46.052
935.42	45.867
935.85	45.677
936.29	45.509
936.72	45.363
937.15	45.225
937.58	45.067
938.01	44.914
938.44	44.736
938.87	44.539
939.31	44.338
939.74	44.172
940.17	43.996
940.60	43.808
941.03	43.628
941.46	43.461
941.89	43.302
942.32	43.097
942.75	42.912
943.18	42.729
943.62	42.519
944.05	42.289
944.48	42.080
944.91	41.881
945.34	41.676
945.77	41.427
946.20	41.184
946.63	40.967
947.06	40.740
947.49	40.514
947.92	40.290
948.35	40.072
948.78	39.829
949.22	39.602
949.65	39.351
950.08	39.100
950.51	38.842
950.94	38.582
951.37	38.361
951.80	38.181
952.23	37.989
952.66	37.817
953.09	37.677
953.52	37.511
953.95	37.356
954.38	37.179
954.81	37.030
955.24	36.861
955.67	36.698
956.10	36.543
956.53	36.402
956.96	36.281
957.39	36.157
957.82	36.037
958.25	35.882
958.68	35.741
959.11	35.613
959.54	35.445
959.97	35.292
960.40	35.171
960.83	35.007
961.26	34.863
961.69	34.688
962.12	34.489
962.55	34.321
962.98	34.129
963.41	33.953
963.84	33.818
964.27	33.713
964.70	33.561
965.13	33.419
965.56	33.280
965.99	33.136
966.42	33.020
966.84	32.874
967.27	32.763
967.70	32.695
968.13	32.566
968.56	32.513
968.99	32.389
969.42	32.263
969.85	32.159
970.28	32.007
970.71	31.911
971.14	31.812
971.57	31.719
972.00	31.642
972.42	31.554
972.85	31.464
973.28	31.341
973.71	31.203
974.14	31.095
974.57	31.022
975.00	30.929
975.43	30.811
975.86	30.728
976.28	30.663
976.71	30.560
977.14	30.496
977.57	30.367
978.00	30.345
978.43	30.297
978.86	30.232
979.29	30.198
979.71	30.175
980.14	30.188
980.57	30.124
981.00	30.064
981.43	30.036
981.86	29.973
982.28	29.909
982.71	29.872
983.14	29.816
983.57	29.743
984.00	29.695
984.43	29.679
984.85	29.712
985.28	29.726
985.71	29.769
986.14	29.755
986.57	29.788
986.99	29.745
987.42	29.741
987.85	29.716
988.28	29.756
988.71	29.740
989.13	29.704
989.56	29.750
989.99	29.816
990.42	29.866
990.85	29.909
991.27	29.947
991.70	30.009
992.13	30.098
992.56	30.163
992.98	30.213
993.41	30.244
993.84	30.248
994.27	30.240
994.70	30.255
995.12	30.332
995.55	30.383
995.98	30.501
996.41	30.492
996.83	30.609
997.26	30.644
997.69	30.727
998.11	30.744
998.54	30.778
998.97	30.806
999.40	30.863
999.82	30.976
1000.25	31.063
1000.68	31.209
1001.11	31.286
1001.53	31.378
1001.96	31.457
1002.39	31.576
1002.81	31.669
1003.24	31.679
1003.67	31.705
1004.09	31.734
1004.52	31.823
1004.95	31.801
1005.38	31.867
1005.80	31.945
1006.23	32.060
1006.66	32.042
1007.08	32.154
1007.51	32.210
1007.94	32.378
1008.36	32.413
1008.79	32.410
1009.22	32.449
1009.64	32.429
1010.07	32.442
1010.50	32.382
1010.92	32.425
1011.35	32.451
1011.77	32.515
1012.20	32.526
1012.63	32.665
1013.05	32.788
1013.48	32.801
1013.91	32.898
1014.33	32.991
1014.76	33.032
1015.19	33.017
1015.61	33.025
1016.04	33.139
1016.46	33.348
1016.89	33.321
1017.32	33.350
1017.74	33.418
1018.17	33.535
1018.59	33.676
1019.02	33.631
1019.45	33.768
1019.87	33.805
1020.30	33.841
1020.72	33.800
1021.15	33.957
1021.58	34.025
1022.00	34.050
1022.43	34.011
1022.85	34.013
1023.28	34.112
1023.70	34.248
1024.13	34.273
1024.55	34.440
1024.98	34.394
1025.41	34.275
1025.83	34.124
1026.26	34.182
1026.68	34.160
1027.11	34.212
1027.53	33.968
1027.96	34.021
1028.38	34.061
1028.81	34.067
1029.23	34.028
1029.66	34.062
1030.08	34.035
1030.51	33.995
1030.94	33.935
1031.36	33.839
1031.79	33.931
1032.21	33.973
1032.64	33.805
1033.06	33.686
1033.49	33.604
1033.91	33.582
1034.34	33.411
1034.76	33.456
1035.19	33.329
1035.61	33.337
1036.03	33.111
1036.46	33.205
1036.88	33.117
1037.31	32.932
1037.73	32.716
1038.16	32.606
1038.58	32.401
1039.01	32.357
1039.43	32.311
1039.86	32.242
1040.28	32.431
1040.71	32.305
1041.13	32.136
1041.55	31.803
1041.98	31.886
1042.40	31.791
1042.83	31.390
1043.25	31.234
1043.68	31.155
1044.10	31.226
1044.52	30.997
1044.95	30.811
1045.37	30.812
1045.80	30.950
1046.22	30.977
1046.65	30.924
1047.07	30.778
1047.49	30.837
1047.92	30.811
1048.34	30.259
1048.77	30.102
1049.19	29.600
1049.61	29.252
1050.04	28.987
1050.46	28.953
1050.89	28.746
1051.31	28.468
1051.73	28.427
1052.16	28.593
1052.58	28.400
1053.00	28.124
1053.43	27.854
1053.85	27.809
1054.27	27.515
1054.70	27.206
1055.12	26.724
1055.55	26.489
1055.97	26.356
1056.39	26.085
1056.82	25.469
1057.24	25.213
1057.66	25.214
1058.09	25.238
1058.51	24.916
1058.93	24.130
1059.36	24.031
1059.78	23.407
1060.20	23.004
1060.62	22.517
1061.05	21.788
1061.47	21.532
1061.89	20.827
1062.32	20.315
1062.74	19.792
1063.16	19.539
1063.59	18.932
1064.01	18.367
1064.43	18.183
1064.85	17.603
1065.28	17.322
1065.70	16.612
1066.12	16.313
1066.55	15.466
1066.97	14.864
1067.39	14.241
1067.81	13.803
1068.24	12.985
1068.66	12.676
1069.08	11.795
1069.50	11.116
1069.93	10.493
1070.35	9.480
1070.77	8.678
1071.19	7.808
1071.62	7.323
1072.04	5.947
1072.46	4.648
1072.88	4.363
1073.31	3.445
1073.73	2.242
1074.15	0.377
1074.57	-0.375
1075.00	-1.396
1075.42	-2.634
1075.84	-4.128
1076.26	-5.593
1076.68	-5.640
1077.11	-6.834
1077.53	-8.540
1077.95	-9.347
1078.37	-10.802
1078.79	-12.008
1079.22	-13.385
1079.64	-14.860
1080.06	-15.948
1080.48	-18.109
1080.90	-20.008
1081.32	-20.906
1081.75	-22.692
1082.17	-24.777
1082.59	-26.810
1083.01	-28.334
1083.43	-30.146
1083.85	-31.690
1084.28	-34.360
1084.70	-36.685
1085.12	-37.727
1085.54	-41.170
1085.96	-43.933
1086.38	-45.944
1086.80	-46.891
1087.23	-48.054
1087.65	-50.260
1088.07	-52.907
1088.49	-55.149
1088.91	-57.752
1089.33	-60.387
1089.75	-63.295
1090.17	-65.171
1090.60	-67.985
1091.02	-70.850
1091.44	-72.119
1091.86	-74.164
1092.28	-76.372
1092.70	-81.105
1093.12	-85.796
1093.54	-87.060
1093.96	-90.843
1094.38	-93.797
1094.81	-98.343
1095.23	-101.963
1095.65	-106.202
1096.07	-107.484
1096.49	-114.266
1096.91	-118.022
1097.33	-120.489
1097.75	-127.239
1098.17	-131.270
1098.59	-132.199
1099.01	-133.240
1099.43	-137.071
1099.85	-144.726
1100.27	-149.693
1100.69	-152.809
1101.11	-156.626
1101.53	-160.013
1101.95	-161.067
1102.38	-136.473
1102.80	-212.548
1103.22	-87.064
1103.64	-152.810
1104.06	-319.430
1104.48	-163.207
1104.90	-221.227
1105.32	-201.724
1105.74	-182.347
1106.16	-282.880
