188.40	-115.860
188.88	-391.906
189.35	474.095
189.83	1350.435
190.30	-1109.804
190.78	-302.404
191.26	-337.198
191.73	1633.962
192.21	-1598.551
192.68	-273.473
193.16	-1100.870
193.63	-1313.389
194.11	-1387.414
194.58	-1269.777
195.06	-1027.590
195.53	-668.748
196.01	-540.242
196.48	-479.699
196.96	-391.785
197.43	-329.713
197.91	-293.957
198.38	-260.118
198.86	-212.892
199.33	-175.912
199.81	-168.359
200.28	-161.320
200.76	-145.395
201.23	-131.480
201.71	-117.631
202.18	-108.623
202.66	-98.339
203.13	-93.010
203.61	-89.496
204.08	-82.548
204.55	-76.295
205.03	-72.143
205.50	-72.082
205.98	-73.850
206.45	-71.115
206.93	-68.541
207.40	-69.783
207.88	-68.322
208.35	-67.779
208.82	-69.517
209.30	-72.615
209.77	-71.264
210.25	-68.308
210.72	-68.736
211.20	-71.370
211.67	-70.221
212.14	-71.022
212.62	-69.680
213.09	-68.439
213.57	-65.347
214.04	-63.663
214.52	-62.574
214.99	-59.917
215.46	-61.657
215.94	-63.216
216.41	-60.673
216.89	-59.349
217.36	-58.255
217.83	-58.930
218.31	-59.322
218.78	-59.387
219.25	-57.544
219.73	-59.448
220.20	-61.600
220.68	-58.041
221.15	-57.227
221.62	-59.206
222.10	-59.639
222.57	-58.413
223.04	-56.712
223.52	-60.181
223.99	-62.181
224.47	-62.233
224.94	-66.030
225.41	-66.067
225.89	-65.049
226.36	-69.027
226.83	-71.789
227.31	-73.579
227.78	-71.699
228.25	-68.425
228.73	-67.801
229.20	-68.189
229.67	-69.196
230.15	-68.260
230.62	-68.834
231.09	-70.131
231.57	-69.466
232.04	-65.389
232.51	-66.782
232.98	-67.122
233.46	-64.362
233.93	-63.676
234.40	-63.727
234.88	-62.638
235.35	-61.072
235.82	-58.693
236.30	-56.466
236.77	-56.588
237.24	-58.580
237.71	-59.695
238.19	-60.806
238.66	-59.751
239.13	-61.074
239.61	-60.142
240.08	-59.763
240.55	-60.590
241.02	-58.692
241.50	-56.235
241.97	-57.778
242.44	-59.192
242.91	-61.766
243.39	-61.335
243.86	-60.171
244.33	-59.907
244.80	-60.998
245.28	-63.620
245.75	-63.608
246.22	-64.520
246.69	-62.875
247.17	-60.427
247.64	-59.835
248.11	-60.281
248.58	-61.639
249.05	-60.187
249.53	-57.783
250.00	-57.346
250.47	-58.751
250.94	-62.148
251.42	-63.823
251.89	-61.679
252.36	-60.351
252.83	-59.376
253.30	-58.163
253.78	-58.188
254.25	-58.650
254.72	-57.693
255.19	-56.839
255.66	-57.179
256.13	-58.992
256.61	-58.262
257.08	-57.271
257.55	-58.052
258.02	-56.359
258.49	-56.368
258.97	-58.345
259.44	-59.544
259.91	-60.588
260.38	-58.816
260.85	-54.936
261.32	-55.189
261.79	-54.827
262.27	-54.722
262.74	-53.529
263.21	-52.081
263.68	-52.907
264.15	-53.397
264.62	-54.956
265.09	-56.913
265.57	-57.067
266.04	-56.382
266.51	-57.672
266.98	-59.103
267.45	-58.788
267.92	-60.503
268.39	-59.893
268.86	-59.569
269.34	-56.393
269.81	-57.246
270.28	-58.022
270.75	-56.587
271.22	-57.115
271.69	-57.036
272.16	-56.731
272.63	-56.047
273.10	-57.723
273.57	-56.809
274.05	-55.218
274.52	-52.201
274.99	-49.033
275.46	-48.567
275.93	-46.954
276.40	-47.359
276.87	-46.080
277.34	-45.952
277.81	-45.880
278.28	-46.417
278.75	-46.454
279.22	-47.614
279.69	-46.952
280.16	-47.491
280.63	-48.151
281.11	-47.574
281.58	-48.564
282.05	-47.722
282.52	-47.830
282.99	-47.537
283.46	-48.973
283.93	-48.428
284.40	-48.634
284.87	-48.435
285.34	-49.224
285.81	-49.452
286.28	-48.092
286.75	-46.476
287.22	-48.191
287.69	-47.672
288.16	-45.087
288.63	-43.401
289.10	-43.973
289.57	-42.207
290.04	-39.423
290.51	-38.763
290.98	-38.459
291.45	-38.377
291.92	-38.095
292.39	-37.399
292.86	-38.512
293.33	-37.555
293.80	-37.674
294.27	-36.632
294.74	-38.031
295.21	-36.881
295.68	-36.629
296.15	-36.856
296.62	-37.644
297.09	-35.967
297.56	-35.577
298.03	-35.175
298.49	-35.981
298.96	-35.956
299.43	-35.881
299.90	-37.385
300.37	-36.719
300.84	-37.103
301.31	-36.347
301.78	-36.706
302.25	-37.063
302.72	-35.663
303.19	-35.683
303.66	-34.355
304.13	-35.054
304.60	-34.865
305.07	-34.126
305.53	-32.803
306.00	-33.392
306.47	-34.184
306.94	-34.335
307.41	-33.727
307.88	-34.435
308.35	-35.104
308.82	-34.338
309.29	-34.377
309.76	-33.891
310.22	-33.972
310.69	-34.381
311.16	-33.969
311.63	-33.246
312.10	-34.025
312.57	-33.640
313.04	-32.792
313.51	-33.162
313.97	-33.128
314.44	-33.610
314.91	-33.260
315.38	-33.087
315.85	-32.374
316.32	-31.023
316.79	-30.355
317.25	-29.566
317.72	-30.470
318.19	-29.607
318.66	-29.304
319.13	-27.709
319.60	-28.958
320.07	-29.913
320.53	-27.819
321.00	-27.275
321.47	-26.168
321.94	-25.789
322.41	-26.352
322.87	-25.748
323.34	-25.824
323.81	-25.418
324.28	-23.987
324.75	-23.872
325.22	-23.763
325.68	-24.017
326.15	-23.939
326.62	-22.326
327.09	-23.047
327.56	-22.606
328.02	-21.278
328.49	-21.319
328.96	-22.701
329.43	-21.922
329.89	-22.216
330.36	-21.957
330.83	-23.100
331.30	-24.418
331.77	-23.810
332.23	-22.560
332.70	-21.789
333.17	-22.364
333.64	-22.500
334.10	-21.078
334.57	-20.534
335.04	-21.165
335.51	-20.516
335.97	-19.849
336.44	-19.846
336.91	-19.552
337.38	-19.305
337.84	-19.503
338.31	-18.680
338.78	-18.226
339.24	-17.994
339.71	-15.670
340.18	-14.295
340.65	-13.208
341.11	-11.941
341.58	-11.323
342.05	-10.688
342.52	-11.094
342.98	-10.382
343.45	-9.996
343.92	-9.908
344.38	-10.635
344.85	-10.283
345.32	-9.494
345.78	-8.891
346.25	-8.517
346.72	-8.282
347.18	-7.672
347.65	-6.917
348.12	-6.951
348.58	-6.539
349.05	-5.638
349.52	-5.558
349.99	-5.740
350.45	-5.660
350.92	-5.236
351.38	-4.873
351.85	-4.811
352.32	-4.457
352.78	-3.936
353.25	-2.985
353.72	-2.808
354.18	-2.547
354.65	-1.870
355.12	-1.663
355.58	-1.599
356.05	-1.638
356.52	-1.409
356.98	-1.240
357.45	-1.233
357.91	-1.148
358.38	-0.967
358.85	-0.544
359.31	-0.380
359.78	-0.406
360.25	-0.181
360.71	0.046
361.18	0.280
361.64	0.254
362.11	0.398
362.58	0.440
363.04	0.351
363.51	0.423
363.97	0.676
364.44	0.804
364.91	1.026
365.37	1.059
365.84	1.105
366.30	1.339
366.77	1.459
367.23	1.508
367.70	1.525
368.17	1.743
368.63	1.723
369.10	1.615
369.56	1.654
370.03	1.910
370.49	1.988
370.96	1.909
371.42	1.942
371.89	2.027
372.36	2.199
372.82	2.147
373.29	2.162
373.75	2.403
374.22	2.534
374.68	2.562
375.15	2.520
375.61	2.705
376.08	2.683
376.54	2.751
377.01	2.824
377.47	2.973
377.94	3.039
378.40	3.053
378.87	3.017
379.33	3.047
379.80	3.056
380.26	2.988
380.73	3.108
381.19	3.266
381.66	3.374
382.12	3.397
382.59	3.425
383.05	3.500
383.52	3.484
383.98	3.458
384.45	3.462
384.91	3.571
385.38	3.625
385.84	3.665
386.31	3.627
386.77	3.638
387.24	3.727
387.70	3.754
388.16	3.767
388.63	3.871
389.09	3.976
389.56	3.996
390.02	4.031
390.49	4.015
390.95	4.075
391.42	4.109
391.88	4.134
392.34	4.216
392.81	4.318
393.27	4.423
393.74	4.485
394.20	4.522
394.67	4.640
395.13	4.738
395.59	4.823
396.06	4.892
396.52	4.989
396.99	5.039
397.45	5.021
397.91	5.025
398.38	5.031
398.84	5.073
399.31	5.093
399.77	5.096
400.23	5.155
400.70	5.168
401.16	5.109
401.63	5.052
402.09	5.056
402.55	4.995
403.02	4.892
403.48	4.812
403.94	4.796
404.41	4.757
404.87	4.660
405.33	4.593
405.80	4.610
406.26	4.575
406.73	4.548
407.19	4.577
407.65	4.654
408.12	4.753
408.58	4.806
409.04	4.856
409.51	4.956
409.97	5.069
410.43	5.168
410.90	5.308
411.36	5.504
411.82	5.698
412.29	5.903
412.75	6.118
413.21	6.335
413.67	6.546
414.14	6.764
414.60	6.964
415.06	7.203
415.53	7.414
415.99	7.634
416.45	7.820
416.92	8.000
417.38	8.157
417.84	8.272
418.30	8.372
418.77	8.493
419.23	8.576
419.69	8.587
420.16	8.591
420.62	8.582
421.08	8.552
421.54	8.456
422.01	8.347
422.47	8.248
422.93	8.172
423.39	8.026
423.86	7.874
424.32	7.736
424.78	7.582
425.24	7.435
425.71	7.272
426.17	7.126
426.63	6.999
427.09	6.875
427.56	6.768
428.02	6.644
428.48	6.530
428.94	6.427
429.41	6.303
429.87	6.233
430.33	6.322
430.79	6.432
431.25	6.585
431.72	6.779
432.18	7.006
432.64	7.247
433.10	7.547
433.56	7.832
434.03	8.178
434.49	8.556
434.95	8.925
435.41	9.305
435.87	9.715
436.34	10.146
436.80	10.563
437.26	10.979
437.72	11.427
438.18	11.868
438.64	12.319
439.11	12.776
439.57	13.216
440.03	13.546
440.49	13.830
440.95	14.086
441.41	14.304
441.88	14.502
442.34	14.668
442.80	14.780
443.26	14.877
443.72	14.924
444.18	14.923
444.64	14.876
445.11	14.816
445.57	14.717
446.03	14.579
446.49	14.412
446.95	14.241
447.41	14.048
447.87	13.831
448.33	13.584
448.79	13.342
449.26	13.085
449.72	12.824
450.18	12.587
450.64	12.352
451.10	12.133
451.56	11.911
452.02	11.708
452.48	11.543
452.94	11.400
453.40	11.305
453.87	11.218
454.33	11.193
454.79	11.191
455.25	11.219
455.71	11.281
456.17	11.404
456.63	11.573
457.09	11.767
457.55	11.999
458.01	12.287
458.47	12.624
458.93	12.993
459.39	13.390
459.85	13.798
460.31	14.241
460.77	14.696
461.24	15.183
461.70	15.693
462.16	16.205
462.62	16.732
463.08	17.238
463.54	17.758
464.00	18.272
464.46	18.785
464.92	19.271
465.38	19.733
465.84	20.175
466.30	20.590
466.76	20.978
467.22	21.337
467.68	21.669
468.14	21.943
468.60	22.183
469.06	22.396
469.52	22.577
469.98	22.717
470.44	22.818
470.90	22.867
471.36	22.882
471.82	22.862
472.28	22.798
472.74	22.697
473.20	22.567
473.66	22.406
474.12	22.208
474.58	21.979
475.04	21.737
475.50	21.472
475.95	21.175
476.41	20.867
476.87	20.550
477.33	20.219
477.79	19.898
478.25	19.569
478.71	19.241
479.17	18.912
479.63	18.593
480.09	18.282
480.55	17.995
481.01	17.728
481.47	17.479
481.93	17.259
482.39	17.077
482.84	16.926
483.30	16.813
483.76	16.737
484.22	16.697
484.68	16.693
485.14	16.730
485.60	16.809
486.06	16.931
486.52	17.092
486.98	17.292
487.44	17.528
487.89	17.803
488.35	18.119
488.81	18.470
489.27	18.848
489.73	19.259
490.19	19.700
490.65	20.162
491.11	20.655
491.56	21.163
492.02	21.681
492.48	22.211
492.94	22.747
493.40	23.284
493.86	23.830
494.32	24.373
494.77	24.909
495.23	25.437
495.69	25.955
496.15	26.454
496.61	26.936
497.07	27.401
497.52	27.851
497.98	28.273
498.44	28.673
498.90	29.043
499.36	29.392
499.82	29.701
500.27	29.978
500.73	30.218
501.19	30.431
501.65	30.612
502.11	30.759
502.56	30.873
503.02	30.951
503.48	30.995
503.94	31.007
504.40	30.983
504.85	30.928
505.31	30.846
505.77	30.734
506.23	30.592
506.69	30.423
507.14	30.223
507.60	29.995
508.06	29.739
508.52	29.471
508.97	29.174
509.43	28.868
509.89	28.538
510.35	28.199
510.80	27.849
511.26	27.498
511.72	27.142
512.18	26.774
512.63	26.406
513.09	26.038
513.55	25.674
514.01	25.320
514.46	24.979
514.92	24.646
515.38	24.332
515.84	24.038
516.29	23.768
516.75	23.515
517.21	23.286
517.66	23.082
518.12	22.905
518.58	22.758
519.04	22.642
519.49	22.566
519.95	22.522
520.41	22.506
520.86	22.524
521.32	22.574
521.78	22.668
522.23	22.791
522.69	22.956
523.15	23.154
523.61	23.387
524.06	23.649
524.52	23.941
524.98	24.265
525.43	24.614
525.89	24.980
526.35	25.371
526.80	25.785
527.26	26.219
527.72	26.675
528.17	27.142
528.63	27.625
529.09	28.114
529.54	28.614
530.00	29.119
530.45	29.624
530.91	30.134
531.37	30.635
531.82	31.135
532.28	31.629
532.74	32.112
533.19	32.582
533.65	33.032
534.10	33.464
534.56	33.875
535.02	34.264
535.47	34.637
535.93	34.998
536.39	35.339
536.84	35.656
537.30	35.945
537.75	36.211
538.21	36.442
538.67	36.649
539.12	36.831
539.58	36.988
540.03	37.122
540.49	37.234
540.94	37.323
541.40	37.383
541.86	37.404
542.31	37.402
542.77	37.375
543.22	37.332
543.68	37.269
544.13	37.181
544.59	37.073
545.05	36.938
545.50	36.776
545.96	36.590
546.41	36.390
546.87	36.169
547.32	35.930
547.78	35.678
548.23	35.408
548.69	35.121
549.14	34.819
549.60	34.500
550.06	34.167
550.51	33.820
550.97	33.471
551.42	33.115
551.88	32.755
552.33	32.385
552.79	32.020
553.24	31.650
553.70	31.289
554.15	30.933
554.61	30.589
555.06	30.250
555.52	29.919
555.97	29.597
556.43	29.288
556.88	28.996
557.34	28.728
557.79	28.479
558.25	28.254
558.70	28.048
559.15	27.864
559.61	27.707
560.06	27.575
560.52	27.469
560.97	27.400
561.43	27.355
561.88	27.346
562.34	27.361
562.79	27.398
563.25	27.465
563.70	27.557
564.16	27.682
564.61	27.838
565.06	28.020
565.52	28.232
565.97	28.473
566.43	28.740
566.88	29.026
567.34	29.335
567.79	29.662
568.24	30.014
568.70	30.387
569.15	30.771
569.61	31.175
570.06	31.589
570.51	32.016
570.97	32.461
571.42	32.915
571.88	33.386
572.33	33.859
572.78	34.334
573.24	34.815
573.69	35.291
574.15	35.771
574.60	36.248
575.05	36.725
575.51	37.196
575.96	37.665
576.42	38.135
576.87	38.599
577.32	39.058
577.78	39.499
578.23	39.932
578.68	40.357
579.14	40.768
579.59	41.162
580.04	41.535
580.50	41.890
580.95	42.224
581.40	42.538
581.86	42.843
582.31	43.131
582.76	43.408
583.22	43.663
583.67	43.897
584.12	44.118
584.58	44.303
585.03	44.468
585.48	44.603
585.94	44.708
586.39	44.786
586.84	44.849
587.30	44.903
587.75	44.931
588.20	44.938
588.66	44.923
589.11	44.895
589.56	44.849
590.01	44.778
590.47	44.686
590.92	44.569
591.37	44.435
591.83	44.274
592.28	44.091
592.73	43.897
593.18	43.684
593.64	43.453
594.09	43.208
594.54	42.955
594.99	42.694
595.45	42.421
595.90	42.132
596.35	41.822
596.80	41.496
597.26	41.159
597.71	40.809
598.16	40.454
598.61	40.089
599.07	39.718
599.52	39.341
599.97	38.963
600.42	38.582
600.88	38.196
601.33	37.812
601.78	37.431
602.23	37.039
602.69	36.652
603.14	36.270
603.59	35.892
604.04	35.520
604.49	35.151
604.95	34.786
605.40	34.444
605.85	34.117
606.30	33.798
606.75	33.499
607.21	33.213
607.66	32.940
608.11	32.685
608.56	32.442
609.01	32.220
609.46	32.018
609.92	31.835
610.37	31.675
610.82	31.541
611.27	31.426
611.72	31.342
612.17	31.280
612.63	31.230
613.08	31.206
613.53	31.205
613.98	31.239
614.43	31.291
614.88	31.361
615.34	31.449
615.79	31.559
616.24	31.683
616.69	31.835
617.14	32.008
617.59	32.200
618.04	32.409
618.49	32.638
618.95	32.882
619.40	33.143
619.85	33.423
620.30	33.714
620.75	34.013
621.20	34.328
621.65	34.651
622.10	34.989
622.55	35.342
623.00	35.702
623.46	36.063
623.91	36.430
624.36	36.807
624.81	37.185
625.26	37.574
625.71	37.970
626.16	38.373
626.61	38.771
627.06	39.169
627.51	39.572
627.96	39.970
628.41	40.367
628.86	40.757
629.32	41.139
629.77	41.517
630.22	41.897
630.67	42.265
631.12	42.631
631.57	42.999
632.02	43.355
632.47	43.691
632.92	44.029
633.37	44.373
633.82	44.695
634.27	45.003
634.72	45.301
635.17	45.581
635.62	45.840
636.07	46.092
636.52	46.318
636.97	46.539
637.42	46.742
637.87	46.930
638.32	47.102
638.77	47.271
639.22	47.434
639.67	47.569
640.12	47.694
640.57	47.808
641.02	47.895
641.47	47.967
641.92	48.037
642.37	48.074
642.82	48.079
643.27	48.076
643.72	48.061
644.17	48.026
644.62	47.981
645.07	47.923
645.52	47.858
645.97	47.788
646.42	47.690
646.87	47.594
647.32	47.501
647.77	47.406
648.22	47.286
648.66	47.139
649.11	46.977
649.56	46.794
650.01	46.597
650.46	46.398
650.91	46.194
651.36	45.967
651.81	45.729
652.26	45.496
652.71	45.239
653.16	44.979
653.61	44.711
654.06	44.429
654.50	44.141
654.95	43.834
655.40	43.527
655.85	43.218
656.30	42.893
656.75	42.544
657.20	42.192
657.65	41.840
658.10	41.479
658.55	41.137
658.99	40.807
659.44	40.471
659.89	40.127
660.34	39.775
660.79	39.429
661.24	39.097
661.69	38.762
662.13	38.442
662.58	38.113
663.03	37.792
663.48	37.478
663.93	37.167
664.38	36.867
664.83	36.569
665.27	36.276
665.72	35.986
666.17	35.714
666.62	35.438
667.07	35.173
667.52	34.929
667.96	34.676
668.41	34.429
668.86	34.198
669.31	33.983
669.76	33.790
670.21	33.604
670.65	33.432
671.10	33.270
671.55	33.122
672.00	32.996
672.45	32.883
672.89	32.782
673.34	32.692
673.79	32.616
674.24	32.551
674.68	32.499
675.13	32.467
675.58	32.456
676.03	32.458
676.48	32.466
676.92	32.486
677.37	32.533
677.82	32.594
678.27	32.660
678.71	32.738
679.16	32.826
679.61	32.931
680.06	33.045
680.50	33.169
680.95	33.318
681.40	33.476
681.85	33.627
682.29	33.801
682.74	33.991
683.19	34.190
683.64	34.397
684.08	34.626
684.53	34.864
684.98	35.111
685.43	35.375
685.87	35.650
686.32	35.922
686.77	36.194
687.21	36.456
687.66	36.741
688.11	37.039
688.55	37.334
689.00	37.627
689.45	37.945
689.90	38.271
690.34	38.585
690.79	38.893
691.24	39.221
691.68	39.544
692.13	39.854
692.58	40.152
693.02	40.467
693.47	40.768
693.92	41.067
694.36	41.350
694.81	41.646
695.26	41.939
695.70	42.227
696.15	42.515
696.60	42.815
697.04	43.105
697.49	43.372
697.94	43.622
698.38	43.890
698.83	44.140
699.27	44.387
699.72	44.613
700.17	44.850
700.61	45.080
701.06	45.310
701.51	45.537
701.95	45.767
702.40	45.993
702.84	46.210
703.29	46.416
703.74	46.613
704.18	46.789
704.63	46.958
705.07	47.119
705.52	47.273
705.97	47.418
706.41	47.542
706.86	47.658
707.30	47.789
707.75	47.918
708.20	48.024
708.64	48.103
709.09	48.174
709.53	48.232
709.98	48.287
710.42	48.312
710.87	48.314
711.32	48.315
711.76	48.293
712.21	48.272
712.65	48.242
713.10	48.217
713.54	48.181
713.99	48.138
714.43	48.092
714.88	48.019
715.33	47.924
715.77	47.838
716.22	47.757
716.66	47.657
717.11	47.532
717.55	47.415
718.00	47.300
718.44	47.177
718.89	47.033
719.33	46.891
719.78	46.758
720.22	46.627
720.67	46.481
721.11	46.333
721.56	46.174
722.00	45.997
722.45	45.810
722.89	45.623
723.34	45.428
723.78	45.244
724.23	45.062
724.67	44.875
725.12	44.670
725.56	44.455
726.01	44.235
726.45	44.002
726.90	43.751
727.34	43.494
727.78	43.257
728.23	43.019
728.67	42.753
729.12	42.483
729.56	42.221
730.01	41.956
730.45	41.669
730.90	41.371
731.34	41.105
731.79	40.834
732.23	40.546
732.67	40.250
733.12	39.941
733.56	39.659
734.01	39.392
734.45	39.103
734.89	38.825
735.34	38.571
735.78	38.319
736.23	38.058
736.67	37.801
737.12	37.538
737.56	37.281
738.00	37.031
738.45	36.788
738.89	36.551
739.34	36.332
739.78	36.142
740.22	35.951
740.67	35.741
741.11	35.527
741.55	35.333
742.00	35.149
742.44	34.965
742.89	34.770
743.33	34.585
743.77	34.435
744.22	34.289
744.66	34.125
745.10	33.961
745.55	33.806
745.99	33.684
746.43	33.574
746.88	33.461
747.32	33.347
747.76	33.254
748.21	33.188
748.65	33.106
749.09	33.020
749.54	32.936
749.98	32.879
750.42	32.845
750.87	32.797
751.31	32.756
751.75	32.740
752.20	32.746
752.64	32.761
753.08	32.774
753.53	32.775
753.97	32.802
754.41	32.850
754.85	32.917
755.30	32.975
755.74	33.039
756.18	33.132
756.63	33.256
757.07	33.379
757.51	33.470
757.95	33.580
758.40	33.711
758.84	33.861
759.28	34.007
759.72	34.146
760.17	34.310
760.61	34.486
761.05	34.663
761.50	34.832
761.94	34.995
762.38	35.163
762.82	35.367
763.26	35.564
763.71	35.765
764.15	35.964
764.59	36.159
765.03	36.348
765.48	36.540
765.92	36.714
766.36	36.888
766.80	37.089
767.25	37.302
767.69	37.514
768.13	37.740
768.57	37.974
769.01	38.220
769.46	38.455
769.90	38.691
770.34	38.922
770.78	39.148
771.22	39.401
771.67	39.670
772.11	39.931
772.55	40.190
772.99	40.424
773.43	40.655
773.87	40.908
774.32	41.177
774.76	41.434
775.20	41.683
775.64	41.935
776.08	42.208
776.52	42.465
776.97	42.707
777.41	42.937
777.85	43.156
778.29	43.383
778.73	43.632
779.17	43.880
779.62	44.115
780.06	44.352
780.50	44.577
780.94	44.791
781.38	44.993
781.82	45.194
782.26	45.416
782.70	45.632
783.15	45.841
783.59	46.044
784.03	46.236
784.47	46.429
784.91	46.593
785.35	46.747
785.79	46.904
786.23	47.068
786.67	47.215
787.11	47.368
787.56	47.501
788.00	47.619
788.44	47.741
788.88	47.873
789.32	47.994
789.76	48.106
790.20	48.217
790.64	48.335
791.08	48.458
791.52	48.551
791.96	48.633
792.40	48.707
792.84	48.791
793.28	48.886
793.73	48.983
794.17	49.077
794.61	49.154
795.05	49.227
795.49	49.273
795.93	49.318
796.37	49.339
796.81	49.369
797.25	49.417
797.69	49.430
798.13	49.425
798.57	49.423
799.01	49.413
799.45	49.377
799.89	49.319
800.33	49.265
800.77	49.236
801.21	49.217
801.65	49.169
802.09	49.097
802.53	49.022
802.97	48.929
803.41	48.853
803.85	48.785
804.29	48.708
804.73	48.655
805.17	48.573
805.61	48.488
806.05	48.388
806.49	48.248
806.93	48.139
807.37	48.043
807.81	47.955
808.25	47.852
808.69	47.736
809.13	47.618
809.57	47.486
810.01	47.344
810.44	47.182
810.88	47.028
811.32	46.879
811.76	46.727
812.20	46.570
812.64	46.402
813.08	46.218
813.52	46.018
813.96	45.798
814.40	45.618
814.84	45.451
815.28	45.275
815.72	45.111
816.16	44.922
816.59	44.736
817.03	44.526
817.47	44.337
817.91	44.170
818.35	44.008
818.79	43.833
819.23	43.648
819.67	43.459
820.11	43.275
820.54	43.072
820.98	42.854
821.42	42.654
821.86	42.438
822.30	42.226
822.74	42.032
823.18	41.830
823.62	41.609
824.05	41.380
824.49	41.178
824.93	40.976
825.37	40.788
825.81	40.590
826.25	40.384
826.69	40.137
827.12	39.869
827.56	39.616
828.00	39.382
828.44	39.167
828.88	38.954
829.32	38.728
829.75	38.515
830.19	38.314
830.63	38.098
831.07	37.894
831.51	37.682
831.94	37.465
832.38	37.253
832.82	37.056
833.26	36.882
833.70	36.701
834.13	36.515
834.57	36.320
835.01	36.132
835.45	35.963
835.89	35.821
836.32	35.691
836.76	35.547
837.20	35.384
837.64	35.231
838.08	35.093
838.51	34.991
838.95	34.882
839.39	34.783
839.83	34.683
840.26	34.592
840.70	34.514
841.14	34.437
841.58	34.372
842.01	34.313
842.45	34.251
842.89	34.178
843.33	34.096
843.76	34.037
844.20	33.984
844.64	33.931
845.08	33.876
845.51	33.826
845.95	33.796
846.39	33.767
846.82	33.729
847.26	33.694
847.70	33.638
848.14	33.592
848.57	33.548
849.01	33.527
849.45	33.502
849.88	33.478
850.32	33.467
850.76	33.475
851.19	33.498
851.63	33.513
852.07	33.541
852.50	33.586
852.94	33.602
853.38	33.617
853.81	33.650
854.25	33.698
854.69	33.764
855.12	33.836
855.56	33.914
856.00	33.997
856.43	34.106
856.87	34.210
857.31	34.334
857.74	34.455
858.18	34.560
858.62	34.673
859.05	34.776
859.49	34.882
859.93	34.981
860.36	35.085
860.80	35.194
861.24	35.304
861.67	35.414
862.11	35.542
862.54	35.665
862.98	35.798
863.42	35.949
863.85	36.104
864.29	36.249
864.72	36.408
865.16	36.567
865.60	36.709
866.03	36.864
866.47	37.007
866.90	37.151
867.34	37.326
867.78	37.520
868.21	37.739
868.65	37.974
869.08	38.203
869.52	38.405
869.95	38.592
870.39	38.783
870.83	38.988
871.26	39.216
871.70	39.465
872.13	39.694
872.57	39.907
873.00	40.095
873.44	40.291
873.87	40.475
874.31	40.668
874.75	40.851
875.18	41.041
875.62	41.232
876.05	41.427
876.49	41.634
876.92	41.869
877.36	42.100
877.79	42.302
878.23	42.495
878.66	42.696
879.10	42.925
879.53	43.151
879.97	43.368
880.40	43.568
880.84	43.762
881.27	43.961
881.71	44.135
882.14	44.320
882.58	44.505
883.01	44.698
883.45	44.890
883.88	45.097
884.32	45.287
884.75	45.483
885.19	45.685
885.62	45.873
886.06	46.033
886.49	46.214
886.92	46.393
887.36	46.591
887.79	46.769
888.23	46.938
888.66	47.107
889.10	47.247
889.53	47.374
889.97	47.511
890.40	47.629
890.83	47.753
891.27	47.882
891.70	48.032
892.14	48.199
892.57	48.358
893.01	48.530
893.44	48.706
893.87	48.862
894.31	49.033
894.74	49.189
895.18	49.320
895.61	49.405
896.04	49.481
896.48	49.527
896.91	49.595
897.35	49.643
897.78	49.681
898.21	49.756
898.65	49.872
899.08	49.964
899.52	50.069
899.95	50.179
900.38	50.280
900.82	50.387
901.25	50.492
901.68	50.589
902.12	50.664
902.55	50.755
902.99	50.866
903.42	50.936
903.85	51.004
904.29	51.082
904.72	51.169
905.15	51.247
905.59	51.332
906.02	51.431
906.45	51.537
906.89	51.631
907.32	51.723
907.75	51.797
908.19	51.830
908.62	51.862
909.05	51.890
909.49	51.918
909.92	51.914
910.35	51.866
910.78	51.813
911.22	51.736
911.65	51.655
912.08	51.574
912.52	51.519
912.95	51.452
913.38	51.368
913.82	51.283
914.25	51.235
914.68	51.186
915.11	51.126
915.55	51.046
915.98	50.992
916.41	50.910
916.84	50.801
917.28	50.737
917.71	50.668
918.14	50.622
918.58	50.561
919.01	50.452
919.44	50.362
919.87	50.298
920.31	50.276
920.74	50.227
921.17	50.126
921.60	50.029
922.03	49.940
922.47	49.832
922.90	49.724
923.33	49.590
923.76	49.470
924.20	49.359
924.63	49.262
925.06	49.135
925.49	48.977
925.92	48.839
926.36	48.710
926.79	48.573
927.22	48.428
927.65	48.291
928.08	48.167
928.52	48.048
928.95	47.887
929.38	47.707
929.81	47.544
930.24	47.411
930.68	47.249
931.11	47.086
931.54	46.943
931.97	46.808
932.40	46.677
932.83	46.531
933.27	46.363
933.70	46.178
934.13	46.022
934.56	45.890
934.99	45.725
935.42	45.566
935.85	45.390
936.29	45.208
936.72	45.006
937.15	44.844
937.58	44.699
938.01	44.555
938.44	44.367
938.87	44.180
939.31	44.007
939.74	43.857
940.17	43.693
940.60	43.517
941.03	43.339
941.46	43.156
941.89	42.978
942.32	42.788
942.75	42.600
943.18	42.412
943.62	42.217
944.05	42.026
944.48	41.797
944.91	41.595
945.34	41.381
945.77	41.184
946.20	40.996
946.63	40.792
947.06	40.581
947.49	40.393
947.92	40.221
948.35	40.010
948.78	39.772
949.22	39.529
949.65	39.312
950.08	39.068
950.51	38.847
950.94	38.618
951.37	38.398
951.80	38.237
952.23	38.036
952.66	37.880
953.09	37.743
953.52	37.597
953.95	37.445
954.38	37.307
954.81	37.158
955.24	36.997
955.67	36.810
956.10	36.641
956.53	36.511
956.96	36.353
957.39	36.213
957.82	36.069
958.25	35.951
958.68	35.794
959.11	35.679
959.54	35.537
959.97	35.413
960.40	35.334
960.83	35.191
961.26	35.100
961.69	34.941
962.12	34.783
962.55	34.597
962.98	34.438
963.41	34.287
963.84	34.188
964.27	34.068
964.70	33.962
965.13	33.867
965.56	33.754
965.99	33.656
966.42	33.526
966.84	33.454
967.27	33.362
967.70	33.317
968.13	33.259
968.56	33.207
968.99	33.168
969.42	33.078
969.85	32.975
970.28	32.863
970.71	32.814
971.14	32.780
971.57	32.714
972.00	32.675
972.42	32.625
972.85	32.554
973.28	32.471
973.71	32.382
974.14	32.324
974.57	32.288
975.00	32.218
975.43	32.173
975.86	32.132
976.28	32.105
976.71	32.031
977.14	31.928
977.57	31.869
978.00	31.782
978.43	31.720
978.86	31.697
979.29	31.684
979.71	31.631
980.14	31.521
980.57	31.523
981.00	31.495
981.43	31.510
981.86	31.479
982.28	31.451
982.71	31.464
983.14	31.416
983.57	31.337
984.00	31.303
984.43	31.326
984.85	31.337
985.28	31.334
985.71	31.374
986.14	31.414
986.57	31.473
986.99	31.551
987.42	31.544
987.85	31.600
988.28	31.633
988.71	31.664
989.13	31.762
989.56	31.835
989.99	31.953
990.42	32.034
990.85	32.110
991.27	32.173
991.70	32.273
992.13	32.367
992.56	32.454
992.98	32.568
993.41	32.639
993.84	32.719
994.27	32.757
994.70	32.841
995.12	32.963
995.55	32.994
995.98	33.015
996.41	33.153
996.83	33.208
997.26	33.312
997.69	33.427
998.11	33.436
998.54	33.574
998.97	33.660
999.40	33.727
999.82	33.849
1000.25	33.959
1000.68	34.008
1001.11	34.102
1001.53	34.207
1001.96	34.248
1002.39	34.354
1002.81	34.387
1003.24	34.498
1003.67	34.559
1004.09	34.642
1004.52	34.694
1004.95	34.784
1005.38	34.922
1005.80	35.080
1006.23	35.193
1006.66	35.245
1007.08	35.406
1007.51	35.454
1007.94	35.458
1008.36	35.436
1008.79	35.497
1009.22	35.568
1009.64	35.562
1010.07	35.696
1010.50	35.792
1010.92	36.007
1011.35	36.086
1011.77	36.160
1012.20	36.233
1012.63	36.376
1013.05	36.491
1013.48	36.623
1013.91	36.748
1014.33	36.751
1014.76	36.744
1015.19	36.732
1015.61	36.738
1016.04	36.859
1016.46	37.016
1016.89	37.055
1017.32	37.191
1017.74	37.350
1018.17	37.474
1018.59	37.706
1019.02	37.666
1019.45	37.746
1019.87	37.711
1020.30	37.704
1020.72	37.824
1021.15	37.951
1021.58	37.933
1022.00	37.953
1022.43	38.010
1022.85	38.111
1023.28	38.163
1023.70	38.171
1024.13	38.247
1024.55	38.388
1024.98	38.418
1025.41	38.291
1025.83	38.332
1026.26	38.487
1026.68	38.344
1027.11	38.336
1027.53	38.224
1027.96	38.220
1028.38	38.264
1028.81	38.304
1029.23	38.436
1029.66	38.542
1030.08	38.603
1030.51	38.803
1030.94	38.820
1031.36	38.853
1031.79	38.738
1032.21	38.756
1032.64	38.769
1033.06	38.771
1033.49	38.830
1033.91	38.666
1034.34	38.621
1034.76	38.595
1035.19	38.484
1035.61	38.501
1036.03	38.488
1036.46	38.470
1036.88	38.605
1037.31	38.496
1037.73	38.343
1038.16	38.384
1038.58	38.357
1039.01	38.242
1039.43	38.125
1039.86	38.238
1040.28	38.267
1040.71	38.506
1041.13	38.456
1041.55	38.618
1041.98	38.644
1042.40	38.525
1042.83	38.506
1043.25	38.573
1043.68	38.648
1044.10	38.579
1044.52	38.593
1044.95	38.609
1045.37	38.657
1045.80	38.439
1046.22	38.453
1046.65	38.467
1047.07	38.325
1047.49	38.217
1047.92	38.043
1048.34	37.923
1048.77	37.748
1049.19	37.474
1049.61	36.889
1050.04	36.753
1050.46	36.368
1050.89	36.164
1051.31	36.164
1051.73	36.141
1052.16	36.035
1052.58	35.790
1053.00	35.602
1053.43	35.305
1053.85	35.163
1054.27	35.286
1054.70	35.118
1055.12	34.808
1055.55	34.639
1055.97	34.459
1056.39	34.214
1056.82	34.133
1057.24	33.984
1057.66	33.847
1058.09	33.745
1058.51	33.970
1058.93	33.686
1059.36	33.653
1059.78	33.226
1060.20	32.426
1060.62	32.307
1061.05	32.006
1061.47	31.751
1061.89	31.557
1062.32	31.394
1062.74	31.186
1063.16	30.224
1063.59	30.009
1064.01	30.007
1064.43	29.688
1064.85	28.937
1065.28	28.618
1065.70	28.228
1066.12	27.556
1066.55	27.062
1066.97	26.886
1067.39	26.329
1067.81	25.597
1068.24	24.976
1068.66	24.628
1069.08	24.246
1069.50	23.561
1069.93	23.210
1070.35	22.689
1070.77	22.005
1071.19	21.189
1071.62	20.821
1072.04	20.579
1072.46	19.979
1072.88	19.262
1073.31	18.862
1073.73	18.931
1074.15	18.503
1074.57	17.950
1075.00	17.736
1075.42	16.747
1075.84	15.580
1076.26	14.753
1076.68	14.765
1077.11	14.021
1077.53	13.818
1077.95	14.123
1078.37	13.007
1078.79	12.073
1079.22	11.700
1079.64	10.931
1080.06	11.190
1080.48	9.134
1080.90	8.144
1081.32	7.370
1081.75	6.152
1082.17	5.100
1082.59	3.549
1083.01	1.800
1083.43	0.323
1083.85	-1.331
1084.28	-3.394
1084.70	-4.887
1085.12	-6.387
1085.54	-8.563
1085.96	-9.914
1086.38	-11.742
1086.80	-12.528
1087.23	-12.744
1087.65	-14.093
1088.07	-16.579
1088.49	-17.704
1088.91	-19.952
1089.33	-21.554
1089.75	-23.414
1090.17	-25.599
1090.60	-28.091
1091.02	-31.531
1091.44	-33.267
1091.86	-34.506
1092.28	-36.049
1092.70	-38.410
1093.12	-40.904
1093.54	-43.651
1093.96	-45.842
1094.38	-47.793
1094.81	-50.801
1095.23	-52.853
1095.65	-57.503
1096.07	-60.171
1096.49	-64.629
1096.91	-67.382
1097.33	-69.636
1097.75	-76.055
1098.17	-78.622
1098.59	-79.869
1099.01	-79.667
1099.43	-81.509
1099.85	-86.137
1100.27	-89.700
1100.69	-93.093
1101.11	-95.103
1101.53	-97.760
1101.95	-96.647
1102.38	-83.977
1102.80	-135.467
1103.22	-54.070
1103.64	-94.648
1104.06	-242.068
1104.48	-113.669
1104.90	-144.417
1105.32	-104.713
1105.74	-96.526
1106.16	-115.520
