188.40	-28.715
188.88	31.070
189.35	67.409
189.83	282.609
190.30	-584.314
190.78	-9.135
191.26	-48.792
191.73	362.264
192.21	-262.319
192.68	35.305
193.16	-190.075
193.63	-226.593
194.11	-275.857
194.58	-277.788
195.06	-227.290
195.53	-139.411
196.01	-110.228
196.48	-103.770
196.96	-90.301
197.43	-66.184
197.91	-61.228
198.38	-56.616
198.86	-41.766
199.33	-29.600
199.81	-29.685
200.28	-30.053
200.76	-23.765
201.23	-20.019
201.71	-15.791
202.18	-13.443
202.66	-11.546
203.13	-10.525
203.61	-7.753
204.08	-4.244
204.55	-1.036
205.03	2.067
205.50	4.725
205.98	4.561
206.45	6.945
206.93	9.230
207.40	7.582
207.88	8.338
208.35	7.751
208.82	7.393
209.30	7.542
209.77	7.332
210.25	6.780
210.72	6.264
211.20	5.656
211.67	9.072
212.14	10.692
212.62	11.742
213.09	13.307
213.57	13.129
214.04	13.844
214.52	13.953
214.99	13.359
215.46	11.958
215.94	9.092
216.41	9.540
216.89	10.525
217.36	10.549
217.83	9.341
218.31	10.273
218.78	11.108
219.25	11.858
219.73	10.701
220.20	10.322
220.68	11.523
221.15	10.440
221.62	9.776
222.10	8.167
222.57	9.209
223.04	9.346
223.52	7.525
223.99	5.449
224.47	5.455
224.94	4.615
225.41	5.847
225.89	6.682
226.36	6.046
226.83	4.683
227.31	3.546
227.78	4.653
228.25	4.505
228.73	5.884
229.20	7.230
229.67	7.714
230.15	7.038
230.62	8.916
231.09	8.205
231.57	6.663
232.04	7.670
232.51	6.713
232.98	6.145
233.46	7.821
233.93	9.147
234.40	9.695
234.88	9.094
235.35	6.449
235.82	8.040
236.30	9.471
236.77	10.112
237.24	9.470
237.71	9.373
238.19	11.060
238.66	9.927
239.13	7.080
239.61	7.934
240.08	8.938
240.55	7.814
241.02	8.798
241.50	8.600
241.97	10.968
242.44	10.126
242.91	9.003
243.39	7.660
243.86	7.804
244.33	7.779
244.80	7.441
245.28	7.882
245.75	7.813
246.22	6.332
246.69	5.926
247.17	5.421
247.64	6.105
248.11	6.348
248.58	5.338
249.05	5.224
249.53	5.975
250.00	5.502
250.47	4.399
250.94	2.540
251.42	2.686
251.89	2.786
252.36	2.897
252.83	3.162
253.30	5.026
253.78	4.450
254.25	5.130
254.72	4.961
255.19	4.536
255.66	6.016
256.13	4.684
256.61	5.098
257.08	7.058
257.55	5.599
258.02	3.887
258.49	3.862
258.97	4.374
259.44	4.212
259.91	3.493
260.38	3.705
260.85	6.744
261.32	6.854
261.79	5.488
262.27	4.875
262.74	6.840
263.21	8.221
263.68	6.795
264.15	3.716
264.62	3.755
265.09	4.811
265.57	1.328
266.04	1.533
266.51	1.478
266.98	1.831
267.45	2.820
267.92	2.138
268.39	1.231
268.86	1.220
269.34	2.468
269.81	1.243
270.28	0.482
270.75	0.973
271.22	0.769
271.69	1.160
272.16	1.781
272.63	0.825
273.10	-0.031
273.57	1.515
274.05	4.106
274.52	5.110
274.99	5.107
275.46	7.347
275.93	8.202
276.40	7.662
276.87	7.306
277.34	6.557
277.81	6.812
278.28	7.899
278.75	7.546
279.22	5.464
279.69	7.279
280.16	8.761
280.63	9.760
281.11	8.411
281.58	8.038
282.05	9.720
282.52	9.642
282.99	8.791
283.46	7.998
283.93	7.983
284.40	7.720
284.87	7.922
285.34	6.713
285.81	5.907
286.28	6.826
286.75	7.301
287.22	7.750
287.69	8.358
288.16	10.257
288.63	9.917
289.10	10.333
289.57	10.045
290.04	9.893
290.51	9.447
290.98	10.169
291.45	11.117
291.92	10.234
292.39	9.773
292.86	9.891
293.33	10.997
293.80	11.639
294.27	12.977
294.74	11.669
295.21	12.989
295.68	13.987
296.15	13.431
296.62	12.287
297.09	10.942
297.56	10.665
298.03	9.719
298.49	9.724
298.96	9.636
299.43	10.284
299.90	10.009
300.37	8.760
300.84	9.429
301.31	8.389
301.78	8.892
302.25	9.059
302.72	8.459
303.19	8.899
303.66	8.730
304.13	7.991
304.60	8.168
305.07	8.038
305.53	9.470
306.00	9.154
306.47	8.984
306.94	10.090
307.41	10.371
307.88	9.966
308.35	10.533
308.82	11.646
309.29	11.199
309.76	10.919
310.22	10.596
310.69	10.170
311.16	11.408
311.63	11.566
312.10	10.990
312.57	13.025
313.04	12.851
313.51	12.603
313.97	12.847
314.44	14.235
314.91	14.736
315.38	13.800
315.85	14.335
316.32	15.560
316.79	16.159
317.25	16.086
317.72	15.087
318.19	14.689
318.66	14.291
319.13	15.018
319.60	14.823
320.07	14.753
320.53	15.522
321.00	14.529
321.47	14.838
321.94	15.569
322.41	14.213
322.87	13.504
323.34	13.038
323.81	12.803
324.28	12.590
324.75	11.985
325.22	12.018
325.68	12.027
326.15	12.040
326.62	12.659
327.09	12.075
327.56	12.876
328.02	13.787
328.49	13.054
328.96	13.078
329.43	12.784
329.89	13.522
330.36	13.352
330.83	12.968
331.30	12.233
331.77	12.569
332.23	12.396
332.70	13.127
333.17	12.044
333.64	12.159
334.10	12.623
334.57	12.574
335.04	12.140
335.51	11.573
335.97	10.993
336.44	10.579
336.91	10.653
337.38	10.675
337.84	10.523
338.31	10.715
338.78	10.647
339.24	11.157
339.71	11.553
340.18	11.539
340.65	11.582
341.11	11.615
341.58	11.748
342.05	11.987
342.52	11.987
342.98	12.557
343.45	12.201
343.92	11.494
344.38	11.131
344.85	10.886
345.32	11.224
345.78	10.855
346.25	10.374
346.72	10.562
347.18	10.956
347.65	10.611
348.12	10.374
348.58	9.851
349.05	10.022
349.52	9.567
349.99	9.302
350.45	9.280
350.92	9.174
351.38	8.831
351.85	8.517
352.32	8.308
352.78	8.460
353.25	8.686
353.72	8.649
354.18	8.567
354.65	8.795
355.12	8.858
355.58	9.000
356.05	9.010
356.52	8.874
356.98	8.562
357.45	8.577
357.91	8.760
358.38	8.801
358.85	8.718
359.31	8.588
359.78	8.416
360.25	8.411
360.71	8.413
361.18	8.261
361.64	8.035
362.11	8.015
362.58	7.817
363.04	7.673
363.51	7.758
363.97	7.774
364.44	7.595
364.91	7.513
365.37	7.379
365.84	7.325
366.30	7.354
366.77	7.098
367.23	7.030
367.70	6.801
368.17	6.791
368.63	6.799
369.10	6.735
369.56	6.751
370.03	6.720
370.49	6.644
370.96	6.619
371.42	6.672
371.89	6.662
372.36	6.805
372.82	6.735
373.29	6.651
373.75	6.739
374.22	6.810
374.68	6.758
375.15	6.788
375.61	6.786
376.08	6.727
376.54	6.755
377.01	6.735
377.47	6.866
377.94	6.846
378.40	6.800
378.87	6.800
379.33	6.788
379.80	6.759
380.26	6.682
380.73	6.680
381.19	6.650
381.66	6.630
382.12	6.535
382.59	6.558
383.05	6.535
383.52	6.464
383.98	6.394
384.45	6.325
384.91	6.308
385.38	6.254
385.84	6.210
386.31	6.216
386.77	6.156
387.24	6.123
387.70	6.138
388.16	6.131
388.63	6.191
389.09	6.212
389.56	6.247
390.02	6.282
390.49	6.288
390.95	6.317
391.42	6.353
391.88	6.337
392.34	6.337
392.81	6.335
393.27	6.403
393.74	6.430
394.20	6.489
394.67	6.546
395.13	6.587
395.59	6.685
396.06	6.676
396.52	6.678
396.99	6.718
397.45	6.686
397.91	6.657
398.38	6.534
398.84	6.497
399.31	6.438
399.77	6.377
400.23	6.356
400.70	6.327
401.16	6.241
401.63	6.172
402.09	6.121
402.55	6.072
403.02	5.960
403.48	5.923
403.94	5.836
404.41	5.774
404.87	5.734
405.33	5.655
405.80	5.665
406.26	5.662
406.73	5.645
407.19	5.690
407.65	5.714
408.12	5.823
408.58	5.923
409.04	6.024
409.51	6.147
409.97	6.235
410.43	6.381
410.90	6.543
411.36	6.742
411.82	6.921
412.29	7.134
412.75	7.352
413.21	7.530
413.67	7.770
414.14	7.973
414.60	8.168
415.06	8.357
415.53	8.530
415.99	8.715
416.45	8.885
416.92	8.998
417.38	9.089
417.84	9.183
418.30	9.210
418.77	9.243
419.23	9.274
419.69	9.262
420.16	9.218
420.62	9.146
421.08	9.047
421.54	8.934
422.01	8.793
422.47	8.649
422.93	8.527
423.39	8.367
423.86	8.208
424.32	8.046
424.78	7.888
425.24	7.768
425.71	7.618
426.17	7.494
426.63	7.403
427.09	7.341
427.56	7.256
428.02	7.197
428.48	7.159
428.94	7.111
429.41	7.056
429.87	7.055
430.33	7.184
430.79	7.365
431.25	7.594
431.72	7.839
432.18	8.107
432.64	8.395
433.10	8.717
433.56	9.035
434.03	9.396
434.49	9.773
434.95	10.154
435.41	10.545
435.87	10.912
436.34	11.303
436.80	11.687
437.26	12.074
437.72	12.464
438.18	12.835
438.64	13.228
439.11	13.627
439.57	13.975
440.03	14.234
440.49	14.454
440.95	14.599
441.41	14.726
441.88	14.835
442.34	14.937
442.80	14.984
443.26	15.002
443.72	14.968
444.18	14.901
444.64	14.780
445.11	14.658
445.57	14.501
446.03	14.326
446.49	14.119
446.95	13.905
447.41	13.672
447.87	13.435
448.33	13.190
448.79	12.930
449.26	12.679
449.72	12.452
450.18	12.233
450.64	12.051
451.10	11.876
451.56	11.717
452.02	11.561
452.48	11.456
452.94	11.374
453.40	11.346
453.87	11.353
454.33	11.402
454.79	11.494
455.25	11.613
455.71	11.763
456.17	11.975
456.63	12.234
457.09	12.524
457.55	12.848
458.01	13.191
458.47	13.595
458.93	14.024
459.39	14.462
459.85	14.905
460.31	15.369
460.77	15.849
461.24	16.350
461.70	16.854
462.16	17.348
462.62	17.861
463.08	18.347
463.54	18.835
464.00	19.315
464.46	19.764
464.92	20.199
465.38	20.597
465.84	20.968
466.30	21.303
466.76	21.613
467.22	21.878
467.68	22.118
468.14	22.316
468.60	22.466
469.06	22.591
469.52	22.670
469.98	22.719
470.44	22.734
470.90	22.700
471.36	22.636
471.82	22.537
472.28	22.399
472.74	22.230
473.20	22.027
473.66	21.800
474.12	21.552
474.58	21.271
475.04	20.990
475.50	20.687
475.95	20.371
476.41	20.047
476.87	19.727
477.33	19.402
477.79	19.082
478.25	18.773
478.71	18.464
479.17	18.174
479.63	17.899
480.09	17.641
480.55	17.411
481.01	17.212
481.47	17.042
481.93	16.907
482.39	16.807
482.84	16.747
483.30	16.721
483.76	16.735
484.22	16.791
484.68	16.879
485.14	17.016
485.60	17.190
486.06	17.402
486.52	17.648
486.98	17.937
487.44	18.258
487.89	18.616
488.35	18.999
488.81	19.420
489.27	19.861
489.73	20.326
490.19	20.810
490.65	21.307
491.11	21.828
491.56	22.353
492.02	22.887
492.48	23.420
492.94	23.960
493.40	24.492
493.86	25.024
494.32	25.543
494.77	26.044
495.23	26.529
495.69	26.993
496.15	27.445
496.61	27.870
497.07	28.271
497.52	28.643
497.98	29.002
498.44	29.330
498.90	29.625
499.36	29.888
499.82	30.118
500.27	30.315
500.73	30.472
501.19	30.595
501.65	30.686
502.11	30.743
502.56	30.770
503.02	30.752
503.48	30.707
503.94	30.637
504.40	30.539
504.85	30.410
505.31	30.259
505.77	30.069
506.23	29.858
506.69	29.625
507.14	29.371
507.60	29.091
508.06	28.792
508.52	28.470
508.97	28.138
509.43	27.800
509.89	27.448
510.35	27.091
510.80	26.733
511.26	26.379
511.72	26.025
512.18	25.668
512.63	25.325
513.09	24.986
513.55	24.657
514.01	24.341
514.46	24.044
514.92	23.769
515.38	23.521
515.84	23.297
516.29	23.098
516.75	22.920
517.21	22.772
517.66	22.649
518.12	22.567
518.58	22.515
519.04	22.494
519.49	22.511
519.95	22.561
520.41	22.641
520.86	22.755
521.32	22.910
521.78	23.095
522.23	23.315
522.69	23.566
523.15	23.854
523.61	24.166
524.06	24.505
524.52	24.872
524.98	25.260
525.43	25.666
525.89	26.089
526.35	26.532
526.80	26.990
527.26	27.463
527.72	27.945
528.17	28.437
528.63	28.930
529.09	29.428
529.54	29.932
530.00	30.437
530.45	30.940
530.91	31.434
531.37	31.915
531.82	32.384
532.28	32.848
532.74	33.291
533.19	33.721
533.65	34.126
534.10	34.503
534.56	34.854
535.02	35.184
535.47	35.494
535.93	35.784
536.39	36.052
536.84	36.297
537.30	36.519
537.75	36.711
538.21	36.869
538.67	37.002
539.12	37.108
539.58	37.183
540.03	37.227
540.49	37.253
540.94	37.256
541.40	37.231
541.86	37.176
542.31	37.092
542.77	36.990
543.22	36.869
543.68	36.733
544.13	36.579
544.59	36.406
545.05	36.209
545.50	35.991
545.96	35.751
546.41	35.494
546.87	35.225
547.32	34.942
547.78	34.650
548.23	34.337
548.69	34.013
549.14	33.684
549.60	33.347
550.06	32.999
550.51	32.649
550.97	32.299
551.42	31.941
551.88	31.590
552.33	31.231
552.79	30.885
553.24	30.542
553.70	30.210
554.15	29.889
554.61	29.583
555.06	29.286
555.52	29.002
555.97	28.734
556.43	28.482
556.88	28.250
557.34	28.046
557.79	27.870
558.25	27.719
558.70	27.593
559.15	27.492
559.61	27.419
560.06	27.369
560.52	27.347
560.97	27.362
561.43	27.408
561.88	27.488
562.34	27.592
562.79	27.719
563.25	27.876
563.70	28.053
564.16	28.267
564.61	28.505
565.06	28.767
565.52	29.056
565.97	29.369
566.43	29.707
566.88	30.064
567.34	30.441
567.79	30.828
568.24	31.238
568.70	31.660
569.15	32.094
569.61	32.543
570.06	32.998
570.51	33.462
570.97	33.932
571.42	34.401
571.88	34.887
572.33	35.375
572.78	35.853
573.24	36.335
573.69	36.803
574.15	37.276
574.60	37.739
575.05	38.194
575.51	38.648
575.96	39.091
576.42	39.529
576.87	39.952
577.32	40.369
577.78	40.764
578.23	41.155
578.68	41.523
579.14	41.878
579.59	42.216
580.04	42.529
580.50	42.822
580.95	43.096
581.40	43.340
581.86	43.576
582.31	43.797
582.76	44.008
583.22	44.198
583.67	44.362
584.12	44.517
584.58	44.641
585.03	44.728
585.48	44.792
585.94	44.828
586.39	44.838
586.84	44.838
587.30	44.818
587.75	44.769
588.20	44.715
588.66	44.632
589.11	44.532
589.56	44.413
590.01	44.272
590.47	44.109
590.92	43.937
591.37	43.745
591.83	43.529
592.28	43.287
592.73	43.032
593.18	42.763
593.64	42.473
594.09	42.173
594.54	41.876
594.99	41.570
595.45	41.249
595.90	40.927
596.35	40.589
596.80	40.242
597.26	39.882
597.71	39.512
598.16	39.142
598.61	38.771
599.07	38.402
599.52	38.029
599.97	37.662
600.42	37.289
600.88	36.907
601.33	36.535
601.78	36.174
602.23	35.813
602.69	35.460
603.14	35.110
603.59	34.771
604.04	34.439
604.49	34.107
604.95	33.788
605.40	33.489
605.85	33.206
606.30	32.933
606.75	32.687
607.21	32.459
607.66	32.252
608.11	32.060
608.56	31.885
609.01	31.734
609.46	31.601
609.92	31.494
610.37	31.408
610.82	31.350
611.27	31.311
611.72	31.300
612.17	31.310
612.63	31.346
613.08	31.403
613.53	31.479
613.98	31.590
614.43	31.722
614.88	31.873
615.34	32.037
615.79	32.223
616.24	32.426
616.69	32.639
617.14	32.873
617.59	33.121
618.04	33.389
618.49	33.670
618.95	33.964
619.40	34.272
619.85	34.603
620.30	34.938
620.75	35.281
621.20	35.632
621.65	35.994
622.10	36.367
622.55	36.749
623.00	37.137
623.46	37.528
623.91	37.911
624.36	38.301
624.81	38.695
625.26	39.093
625.71	39.487
626.16	39.893
626.61	40.289
627.06	40.687
627.51	41.085
627.96	41.479
628.41	41.866
628.86	42.236
629.32	42.600
629.77	42.956
630.22	43.307
630.67	43.649
631.12	43.986
631.57	44.316
632.02	44.636
632.47	44.936
632.92	45.229
633.37	45.530
633.82	45.807
634.27	46.064
634.72	46.312
635.17	46.543
635.62	46.752
636.07	46.953
636.52	47.123
636.97	47.281
637.42	47.427
637.87	47.558
638.32	47.676
638.77	47.789
639.22	47.892
639.67	47.968
640.12	48.032
640.57	48.078
641.02	48.103
641.47	48.111
641.92	48.118
642.37	48.099
642.82	48.051
643.27	47.991
643.72	47.921
644.17	47.832
644.62	47.735
645.07	47.622
645.52	47.507
645.97	47.391
646.42	47.252
646.87	47.099
647.32	46.958
647.77	46.814
648.22	46.639
648.66	46.447
649.11	46.244
649.56	46.020
650.01	45.788
650.46	45.552
650.91	45.311
651.36	45.053
651.81	44.783
652.26	44.518
652.71	44.236
653.16	43.956
653.61	43.669
654.06	43.372
654.50	43.068
654.95	42.745
655.40	42.413
655.85	42.088
656.30	41.756
656.75	41.405
657.20	41.045
657.65	40.696
658.10	40.341
658.55	39.998
658.99	39.668
659.44	39.335
659.89	39.005
660.34	38.665
660.79	38.325
661.24	38.008
661.69	37.689
662.13	37.383
662.58	37.070
663.03	36.769
663.48	36.469
663.93	36.183
664.38	35.912
664.83	35.655
665.27	35.397
665.72	35.146
666.17	34.904
666.62	34.672
667.07	34.450
667.52	34.244
667.96	34.039
668.41	33.842
668.86	33.665
669.31	33.493
669.76	33.348
670.21	33.224
670.65	33.113
671.10	33.009
671.55	32.918
672.00	32.844
672.45	32.786
672.89	32.745
673.34	32.715
673.79	32.693
674.24	32.684
674.68	32.691
675.13	32.713
675.58	32.762
676.03	32.820
676.48	32.888
676.92	32.962
677.37	33.058
677.82	33.170
678.27	33.284
678.71	33.408
679.16	33.545
679.61	33.689
680.06	33.839
680.50	34.006
680.95	34.202
681.40	34.405
681.85	34.603
682.29	34.820
682.74	35.055
683.19	35.295
683.64	35.542
684.08	35.802
684.53	36.077
684.98	36.356
685.43	36.649
685.87	36.940
686.32	37.235
686.77	37.523
687.21	37.807
687.66	38.113
688.11	38.436
688.55	38.750
689.00	39.062
689.45	39.395
689.90	39.732
690.34	40.047
690.79	40.357
691.24	40.683
691.68	41.006
692.13	41.307
692.58	41.594
693.02	41.895
693.47	42.186
693.92	42.461
694.36	42.731
694.81	43.010
695.26	43.283
695.70	43.556
696.15	43.835
696.60	44.116
697.04	44.377
697.49	44.619
697.94	44.848
698.38	45.082
698.83	45.298
699.27	45.506
699.72	45.698
700.17	45.906
700.61	46.100
701.06	46.278
701.51	46.463
701.95	46.656
702.40	46.837
702.84	47.019
703.29	47.197
703.74	47.349
704.18	47.482
704.63	47.617
705.07	47.745
705.52	47.858
705.97	47.958
706.41	48.040
706.86	48.107
707.30	48.186
707.75	48.265
708.20	48.329
708.64	48.370
709.09	48.403
709.53	48.421
709.98	48.440
710.42	48.441
710.87	48.417
711.32	48.388
711.76	48.343
712.21	48.285
712.65	48.214
713.10	48.154
713.54	48.083
713.99	48.006
714.43	47.921
714.88	47.807
715.33	47.677
715.77	47.560
716.22	47.452
716.66	47.323
717.11	47.173
717.55	47.022
718.00	46.872
718.44	46.721
718.89	46.539
719.33	46.364
719.78	46.196
720.22	46.028
720.67	45.850
721.11	45.664
721.56	45.480
722.00	45.278
722.45	45.065
722.89	44.849
723.34	44.625
723.78	44.414
724.23	44.214
724.67	44.005
725.12	43.777
725.56	43.533
726.01	43.293
726.45	43.045
726.90	42.781
727.34	42.513
727.78	42.255
728.23	42.006
728.67	41.732
729.12	41.460
729.56	41.200
730.01	40.932
730.45	40.649
730.90	40.348
731.34	40.075
731.79	39.802
732.23	39.521
732.67	39.232
733.12	38.930
733.56	38.653
734.01	38.391
734.45	38.117
734.89	37.864
735.34	37.626
735.78	37.397
736.23	37.161
736.67	36.921
737.12	36.686
737.56	36.458
738.00	36.227
738.45	36.005
738.89	35.787
739.34	35.591
739.78	35.420
740.22	35.250
740.67	35.071
741.11	34.891
741.55	34.735
742.00	34.586
742.44	34.439
742.89	34.284
743.33	34.141
743.77	34.027
744.22	33.913
744.66	33.782
745.10	33.654
745.55	33.543
745.99	33.459
746.43	33.386
746.88	33.311
747.32	33.245
747.76	33.187
748.21	33.150
748.65	33.109
749.09	33.062
749.54	33.026
749.98	33.012
750.42	33.020
750.87	33.011
751.31	33.005
751.75	33.028
752.20	33.068
752.64	33.122
753.08	33.165
753.53	33.210
753.97	33.281
754.41	33.360
754.85	33.457
755.30	33.552
755.74	33.649
756.18	33.773
756.63	33.915
757.07	34.069
757.51	34.195
757.95	34.330
758.40	34.490
758.84	34.663
759.28	34.836
759.72	34.997
760.17	35.185
760.61	35.395
761.05	35.601
761.50	35.799
761.94	35.986
762.38	36.180
762.82	36.396
763.26	36.617
763.71	36.837
764.15	37.050
764.59	37.252
765.03	37.457
765.48	37.670
765.92	37.872
766.36	38.060
766.80	38.277
767.25	38.505
767.69	38.732
768.13	38.966
768.57	39.212
769.01	39.464
769.46	39.695
769.90	39.919
770.34	40.136
770.78	40.357
771.22	40.604
771.67	40.877
772.11	41.142
772.55	41.387
772.99	41.615
773.43	41.843
773.87	42.108
774.32	42.375
774.76	42.625
775.20	42.863
775.64	43.113
776.08	43.376
776.52	43.615
776.97	43.845
777.41	44.063
777.85	44.266
778.29	44.479
778.73	44.716
779.17	44.957
779.62	45.174
780.06	45.386
780.50	45.590
780.94	45.784
781.38	45.970
781.82	46.150
782.26	46.350
782.70	46.548
783.15	46.731
783.59	46.906
784.03	47.058
784.47	47.208
784.91	47.343
785.35	47.462
785.79	47.596
786.23	47.731
786.67	47.860
787.11	47.990
787.56	48.115
788.00	48.227
788.44	48.328
788.88	48.450
789.32	48.554
789.76	48.645
790.20	48.727
790.64	48.814
791.08	48.912
791.52	48.984
791.96	49.032
792.40	49.077
792.84	49.125
793.28	49.200
793.73	49.275
794.17	49.332
794.61	49.369
795.05	49.410
795.49	49.431
795.93	49.441
796.37	49.432
796.81	49.427
797.25	49.434
797.69	49.417
798.13	49.381
798.57	49.350
799.01	49.314
799.45	49.254
799.89	49.174
800.33	49.090
800.77	49.026
801.21	48.981
801.65	48.909
802.09	48.828
802.53	48.731
802.97	48.618
803.41	48.525
803.85	48.446
804.29	48.358
804.73	48.276
805.17	48.168
805.61	48.049
806.05	47.910
806.49	47.745
806.93	47.604
807.37	47.479
807.81	47.366
808.25	47.237
808.69	47.100
809.13	46.956
809.57	46.802
810.01	46.645
810.44	46.461
810.88	46.283
811.32	46.105
811.76	45.928
812.20	45.762
812.64	45.585
813.08	45.397
813.52	45.178
813.96	44.950
814.40	44.757
814.84	44.582
815.28	44.409
815.72	44.229
816.16	44.042
816.59	43.856
817.03	43.656
817.47	43.465
817.91	43.292
818.35	43.124
818.79	42.964
819.23	42.781
819.67	42.599
820.11	42.425
820.54	42.228
820.98	42.011
821.42	41.804
821.86	41.596
822.30	41.392
822.74	41.204
823.18	41.004
823.62	40.797
824.05	40.582
824.49	40.381
824.93	40.191
825.37	39.995
825.81	39.792
826.25	39.585
826.69	39.348
827.12	39.099
827.56	38.865
828.00	38.629
828.44	38.419
828.88	38.220
829.32	38.007
829.75	37.813
830.19	37.634
830.63	37.444
831.07	37.252
831.51	37.058
831.94	36.857
832.38	36.668
832.82	36.480
833.26	36.309
833.70	36.144
834.13	35.985
834.57	35.821
835.01	35.665
835.45	35.524
835.89	35.401
836.32	35.292
836.76	35.157
837.20	35.011
837.64	34.878
838.08	34.763
838.51	34.680
838.95	34.589
839.39	34.502
839.83	34.431
840.26	34.362
840.70	34.299
841.14	34.247
841.58	34.213
842.01	34.184
842.45	34.150
842.89	34.107
843.33	34.050
843.76	34.006
844.20	33.970
844.64	33.947
845.08	33.925
845.51	33.899
845.95	33.896
846.39	33.905
846.82	33.901
847.26	33.894
847.70	33.862
848.14	33.852
848.57	33.846
849.01	33.844
849.45	33.836
849.88	33.836
850.32	33.849
850.76	33.879
851.19	33.915
851.63	33.952
852.07	34.011
852.50	34.087
852.94	34.140
853.38	34.181
853.81	34.230
854.25	34.297
854.69	34.378
855.12	34.474
855.56	34.571
856.00	34.674
856.43	34.787
856.87	34.907
857.31	35.039
857.74	35.185
858.18	35.319
858.62	35.467
859.05	35.604
859.49	35.741
859.93	35.861
860.36	35.995
860.80	36.144
861.24	36.273
861.67	36.398
862.11	36.526
862.54	36.675
862.98	36.831
863.42	37.004
863.85	37.171
864.29	37.337
864.72	37.514
865.16	37.680
865.60	37.841
866.03	38.011
866.47	38.173
866.90	38.328
867.34	38.496
867.78	38.688
868.21	38.910
868.65	39.145
869.08	39.369
869.52	39.564
869.95	39.742
870.39	39.918
870.83	40.118
871.26	40.357
871.70	40.602
872.13	40.832
872.57	41.045
873.00	41.250
873.44	41.451
873.87	41.645
874.31	41.843
874.75	42.038
875.18	42.234
875.62	42.428
876.05	42.617
876.49	42.833
876.92	43.074
877.36	43.304
877.79	43.496
878.23	43.684
878.66	43.893
879.10	44.128
879.53	44.368
879.97	44.580
880.40	44.767
880.84	44.953
881.27	45.129
881.71	45.291
882.14	45.463
882.58	45.628
883.01	45.802
883.45	45.988
883.88	46.180
884.32	46.351
884.75	46.524
885.19	46.705
885.62	46.874
886.06	47.028
886.49	47.189
886.92	47.349
887.36	47.536
887.79	47.699
888.23	47.836
888.66	47.974
889.10	48.101
889.53	48.241
889.97	48.365
890.40	48.480
890.83	48.609
891.27	48.739
891.70	48.876
892.14	49.028
892.57	49.159
893.01	49.328
893.44	49.490
893.87	49.649
894.31	49.825
894.74	49.978
895.18	50.084
895.61	50.173
896.04	50.256
896.48	50.331
896.91	50.405
897.35	50.472
897.78	50.520
898.21	50.600
898.65	50.692
899.08	50.766
899.52	50.845
899.95	50.938
900.38	51.037
900.82	51.140
901.25	51.233
901.68	51.329
902.12	51.388
902.55	51.474
902.99	51.560
903.42	51.625
903.85	51.665
904.29	51.727
904.72	51.773
905.15	51.821
905.59	51.844
906.02	51.891
906.45	51.931
906.89	51.999
907.32	52.072
907.75	52.128
908.19	52.158
908.62	52.174
909.05	52.160
909.49	52.116
909.92	52.064
910.35	51.997
910.78	51.912
911.22	51.807
911.65	51.697
912.08	51.596
912.52	51.509
912.95	51.455
913.38	51.365
913.82	51.283
914.25	51.231
914.68	51.173
915.11	51.116
915.55	51.061
915.98	51.023
916.41	50.933
916.84	50.811
917.28	50.716
917.71	50.648
918.14	50.599
918.58	50.526
919.01	50.429
919.44	50.351
919.87	50.275
920.31	50.223
920.74	50.155
921.17	50.046
921.60	49.938
922.03	49.807
922.47	49.694
922.90	49.570
923.33	49.423
923.76	49.307
924.20	49.164
924.63	49.040
925.06	48.854
925.49	48.671
925.92	48.506
926.36	48.377
926.79	48.224
927.22	48.071
927.65	47.955
928.08	47.846
928.52	47.712
928.95	47.580
929.38	47.426
929.81	47.284
930.24	47.163
930.68	47.003
931.11	46.857
931.54	46.714
931.97	46.584
932.40	46.456
932.83	46.300
933.27	46.173
933.70	46.003
934.13	45.861
934.56	45.729
934.99	45.575
935.42	45.411
935.85	45.236
936.29	45.044
936.72	44.860
937.15	44.680
937.58	44.497
938.01	44.344
938.44	44.187
938.87	44.028
939.31	43.858
939.74	43.695
940.17	43.531
940.60	43.360
941.03	43.169
941.46	42.987
941.89	42.808
942.32	42.605
942.75	42.418
943.18	42.227
943.62	42.038
944.05	41.852
944.48	41.649
944.91	41.443
945.34	41.250
945.77	41.056
946.20	40.877
946.63	40.696
947.06	40.497
947.49	40.287
947.92	40.078
948.35	39.858
948.78	39.630
949.22	39.435
949.65	39.216
950.08	39.000
950.51	38.798
950.94	38.597
951.37	38.421
951.80	38.277
952.23	38.106
952.66	37.955
953.09	37.843
953.52	37.712
953.95	37.595
954.38	37.456
954.81	37.332
955.24	37.193
955.67	37.044
956.10	36.909
956.53	36.774
956.96	36.657
957.39	36.546
957.82	36.451
958.25	36.328
958.68	36.226
959.11	36.119
959.54	36.009
959.97	35.920
960.40	35.825
960.83	35.698
961.26	35.595
961.69	35.474
962.12	35.299
962.55	35.141
962.98	35.007
963.41	34.919
963.84	34.832
964.27	34.724
964.70	34.627
965.13	34.542
965.56	34.482
965.99	34.391
966.42	34.293
966.84	34.226
967.27	34.167
967.70	34.121
968.13	34.085
968.56	34.019
968.99	33.967
969.42	33.887
969.85	33.848
970.28	33.798
970.71	33.759
971.14	33.757
971.57	33.756
972.00	33.776
972.42	33.716
972.85	33.631
973.28	33.598
973.71	33.583
974.14	33.537
974.57	33.471
975.00	33.421
975.43	33.412
975.86	33.389
976.28	33.336
976.71	33.293
977.14	33.246
977.57	33.258
978.00	33.224
978.43	33.221
978.86	33.200
979.29	33.195
979.71	33.190
980.14	33.166
980.57	33.135
981.00	33.106
981.43	33.142
981.86	33.155
982.28	33.191
982.71	33.193
983.14	33.178
983.57	33.181
984.00	33.210
984.43	33.238
984.85	33.312
985.28	33.406
985.71	33.489
986.14	33.562
986.57	33.613
986.99	33.676
987.42	33.675
987.85	33.732
988.28	33.845
988.71	33.909
989.13	34.071
989.56	34.193
989.99	34.295
990.42	34.404
990.85	34.527
991.27	34.633
991.70	34.743
992.13	34.824
992.56	35.008
992.98	35.157
993.41	35.230
993.84	35.259
994.27	35.306
994.70	35.381
995.12	35.479
995.55	35.503
995.98	35.626
996.41	35.825
996.83	35.952
997.26	36.079
997.69	36.202
998.11	36.223
998.54	36.294
998.97	36.329
999.40	36.433
999.82	36.612
1000.25	36.785
1000.68	36.957
1001.11	37.146
1001.53	37.270
1001.96	37.392
1002.39	37.575
1002.81	37.742
1003.24	37.867
1003.67	38.039
1004.09	38.193
1004.52	38.450
1004.95	38.585
1005.38	38.699
1005.80	38.870
1006.23	38.921
1006.66	39.019
1007.08	39.190
1007.51	39.377
1007.94	39.600
1008.36	39.722
1008.79	39.766
1009.22	39.783
1009.64	39.798
1010.07	39.967
1010.50	40.060
1010.92	40.208
1011.35	40.365
1011.77	40.503
1012.20	40.595
1012.63	40.670
1013.05	40.731
1013.48	40.742
1013.91	40.810
1014.33	40.893
1014.76	40.962
1015.19	41.164
1015.61	41.242
1016.04	41.469
1016.46	41.625
1016.89	41.713
1017.32	41.917
1017.74	42.005
1018.17	42.189
1018.59	42.485
1019.02	42.532
1019.45	42.597
1019.87	42.584
1020.30	42.723
1020.72	42.819
1021.15	43.007
1021.58	43.136
1022.00	43.363
1022.43	43.439
1022.85	43.563
1023.28	43.648
1023.70	43.730
1024.13	43.814
1024.55	43.879
1024.98	43.639
1025.41	43.614
1025.83	43.611
1026.26	43.610
1026.68	43.647
1027.11	43.504
1027.53	43.360
1027.96	43.418
1028.38	43.480
1028.81	43.577
1029.23	43.543
1029.66	43.590
1030.08	43.625
1030.51	43.671
1030.94	43.721
1031.36	43.743
1031.79	43.766
1032.21	43.923
1032.64	44.057
1033.06	43.901
1033.49	44.014
1033.91	44.139
1034.34	44.174
1034.76	44.175
1035.19	44.167
1035.61	44.267
1036.03	44.455
1036.46	44.563
1036.88	44.481
1037.31	44.329
1037.73	44.424
1038.16	44.543
1038.58	44.556
1039.01	44.622
1039.43	44.743
1039.86	44.694
1040.28	44.701
1040.71	44.682
1041.13	44.733
1041.55	44.460
1041.98	44.706
1042.40	44.825
1042.83	44.962
1043.25	44.936
1043.68	44.941
1044.10	44.886
1044.52	44.918
1044.95	44.927
1045.37	44.819
1045.80	44.951
1046.22	45.195
1046.65	45.125
1047.07	44.868
1047.49	44.891
1047.92	44.890
1048.34	44.714
1048.77	44.588
1049.19	44.465
1049.61	44.386
1050.04	44.250
1050.46	44.301
1050.89	44.183
1051.31	44.045
1051.73	44.111
1052.16	44.215
1052.58	44.279
1053.00	44.442
1053.43	44.405
1053.85	44.417
1054.27	44.426
1054.70	44.496
1055.12	44.491
1055.55	44.433
1055.97	44.684
1056.39	44.671
1056.82	44.823
1057.24	44.790
1057.66	44.816
1058.09	45.201
1058.51	45.525
1058.93	45.297
1059.36	44.999
1059.78	44.826
1060.20	44.677
1060.62	44.379
1061.05	44.280
1061.47	44.326
1061.89	44.069
1062.32	43.956
1062.74	43.725
1063.16	43.596
1063.59	43.279
1064.01	43.101
1064.43	43.078
1064.85	42.688
1065.28	42.629
1065.70	42.412
1066.12	42.088
1066.55	42.109
1066.97	41.931
1067.39	41.437
1067.81	41.213
1068.24	41.384
1068.66	41.285
1069.08	41.279
1069.50	41.063
1069.93	40.711
1070.35	40.617
1070.77	40.361
1071.19	39.758
1071.62	39.840
1072.04	40.014
1072.46	40.320
1072.88	39.857
1073.31	39.518
1073.73	39.288
1074.15	38.751
1074.57	38.010
1075.00	37.631
1075.42	37.183
1075.84	36.797
1076.26	36.557
1076.68	36.119
1077.11	35.627
1077.53	34.905
1077.95	34.795
1078.37	34.340
1078.79	33.247
1079.22	32.241
1079.64	31.411
1080.06	31.149
1080.48	30.038
1080.90	29.391
1081.32	28.946
1081.75	28.368
1082.17	27.663
1082.59	27.793
1083.01	27.674
1083.43	26.608
1083.85	27.116
1084.28	26.144
1084.70	25.071
1085.12	24.503
1085.54	23.860
1085.96	24.223
1086.38	24.422
1086.80	24.041
1087.23	23.891
1087.65	24.717
1088.07	24.519
1088.49	24.092
1088.91	24.315
1089.33	25.145
1089.75	23.490
1090.17	22.217
1090.60	21.670
1091.02	21.715
1091.44	20.133
1091.86	19.216
1092.28	19.578
1092.70	18.628
1093.12	17.790
1093.54	16.203
1093.96	15.384
1094.38	15.190
1094.81	13.119
1095.23	11.305
1095.65	8.848
1096.07	8.718
1096.49	7.632
1096.91	7.507
1097.33	6.926
1097.75	3.297
1098.17	0.849
1098.59	0.550
1099.01	-0.599
1099.43	0.598
1099.85	0.153
1100.27	-1.830
1100.69	-4.396
1101.11	-4.671
1101.53	-7.042
1101.95	-7.920
1102.38	8.454
1102.80	-36.876
1103.22	-4.070
1103.64	24.710
1104.06	32.086
1104.48	-37.821
1104.90	-62.454
1105.32	3.333
1105.74	-7.324
1106.16	-45.760
