188.40	-407.679
188.88	-625.849
189.35	633.426
189.83	1338.261
190.30	-2588.235
190.78	-572.115
191.26	-419.807
191.73	1600.000
192.21	-2726.087
192.68	-404.771
193.16	-1723.883
193.63	-2006.741
194.11	-2097.502
194.58	-1922.394
195.06	-1591.779
195.53	-1059.733
196.01	-860.927
196.48	-756.705
196.96	-643.854
197.43	-553.821
197.91	-497.365
198.38	-445.146
198.86	-380.442
199.33	-325.952
199.81	-311.775
200.28	-291.882
200.76	-262.917
201.23	-241.423
201.71	-216.824
202.18	-203.692
202.66	-191.600
203.13	-182.525
203.61	-175.107
204.08	-163.803
204.55	-155.894
205.03	-148.777
205.50	-144.038
205.98	-146.217
206.45	-146.300
206.93	-143.784
207.40	-142.522
207.88	-138.853
208.35	-138.671
208.82	-142.629
209.30	-143.067
209.77	-140.361
210.25	-139.172
210.72	-142.075
211.20	-143.463
211.67	-138.815
212.14	-138.588
212.62	-138.065
213.09	-134.824
213.57	-128.000
214.04	-124.913
214.52	-125.070
214.99	-122.464
215.46	-121.137
215.94	-123.458
216.41	-122.501
216.89	-117.786
217.36	-114.120
217.83	-116.853
218.31	-117.715
218.78	-115.492
219.25	-111.115
219.73	-114.565
220.20	-117.346
220.68	-111.605
221.15	-111.166
221.62	-113.221
222.10	-115.002
222.57	-112.826
223.04	-108.538
223.52	-114.732
223.99	-119.945
224.47	-118.863
224.94	-121.021
225.41	-120.706
225.89	-121.178
226.36	-122.868
226.83	-125.406
227.31	-129.068
227.78	-128.495
228.25	-125.591
228.73	-124.670
229.20	-123.603
229.67	-124.912
230.15	-124.826
230.62	-122.393
231.09	-126.102
231.57	-129.674
232.04	-127.664
232.51	-126.465
232.98	-128.814
233.46	-129.033
233.93	-128.903
234.40	-122.391
234.88	-121.128
235.35	-125.344
235.82	-122.395
236.30	-118.089
236.77	-116.471
237.24	-120.503
237.71	-119.509
238.19	-116.027
238.66	-115.985
239.13	-121.561
239.61	-122.364
240.08	-120.317
240.55	-119.838
241.02	-116.962
241.50	-115.103
241.97	-111.331
242.44	-112.253
242.91	-112.075
243.39	-111.723
243.86	-108.542
244.33	-109.383
244.80	-112.443
245.28	-112.884
245.75	-107.690
246.22	-108.756
246.69	-109.810
247.17	-107.103
247.64	-110.197
248.11	-111.351
248.58	-111.601
249.05	-112.861
249.53	-107.295
250.00	-106.495
250.47	-110.407
250.94	-115.775
251.42	-114.904
251.89	-112.246
252.36	-112.743
252.83	-114.745
253.30	-109.460
253.78	-109.919
254.25	-111.644
254.72	-112.575
255.19	-111.781
255.66	-110.274
256.13	-112.706
256.61	-113.013
257.08	-111.789
257.55	-106.705
258.02	-105.960
258.49	-109.982
258.97	-108.564
259.44	-108.014
259.91	-110.449
260.38	-110.032
260.85	-104.796
261.32	-104.455
261.79	-104.479
262.27	-108.183
262.74	-105.471
263.21	-101.363
263.68	-103.848
264.15	-107.399
264.62	-107.613
265.09	-106.843
265.57	-107.905
266.04	-110.051
266.51	-109.711
266.98	-108.621
267.45	-109.917
267.92	-114.698
268.39	-111.858
268.86	-109.396
269.34	-104.529
269.81	-105.841
270.28	-105.346
270.75	-98.363
271.22	-99.057
271.69	-100.290
272.16	-96.948
272.63	-96.103
273.10	-97.565
273.57	-99.165
274.05	-98.795
274.52	-92.949
274.99	-92.225
275.46	-94.325
275.93	-93.100
276.40	-93.756
276.87	-88.276
277.34	-91.079
277.81	-90.811
278.28	-89.146
278.75	-89.714
279.22	-93.805
279.69	-94.584
280.16	-94.584
280.63	-95.343
281.11	-97.857
281.58	-100.710
282.05	-97.551
282.52	-97.872
282.99	-98.700
283.46	-98.884
283.93	-95.776
284.40	-94.592
284.87	-96.027
285.34	-97.006
285.81	-95.289
286.28	-92.496
286.75	-93.157
287.22	-94.042
287.69	-92.690
288.16	-88.758
288.63	-89.664
289.10	-90.423
289.57	-85.919
290.04	-82.665
290.51	-83.952
290.98	-83.907
291.45	-82.403
291.92	-82.849
292.39	-83.893
292.86	-87.248
293.33	-84.384
293.80	-82.987
294.27	-84.682
294.74	-86.767
295.21	-84.459
295.68	-80.640
296.15	-83.442
296.62	-88.484
297.09	-85.746
297.56	-82.549
298.03	-82.911
298.49	-84.478
298.96	-84.620
299.43	-82.449
299.90	-83.453
300.37	-84.956
300.84	-83.746
301.31	-81.132
301.78	-78.668
302.25	-79.072
302.72	-77.595
303.19	-74.195
303.66	-73.725
304.13	-74.631
304.60	-73.419
305.07	-71.927
305.53	-70.137
306.00	-69.809
306.47	-68.943
306.94	-66.008
307.41	-65.860
307.88	-67.120
308.35	-66.096
308.82	-63.109
309.29	-61.781
309.76	-64.260
310.22	-65.353
310.69	-63.674
311.16	-63.782
311.63	-65.387
312.10	-65.322
312.57	-62.923
313.04	-62.170
313.51	-63.871
313.97	-64.302
314.44	-60.793
314.91	-61.699
315.38	-64.837
315.85	-64.631
316.32	-62.625
316.79	-61.481
317.25	-62.757
317.72	-64.726
318.19	-62.986
318.66	-61.876
319.13	-63.007
319.60	-63.793
320.07	-61.709
320.53	-58.147
321.00	-58.762
321.47	-59.750
321.94	-58.037
322.41	-58.280
322.87	-59.185
323.34	-59.805
323.81	-57.360
324.28	-55.965
324.75	-56.473
325.22	-57.000
325.68	-55.166
326.15	-54.315
326.62	-55.262
327.09	-54.892
327.56	-53.419
328.02	-50.736
328.49	-52.553
328.96	-54.084
329.43	-52.250
329.89	-51.775
330.36	-52.370
330.83	-53.913
331.30	-53.665
331.77	-51.500
332.23	-51.620
332.70	-51.861
333.17	-50.240
333.64	-49.545
334.10	-48.521
334.57	-47.676
335.04	-46.285
335.51	-44.375
335.97	-44.477
336.44	-44.251
336.91	-44.209
337.38	-42.814
337.84	-43.201
338.31	-42.469
338.78	-41.253
339.24	-38.089
339.71	-36.522
340.18	-36.103
340.65	-33.564
341.11	-31.633
341.58	-30.662
342.05	-30.177
342.52	-29.277
342.98	-27.778
343.45	-27.431
343.92	-27.981
344.38	-27.262
344.85	-26.610
345.32	-25.908
345.78	-25.938
346.25	-25.185
346.72	-23.365
347.18	-22.437
347.65	-21.960
348.12	-21.542
348.58	-20.176
349.05	-19.897
349.52	-20.064
349.99	-19.822
350.45	-18.750
350.92	-18.088
351.38	-18.271
351.85	-17.721
352.32	-16.906
352.78	-15.782
353.25	-15.316
353.72	-14.678
354.18	-13.975
354.65	-13.155
355.12	-13.236
355.58	-12.447
356.05	-11.864
356.52	-11.222
356.98	-11.140
357.45	-10.769
357.91	-9.771
358.38	-9.598
358.85	-9.164
359.31	-8.641
359.78	-8.257
360.25	-7.988
360.71	-7.872
361.18	-7.572
361.64	-6.922
362.11	-6.592
362.58	-6.643
363.04	-6.466
363.51	-6.000
363.97	-5.447
364.44	-5.337
364.91	-5.012
365.37	-4.611
365.84	-4.210
366.30	-4.152
366.77	-3.963
367.23	-3.616
367.70	-3.319
368.17	-3.071
368.63	-2.998
369.10	-2.698
369.56	-2.430
370.03	-2.347
370.49	-2.252
370.96	-2.012
371.42	-1.725
371.89	-1.661
372.36	-1.540
372.82	-1.354
373.29	-1.330
373.75	-1.207
374.22	-1.017
374.68	-0.744
375.15	-0.480
375.61	-0.509
376.08	-0.399
376.54	-0.234
377.01	-0.118
377.47	-0.008
377.94	-0.057
378.40	0.061
378.87	0.241
379.33	0.325
379.80	0.345
380.26	0.538
380.73	0.679
381.19	0.804
381.66	0.885
382.12	0.986
382.59	1.176
383.05	1.309
383.52	1.314
383.98	1.340
384.45	1.380
384.91	1.395
385.38	1.469
385.84	1.472
386.31	1.569
386.77	1.528
387.24	1.470
387.70	1.645
388.16	1.758
388.63	1.864
389.09	1.930
389.56	2.030
390.02	2.174
390.49	2.191
390.95	2.166
391.42	2.229
391.88	2.342
392.34	2.417
392.81	2.476
393.27	2.535
393.74	2.720
394.20	2.816
394.67	2.892
395.13	3.017
395.59	3.199
396.06	3.357
396.52	3.448
396.99	3.583
397.45	3.656
397.91	3.688
398.38	3.611
398.84	3.646
399.31	3.730
399.77	3.768
400.23	3.816
400.70	3.842
401.16	3.905
401.63	3.871
402.09	3.856
402.55	3.834
403.02	3.827
403.48	3.798
403.94	3.737
404.41	3.704
404.87	3.679
405.33	3.617
405.80	3.570
406.26	3.556
406.73	3.519
407.19	3.538
407.65	3.539
408.12	3.610
408.58	3.715
409.04	3.769
409.51	3.811
409.97	3.881
410.43	4.007
410.90	4.163
411.36	4.321
411.82	4.474
412.29	4.699
412.75	4.930
413.21	5.124
413.67	5.349
414.14	5.610
414.60	5.865
415.06	6.089
415.53	6.296
415.99	6.589
416.45	6.860
416.92	7.066
417.38	7.264
417.84	7.463
418.30	7.605
418.77	7.749
419.23	7.871
419.69	7.977
420.16	8.064
420.62	8.084
421.08	8.069
421.54	8.065
422.01	8.055
422.47	7.962
422.93	7.875
423.39	7.778
423.86	7.666
424.32	7.524
424.78	7.385
425.24	7.242
425.71	7.081
426.17	6.903
426.63	6.727
427.09	6.591
427.56	6.441
428.02	6.314
428.48	6.154
428.94	6.010
429.41	5.866
429.87	5.722
430.33	5.716
430.79	5.802
431.25	5.919
431.72	6.054
432.18	6.220
432.64	6.415
433.10	6.686
433.56	6.925
434.03	7.226
434.49	7.570
434.95	7.936
435.41	8.314
435.87	8.697
436.34	9.126
436.80	9.575
437.26	10.013
437.72	10.442
438.18	10.911
438.64	11.402
439.11	11.909
439.57	12.368
440.03	12.763
440.49	13.120
440.95	13.422
441.41	13.671
441.88	13.925
442.34	14.174
442.80	14.375
443.26	14.533
443.72	14.648
444.18	14.741
444.64	14.771
445.11	14.765
445.57	14.731
446.03	14.672
446.49	14.555
446.95	14.405
447.41	14.243
447.87	14.078
448.33	13.860
448.79	13.610
449.26	13.376
449.72	13.133
450.18	12.893
450.64	12.632
451.10	12.380
451.56	12.164
452.02	11.949
452.48	11.711
452.94	11.502
453.40	11.349
453.87	11.215
454.33	11.102
454.79	11.021
455.25	10.986
455.71	10.963
456.17	10.994
456.63	11.085
457.09	11.208
457.55	11.380
458.01	11.585
458.47	11.842
458.93	12.155
459.39	12.500
459.85	12.851
460.31	13.246
460.77	13.670
461.24	14.134
461.70	14.603
462.16	15.102
462.62	15.637
463.08	16.160
463.54	16.680
464.00	17.212
464.46	17.750
464.92	18.283
465.38	18.806
465.84	19.304
466.30	19.787
466.76	20.258
467.22	20.679
467.68	21.071
468.14	21.448
468.60	21.785
469.06	22.078
469.52	22.331
469.98	22.567
470.44	22.768
470.90	22.897
471.36	22.991
471.82	23.049
472.28	23.077
472.74	23.054
473.20	22.996
473.66	22.911
474.12	22.777
474.58	22.609
475.04	22.411
475.50	22.187
475.95	21.946
476.41	21.660
476.87	21.362
477.33	21.059
477.79	20.739
478.25	20.410
478.71	20.066
479.17	19.728
479.63	19.385
480.09	19.036
480.55	18.702
481.01	18.386
481.47	18.093
481.93	17.811
482.39	17.555
482.84	17.330
483.30	17.141
483.76	16.985
484.22	16.851
484.68	16.753
485.14	16.700
485.60	16.690
486.06	16.719
486.52	16.786
486.98	16.906
487.44	17.054
487.89	17.240
488.35	17.467
488.81	17.734
489.27	18.045
489.73	18.388
490.19	18.762
490.65	19.180
491.11	19.618
491.56	20.083
492.02	20.571
492.48	21.076
492.94	21.595
493.40	22.122
493.86	22.659
494.32	23.212
494.77	23.758
495.23	24.295
495.69	24.834
496.15	25.373
496.61	25.903
497.07	26.413
497.52	26.912
497.98	27.401
498.44	27.870
498.90	28.306
499.36	28.724
499.82	29.115
500.27	29.471
500.73	29.794
501.19	30.084
501.65	30.347
502.11	30.578
502.56	30.779
503.02	30.939
503.48	31.079
503.94	31.183
504.40	31.249
504.85	31.279
505.31	31.282
505.77	31.246
506.23	31.169
506.69	31.067
507.14	30.933
507.60	30.772
508.06	30.574
508.52	30.349
508.97	30.103
509.43	29.834
509.89	29.535
510.35	29.224
510.80	28.899
511.26	28.569
511.72	28.218
512.18	27.850
512.63	27.483
513.09	27.103
513.55	26.718
514.01	26.336
514.46	25.961
514.92	25.593
515.38	25.229
515.84	24.884
516.29	24.553
516.75	24.242
517.21	23.946
517.66	23.665
518.12	23.414
518.58	23.191
519.04	22.997
519.49	22.833
519.95	22.700
520.41	22.597
520.86	22.520
521.32	22.481
521.78	22.478
522.23	22.511
522.69	22.583
523.15	22.692
523.61	22.836
524.06	23.019
524.52	23.235
524.98	23.480
525.43	23.757
525.89	24.066
526.35	24.394
526.80	24.747
527.26	25.134
527.72	25.546
528.17	25.978
528.63	26.418
529.09	26.882
529.54	27.361
530.00	27.853
530.45	28.353
530.91	28.859
531.37	29.370
531.82	29.889
532.28	30.397
532.74	30.901
533.19	31.404
533.65	31.886
534.10	32.350
534.56	32.807
535.02	33.246
535.47	33.671
535.93	34.086
536.39	34.484
536.84	34.864
537.30	35.224
537.75	35.555
538.21	35.861
538.67	36.145
539.12	36.410
539.58	36.643
540.03	36.855
540.49	37.047
540.94	37.212
541.40	37.340
541.86	37.444
542.31	37.521
542.77	37.576
543.22	37.611
543.68	37.624
544.13	37.615
544.59	37.580
545.05	37.516
545.50	37.424
545.96	37.303
546.41	37.160
546.87	36.991
547.32	36.806
547.78	36.606
548.23	36.377
548.69	36.125
549.14	35.853
549.60	35.565
550.06	35.259
550.51	34.937
550.97	34.604
551.42	34.261
551.88	33.906
552.33	33.536
552.79	33.162
553.24	32.784
553.70	32.410
554.15	32.030
554.61	31.658
555.06	31.289
555.52	30.924
555.97	30.566
556.43	30.212
556.88	29.866
557.34	29.544
557.79	29.237
558.25	28.945
558.70	28.675
559.15	28.422
559.61	28.190
560.06	27.983
560.52	27.803
560.97	27.653
561.43	27.526
561.88	27.431
562.34	27.358
562.79	27.312
563.25	27.292
563.70	27.295
564.16	27.332
564.61	27.406
565.06	27.507
565.52	27.635
565.97	27.796
566.43	27.987
566.88	28.202
567.34	28.442
567.79	28.709
568.24	29.006
568.70	29.320
569.15	29.652
569.61	30.003
570.06	30.369
570.51	30.760
570.97	31.167
571.42	31.583
571.88	32.029
572.33	32.476
572.78	32.931
573.24	33.403
573.69	33.870
574.15	34.347
574.60	34.824
575.05	35.303
575.51	35.792
575.96	36.278
576.42	36.769
576.87	37.257
577.32	37.739
577.78	38.210
578.23	38.681
578.68	39.143
579.14	39.600
579.59	40.041
580.04	40.464
580.50	40.869
580.95	41.264
581.40	41.634
581.86	42.000
582.31	42.349
582.76	42.692
583.22	43.013
583.67	43.313
584.12	43.600
584.58	43.863
585.03	44.096
585.48	44.294
585.94	44.467
586.39	44.612
586.84	44.750
587.30	44.872
587.75	44.965
588.20	45.042
588.66	45.099
589.11	45.130
589.56	45.139
590.01	45.134
590.47	45.104
590.92	45.055
591.37	44.980
591.83	44.880
592.28	44.756
592.73	44.615
593.18	44.450
593.64	44.270
594.09	44.068
594.54	43.860
594.99	43.646
595.45	43.410
595.90	43.162
596.35	42.889
596.80	42.595
597.26	42.291
597.71	41.967
598.16	41.629
598.61	41.285
599.07	40.934
599.52	40.570
599.97	40.201
600.42	39.824
600.88	39.444
601.33	39.057
601.78	38.670
602.23	38.273
602.69	37.875
603.14	37.477
603.59	37.081
604.04	36.683
604.49	36.282
604.95	35.884
605.40	35.503
605.85	35.132
606.30	34.767
606.75	34.412
607.21	34.076
607.66	33.751
608.11	33.438
608.56	33.138
609.01	32.858
609.46	32.590
609.92	32.341
610.37	32.114
610.82	31.906
611.27	31.718
611.72	31.557
612.17	31.418
612.63	31.300
613.08	31.201
613.53	31.124
613.98	31.085
614.43	31.068
614.88	31.065
615.34	31.082
615.79	31.121
616.24	31.185
616.69	31.266
617.14	31.368
617.59	31.496
618.04	31.643
618.49	31.809
618.95	31.989
619.40	32.192
619.85	32.421
620.30	32.662
620.75	32.915
621.20	33.187
621.65	33.474
622.10	33.771
622.55	34.084
623.00	34.412
623.46	34.751
623.91	35.091
624.36	35.447
624.81	35.809
625.26	36.186
625.71	36.564
626.16	36.951
626.61	37.346
627.06	37.746
627.51	38.152
627.96	38.555
628.41	38.965
628.86	39.367
629.32	39.763
629.77	40.161
630.22	40.557
630.67	40.953
631.12	41.343
631.57	41.733
632.02	42.122
632.47	42.495
632.92	42.862
633.37	43.240
633.82	43.598
634.27	43.942
634.72	44.275
635.17	44.598
635.62	44.907
636.07	45.208
636.52	45.485
636.97	45.751
637.42	46.005
637.87	46.249
638.32	46.477
638.77	46.697
639.22	46.906
639.67	47.098
640.12	47.272
640.57	47.433
641.02	47.575
641.47	47.696
641.92	47.817
642.37	47.915
642.82	47.977
643.27	48.024
643.72	48.071
644.17	48.091
644.62	48.099
645.07	48.092
645.52	48.075
645.97	48.048
646.42	48.004
646.87	47.952
647.32	47.905
647.77	47.853
648.22	47.771
648.66	47.674
649.11	47.546
649.56	47.403
650.01	47.255
650.46	47.100
650.91	46.939
651.36	46.749
651.81	46.544
652.26	46.347
652.71	46.126
653.16	45.888
653.61	45.647
654.06	45.396
654.50	45.136
654.95	44.856
655.40	44.570
655.85	44.278
656.30	43.973
656.75	43.640
657.20	43.297
657.65	42.958
658.10	42.608
658.55	42.274
658.99	41.944
659.44	41.608
659.89	41.262
660.34	40.906
660.79	40.552
661.24	40.208
661.69	39.861
662.13	39.526
662.58	39.184
663.03	38.849
663.48	38.516
663.93	38.181
664.38	37.852
664.83	37.531
665.27	37.211
665.72	36.885
666.17	36.575
666.62	36.272
667.07	35.979
667.52	35.696
667.96	35.405
668.41	35.120
668.86	34.847
669.31	34.584
669.76	34.343
670.21	34.112
670.65	33.893
671.10	33.681
671.55	33.484
672.00	33.306
672.45	33.141
672.89	32.985
673.34	32.842
673.79	32.714
674.24	32.589
674.68	32.477
675.13	32.391
675.58	32.321
676.03	32.265
676.48	32.211
676.92	32.175
677.37	32.162
677.82	32.169
678.27	32.177
678.71	32.200
679.16	32.237
679.61	32.295
680.06	32.362
680.50	32.443
680.95	32.550
681.40	32.664
681.85	32.779
682.29	32.910
682.74	33.061
683.19	33.226
683.64	33.402
684.08	33.603
684.53	33.815
684.98	34.036
685.43	34.271
685.87	34.511
686.32	34.761
686.77	35.013
687.21	35.257
687.66	35.531
688.11	35.820
688.55	36.102
689.00	36.383
689.45	36.684
689.90	36.998
690.34	37.301
690.79	37.609
691.24	37.929
691.68	38.253
692.13	38.565
692.58	38.869
693.02	39.189
693.47	39.501
693.92	39.807
694.36	40.106
694.81	40.416
695.26	40.727
695.70	41.023
696.15	41.329
696.60	41.645
697.04	41.947
697.49	42.235
697.94	42.511
698.38	42.797
698.83	43.077
699.27	43.346
699.72	43.602
700.17	43.861
700.61	44.119
701.06	44.375
701.51	44.633
701.95	44.890
702.40	45.143
702.84	45.385
703.29	45.622
703.74	45.845
704.18	46.054
704.63	46.263
705.07	46.467
705.52	46.665
705.97	46.847
706.41	47.008
706.86	47.160
707.30	47.321
707.75	47.481
708.20	47.627
708.64	47.751
709.09	47.857
709.53	47.955
709.98	48.053
710.42	48.121
710.87	48.162
711.32	48.204
711.76	48.229
712.21	48.253
712.65	48.264
713.10	48.279
713.54	48.279
713.99	48.273
714.43	48.263
714.88	48.222
715.33	48.166
715.77	48.119
716.22	48.078
716.66	48.010
717.11	47.925
717.55	47.841
718.00	47.756
718.44	47.662
718.89	47.548
719.33	47.436
719.78	47.333
720.22	47.227
720.67	47.106
721.11	46.989
721.56	46.855
722.00	46.703
722.45	46.537
722.89	46.370
723.34	46.195
723.78	46.027
724.23	45.862
724.67	45.690
725.12	45.495
725.56	45.284
726.01	45.081
726.45	44.867
726.90	44.630
727.34	44.382
727.78	44.163
728.23	43.939
728.67	43.678
729.12	43.416
729.56	43.161
730.01	42.897
730.45	42.606
730.90	42.308
731.34	42.037
731.79	41.771
732.23	41.489
732.67	41.189
733.12	40.876
733.56	40.591
734.01	40.319
734.45	40.029
734.89	39.750
735.34	39.493
735.78	39.227
736.23	38.952
736.67	38.677
737.12	38.393
737.56	38.119
738.00	37.852
738.45	37.590
738.89	37.334
739.34	37.096
739.78	36.884
740.22	36.669
740.67	36.435
741.11	36.199
741.55	35.979
742.00	35.775
742.44	35.568
742.89	35.348
743.33	35.132
743.77	34.949
744.22	34.775
744.66	34.575
745.10	34.378
745.55	34.195
745.99	34.048
746.43	33.903
746.88	33.752
747.32	33.602
747.76	33.474
748.21	33.373
748.65	33.250
749.09	33.119
749.54	33.000
749.98	32.908
750.42	32.830
750.87	32.741
751.31	32.657
751.75	32.607
752.20	32.576
752.64	32.555
753.08	32.526
753.53	32.487
753.97	32.479
754.41	32.486
754.85	32.505
755.30	32.523
755.74	32.551
756.18	32.607
756.63	32.693
757.07	32.780
757.51	32.838
757.95	32.923
758.40	33.027
758.84	33.153
759.28	33.273
759.72	33.390
760.17	33.527
760.61	33.682
761.05	33.832
761.50	33.969
761.94	34.102
762.38	34.254
762.82	34.436
763.26	34.614
763.71	34.796
764.15	34.974
764.59	35.148
765.03	35.320
765.48	35.495
765.92	35.660
766.36	35.820
766.80	36.008
767.25	36.205
767.69	36.406
768.13	36.615
768.57	36.838
769.01	37.064
769.46	37.293
769.90	37.517
770.34	37.738
770.78	37.964
771.22	38.219
771.67	38.492
772.11	38.756
772.55	39.006
772.99	39.248
773.43	39.488
773.87	39.748
774.32	40.021
774.76	40.288
775.20	40.543
775.64	40.801
776.08	41.081
776.52	41.349
776.97	41.603
777.41	41.840
777.85	42.068
778.29	42.313
778.73	42.577
779.17	42.837
779.62	43.086
780.06	43.343
780.50	43.584
780.94	43.811
781.38	44.023
781.82	44.241
782.26	44.480
782.70	44.717
783.15	44.950
783.59	45.177
784.03	45.390
784.47	45.605
784.91	45.798
785.35	45.973
785.79	46.163
786.23	46.347
786.67	46.526
787.11	46.700
787.56	46.854
788.00	47.002
788.44	47.153
788.88	47.313
789.32	47.460
789.76	47.598
790.20	47.735
790.64	47.893
791.08	48.053
791.52	48.182
791.96	48.285
792.40	48.382
792.84	48.494
793.28	48.616
793.73	48.738
794.17	48.861
794.61	48.968
795.05	49.069
795.49	49.147
795.93	49.219
796.37	49.279
796.81	49.342
797.25	49.405
797.69	49.438
798.13	49.461
798.57	49.482
799.01	49.489
799.45	49.475
799.89	49.435
800.33	49.397
800.77	49.379
801.21	49.381
801.65	49.363
802.09	49.317
802.53	49.259
802.97	49.191
803.41	49.143
803.85	49.097
804.29	49.036
804.73	48.999
805.17	48.935
805.61	48.872
806.05	48.795
806.49	48.682
806.93	48.600
807.37	48.520
807.81	48.445
808.25	48.367
808.69	48.269
809.13	48.173
809.57	48.063
810.01	47.947
810.44	47.813
810.88	47.673
811.32	47.539
811.76	47.398
812.20	47.253
812.64	47.093
813.08	46.917
813.52	46.724
813.96	46.520
814.40	46.348
814.84	46.183
815.28	46.015
815.72	45.854
816.16	45.677
816.59	45.491
817.03	45.293
817.47	45.112
817.91	44.948
818.35	44.786
818.79	44.625
819.23	44.446
819.67	44.264
820.11	44.079
820.54	43.876
820.98	43.668
821.42	43.476
821.86	43.263
822.30	43.050
822.74	42.853
823.18	42.657
823.62	42.437
824.05	42.216
824.49	42.012
824.93	41.815
825.37	41.610
825.81	41.410
826.25	41.200
826.69	40.956
827.12	40.687
827.56	40.429
828.00	40.180
828.44	39.955
828.88	39.730
829.32	39.494
829.75	39.276
830.19	39.065
830.63	38.822
831.07	38.599
831.51	38.388
831.94	38.155
832.38	37.932
832.82	37.721
833.26	37.524
833.70	37.333
834.13	37.127
834.57	36.919
835.01	36.709
835.45	36.521
835.89	36.354
836.32	36.202
836.76	36.032
837.20	35.846
837.64	35.667
838.08	35.503
838.51	35.375
838.95	35.241
839.39	35.106
839.83	34.982
840.26	34.865
840.70	34.755
841.14	34.659
841.58	34.563
842.01	34.474
842.45	34.385
842.89	34.281
843.33	34.169
843.76	34.081
844.20	34.014
844.64	33.938
845.08	33.856
845.51	33.779
845.95	33.715
846.39	33.674
846.82	33.607
847.26	33.539
847.70	33.458
848.14	33.381
848.57	33.325
849.01	33.289
849.45	33.238
849.88	33.192
850.32	33.161
850.76	33.128
851.19	33.124
851.63	33.106
852.07	33.103
852.50	33.123
852.94	33.123
853.38	33.118
853.81	33.118
854.25	33.142
854.69	33.187
855.12	33.245
855.56	33.284
856.00	33.348
856.43	33.431
856.87	33.518
857.31	33.617
857.74	33.709
858.18	33.788
858.62	33.885
859.05	33.966
859.49	34.046
859.93	34.139
860.36	34.236
860.80	34.333
861.24	34.426
861.67	34.523
862.11	34.616
862.54	34.717
862.98	34.833
863.42	34.964
863.85	35.113
864.29	35.230
864.72	35.377
865.16	35.518
865.60	35.657
866.03	35.797
866.47	35.926
866.90	36.065
867.34	36.244
867.78	36.422
868.21	36.624
868.65	36.848
869.08	37.067
869.52	37.254
869.95	37.427
870.39	37.608
870.83	37.815
871.26	38.041
871.70	38.272
872.13	38.494
872.57	38.710
873.00	38.895
873.44	39.091
873.87	39.277
874.31	39.475
874.75	39.654
875.18	39.844
875.62	40.040
876.05	40.237
876.49	40.443
876.92	40.666
877.36	40.897
877.79	41.110
878.23	41.300
878.66	41.503
879.10	41.735
879.53	41.976
879.97	42.198
880.40	42.396
880.84	42.605
881.27	42.815
881.71	42.988
882.14	43.172
882.58	43.363
883.01	43.569
883.45	43.783
883.88	43.987
884.32	44.177
884.75	44.393
885.19	44.593
885.62	44.774
886.06	44.972
886.49	45.161
886.92	45.347
887.36	45.548
887.79	45.736
888.23	45.935
888.66	46.115
889.10	46.266
889.53	46.418
889.97	46.562
890.40	46.708
890.83	46.857
891.27	46.987
891.70	47.164
892.14	47.335
892.57	47.500
893.01	47.698
893.44	47.892
893.87	48.072
894.31	48.255
894.74	48.423
895.18	48.552
895.61	48.659
896.04	48.743
896.48	48.823
896.91	48.917
897.35	48.980
897.78	49.025
898.21	49.110
898.65	49.233
899.08	49.347
899.52	49.448
899.95	49.552
900.38	49.693
900.82	49.826
901.25	49.928
901.68	50.029
902.12	50.127
902.55	50.241
902.99	50.358
903.42	50.456
903.85	50.547
904.29	50.656
904.72	50.745
905.15	50.830
905.59	50.932
906.02	51.034
906.45	51.158
906.89	51.266
907.32	51.376
907.75	51.491
908.19	51.546
908.62	51.615
909.05	51.680
909.49	51.696
909.92	51.689
910.35	51.659
910.78	51.617
911.22	51.560
911.65	51.481
912.08	51.402
912.52	51.366
912.95	51.334
913.38	51.281
913.82	51.216
914.25	51.203
914.68	51.189
915.11	51.137
915.55	51.056
915.98	51.011
916.41	50.939
916.84	50.850
917.28	50.782
917.71	50.718
918.14	50.689
918.58	50.644
919.01	50.562
919.44	50.498
919.87	50.455
920.31	50.456
920.74	50.416
921.17	50.323
921.60	50.247
922.03	50.142
922.47	50.032
922.90	49.925
923.33	49.806
923.76	49.685
924.20	49.566
924.63	49.480
925.06	49.387
925.49	49.247
925.92	49.102
926.36	48.969
926.79	48.840
927.22	48.708
927.65	48.553
928.08	48.429
928.52	48.330
928.95	48.165
929.38	47.968
929.81	47.814
930.24	47.692
930.68	47.552
931.11	47.393
931.54	47.240
931.97	47.132
932.40	47.007
932.83	46.874
933.27	46.717
933.70	46.538
934.13	46.388
934.56	46.251
934.99	46.097
935.42	45.965
935.85	45.790
936.29	45.597
936.72	45.432
937.15	45.283
937.58	45.145
938.01	44.993
938.44	44.815
938.87	44.652
939.31	44.478
939.74	44.290
940.17	44.094
940.60	43.925
941.03	43.776
941.46	43.571
941.89	43.364
942.32	43.188
942.75	43.014
943.18	42.817
943.62	42.590
944.05	42.371
944.48	42.165
944.91	41.934
945.34	41.692
945.77	41.487
946.20	41.270
946.63	41.027
947.06	40.779
947.49	40.549
947.92	40.366
948.35	40.137
948.78	39.874
949.22	39.673
949.65	39.419
950.08	39.164
950.51	38.897
950.94	38.665
951.37	38.476
951.80	38.261
952.23	38.055
952.66	37.894
953.09	37.750
953.52	37.607
953.95	37.429
954.38	37.293
954.81	37.164
955.24	36.999
955.67	36.809
956.10	36.666
956.53	36.542
956.96	36.386
957.39	36.238
957.82	36.084
958.25	35.980
958.68	35.847
959.11	35.657
959.54	35.513
959.97	35.369
960.40	35.221
960.83	35.079
961.26	34.912
961.69	34.802
962.12	34.637
962.55	34.423
962.98	34.278
963.41	34.138
963.84	34.021
964.27	33.815
964.70	33.670
965.13	33.583
965.56	33.425
965.99	33.263
966.42	33.103
966.84	33.019
967.27	32.897
967.70	32.778
968.13	32.666
968.56	32.591
968.99	32.472
969.42	32.328
969.85	32.186
970.28	32.039
970.71	31.949
971.14	31.794
971.57	31.671
972.00	31.600
972.42	31.478
972.85	31.346
973.28	31.264
973.71	31.155
974.14	31.071
974.57	30.983
975.00	30.854
975.43	30.790
975.86	30.715
976.28	30.609
976.71	30.495
977.14	30.403
977.57	30.377
978.00	30.294
978.43	30.221
978.86	30.212
979.29	30.200
979.71	30.127
980.14	30.036
980.57	29.988
981.00	29.986
981.43	29.943
981.86	29.853
982.28	29.812
982.71	29.799
983.14	29.712
983.57	29.618
984.00	29.617
984.43	29.661
984.85	29.640
985.28	29.621
985.71	29.636
986.14	29.671
986.57	29.658
986.99	29.612
987.42	29.614
987.85	29.639
988.28	29.655
988.71	29.603
989.13	29.678
989.56	29.784
989.99	29.833
990.42	29.823
990.85	29.850
991.27	30.037
991.70	30.070
992.13	30.115
992.56	30.189
992.98	30.197
993.41	30.230
993.84	30.158
994.27	30.150
994.70	30.319
995.12	30.394
995.55	30.371
995.98	30.442
996.41	30.513
996.83	30.605
997.26	30.615
997.69	30.671
998.11	30.783
998.54	30.812
998.97	30.794
999.40	30.844
999.82	31.009
1000.25	31.111
1000.68	31.203
1001.11	31.229
1001.53	31.415
1001.96	31.512
1002.39	31.585
1002.81	31.634
1003.24	31.714
1003.67	31.801
1004.09	31.751
1004.52	31.817
1004.95	31.955
1005.38	32.066
1005.80	32.136
1006.23	32.191
1006.66	32.200
1007.08	32.357
1007.51	32.306
1007.94	32.383
1008.36	32.510
1008.79	32.498
1009.22	32.460
1009.64	32.347
1010.07	32.374
1010.50	32.457
1010.92	32.496
1011.35	32.483
1011.77	32.622
1012.20	32.685
1012.63	32.676
1013.05	32.681
1013.48	32.644
1013.91	32.859
1014.33	32.794
1014.76	32.656
1015.19	32.739
1015.61	32.825
1016.04	32.893
1016.46	32.900
1016.89	32.940
1017.32	33.140
1017.74	33.149
1018.17	33.133
1018.59	33.383
1019.02	33.532
1019.45	33.504
1019.87	33.429
1020.30	33.424
1020.72	33.692
1021.15	33.692
1021.58	33.672
1022.00	33.882
1022.43	34.164
1022.85	34.188
1023.28	34.148
1023.70	34.230
1024.13	34.300
1024.55	34.308
1024.98	34.068
1025.41	34.112
1025.83	34.097
1026.26	34.061
1026.68	33.978
1027.11	33.975
1027.53	34.069
1027.96	33.899
1028.38	33.836
1028.81	33.967
1029.23	34.055
1029.66	34.080
1030.08	33.978
1030.51	33.893
1030.94	34.010
1031.36	33.851
1031.79	33.656
1032.21	33.652
1032.64	33.727
1033.06	33.875
1033.49	33.731
1033.91	33.543
1034.34	33.686
1034.76	33.638
1035.19	33.515
1035.61	33.329
1036.03	33.324
1036.46	33.379
1036.88	33.280
1037.31	32.975
1037.73	33.001
1038.16	32.954
1038.58	32.712
1039.01	32.638
1039.43	32.698
1039.86	32.731
1040.28	32.484
1040.71	32.331
1041.13	32.491
1041.55	32.318
1041.98	31.918
1042.40	31.645
1042.83	31.662
1043.25	31.710
1043.68	31.503
1044.10	31.243
1044.52	31.456
1044.95	31.286
1045.37	30.950
1045.80	30.815
1046.22	30.923
1046.65	31.096
1047.07	30.674
1047.49	30.312
1047.92	30.243
1048.34	29.906
1048.77	29.459
1049.19	28.897
1049.61	28.579
1050.04	28.538
1050.46	28.086
1050.89	28.104
1051.31	28.469
1051.73	28.681
1052.16	28.414
1052.58	27.966
1053.00	27.768
1053.43	27.662
1053.85	27.311
1054.27	26.722
1054.70	26.573
1055.12	26.417
1055.55	25.998
1055.97	25.613
1056.39	25.243
1056.82	25.546
1057.24	25.476
1057.66	25.213
1058.09	25.229
1058.51	25.132
1058.93	24.839
1059.36	24.575
1059.78	23.763
1060.20	23.437
1060.62	22.913
1061.05	22.409
1061.47	22.049
1061.89	21.510
1062.32	21.359
1062.74	20.533
1063.16	20.086
1063.59	19.995
1064.01	19.435
1064.43	18.560
1064.85	18.228
1065.28	18.085
1065.70	17.786
1066.12	16.602
1066.55	15.437
1066.97	15.702
1067.39	14.940
1067.81	13.555
1068.24	12.629
1068.66	12.524
1069.08	11.933
1069.50	10.373
1069.93	9.158
1070.35	9.451
1070.77	8.885
1071.19	7.615
1071.62	7.067
1072.04	6.791
1072.46	6.430
1072.88	5.593
1073.31	4.228
1073.73	3.214
1074.15	1.614
1074.57	-0.507
1075.00	-1.222
1075.42	-1.634
1075.84	-2.620
1076.26	-4.695
1076.68	-5.104
1077.11	-5.155
1077.53	-6.396
1077.95	-7.656
1078.37	-9.786
1078.79	-10.826
1079.22	-12.056
1079.64	-14.335
1080.06	-16.629
1080.48	-17.618
1080.90	-18.547
1081.32	-20.342
1081.75	-23.062
1082.17	-24.530
1082.59	-24.919
1083.01	-25.970
1083.43	-28.700
1083.85	-29.871
1084.28	-32.351
1084.70	-34.997
1085.12	-36.669
1085.54	-40.131
1085.96	-41.714
1086.38	-45.120
1086.80	-47.593
1087.23	-47.448
1087.65	-48.704
1088.07	-51.656
1088.49	-54.361
1088.91	-56.426
1089.33	-57.084
1089.75	-63.257
1090.17	-67.839
1090.60	-69.740
1091.02	-71.503
1091.44	-73.336
1091.86	-78.046
1092.28	-80.252
1092.70	-82.387
1093.12	-86.136
1093.54	-90.927
1093.96	-92.421
1094.38	-93.110
1094.81	-96.177
1095.23	-101.544
1095.65	-106.253
1096.07	-104.952
1096.49	-111.628
1096.91	-117.257
1097.33	-120.105
1097.75	-124.780
1098.17	-129.929
1098.59	-131.936
1099.01	-133.998
1099.43	-133.520
1099.85	-142.374
1100.27	-151.712
1100.69	-154.824
1101.11	-157.539
1101.53	-160.648
1101.95	-166.709
1102.38	-84.783
1102.80	-292.190
1103.22	-152.471
1103.64	-97.859
1104.06	-342.959
1104.48	-203.905
1104.90	-314.479
1105.32	-220.345
1105.74	-96.150
1106.16	-391.040
