188.40	-246.745
188.88	-404.439
189.35	415.042
189.83	1268.696
190.30	-2058.824
190.78	-379.808
191.26	-285.024
191.73	1779.245
192.21	-2189.855
192.68	-277.290
193.16	-1303.559
193.63	-1527.793
194.11	-1603.281
194.58	-1477.606
195.06	-1233.821
195.53	-811.584
196.01	-661.929
196.48	-586.534
196.96	-488.865
197.43	-413.784
197.91	-371.090
198.38	-332.877
198.86	-278.129
199.33	-228.384
199.81	-219.419
200.28	-210.567
200.76	-192.668
201.23	-175.818
201.71	-159.698
202.18	-152.743
202.66	-143.350
203.13	-135.354
203.61	-128.332
204.08	-119.413
204.55	-113.004
205.03	-106.149
205.50	-101.771
205.98	-102.381
206.45	-102.662
206.93	-98.433
207.40	-97.212
207.88	-97.415
208.35	-98.289
208.82	-100.619
209.30	-101.685
209.77	-98.568
210.25	-97.794
210.72	-98.790
211.20	-98.547
211.67	-96.317
212.14	-95.710
212.62	-92.994
213.09	-89.111
213.57	-86.032
214.04	-87.465
214.52	-88.252
214.99	-83.842
215.46	-84.917
215.94	-87.322
216.41	-86.716
216.89	-85.058
217.36	-84.033
217.83	-85.265
218.31	-85.894
218.78	-81.845
219.25	-80.482
219.73	-83.909
220.20	-86.392
220.68	-80.206
221.15	-79.751
221.62	-82.526
222.10	-84.133
222.57	-82.280
223.04	-80.639
223.52	-83.589
223.99	-84.663
224.47	-83.101
224.94	-85.928
225.41	-86.752
225.89	-87.011
226.36	-86.848
226.83	-88.826
227.31	-91.416
227.78	-90.851
228.25	-86.626
228.73	-87.709
229.20	-87.665
229.67	-90.124
230.15	-89.002
230.62	-89.599
231.09	-92.870
231.57	-93.887
232.04	-90.860
232.51	-90.367
232.98	-93.990
233.46	-94.937
233.93	-94.765
234.40	-91.144
234.88	-91.048
235.35	-94.379
235.82	-90.826
236.30	-84.829
236.77	-85.140
237.24	-89.302
237.71	-87.257
238.19	-86.214
238.66	-85.304
239.13	-88.575
239.61	-86.780
240.08	-82.226
240.55	-82.137
241.02	-79.670
241.50	-76.333
241.97	-74.229
242.44	-74.646
242.91	-75.155
243.39	-75.313
243.86	-72.092
244.33	-72.426
244.80	-75.677
245.28	-74.666
245.75	-72.093
246.22	-76.499
246.69	-75.910
247.17	-73.123
247.64	-72.338
248.11	-72.950
248.58	-75.371
249.05	-76.611
249.53	-73.403
250.00	-75.343
250.47	-78.533
250.94	-81.782
251.42	-81.632
251.89	-80.832
252.36	-81.843
252.83	-81.561
253.30	-78.023
253.78	-76.785
254.25	-78.656
254.72	-77.302
255.19	-75.539
255.66	-74.884
256.13	-77.653
256.61	-77.212
257.08	-75.160
257.55	-74.666
258.02	-75.445
258.49	-77.567
258.97	-75.394
259.44	-75.301
259.91	-75.804
260.38	-75.248
260.85	-72.252
261.32	-72.570
261.79	-72.270
262.27	-73.702
262.74	-71.810
263.21	-68.303
263.68	-72.611
264.15	-74.641
264.62	-74.325
265.09	-74.036
265.57	-75.435
266.04	-75.779
266.51	-77.258
266.98	-77.760
267.45	-78.762
267.92	-81.809
268.39	-79.378
268.86	-78.439
269.34	-76.864
269.81	-78.886
270.28	-78.284
270.75	-74.180
271.22	-74.718
271.69	-75.145
272.16	-72.255
272.63	-71.062
273.10	-73.439
273.57	-74.423
274.05	-72.663
274.52	-69.547
274.99	-67.723
275.46	-69.627
275.93	-66.788
276.40	-64.354
276.87	-62.568
277.34	-64.104
277.81	-62.613
278.28	-62.157
278.75	-63.473
279.22	-66.251
279.69	-65.340
280.16	-63.550
280.63	-63.845
281.11	-66.167
281.58	-68.845
282.05	-68.126
282.52	-66.818
282.99	-68.092
283.46	-68.278
283.93	-64.967
284.40	-64.553
284.87	-66.615
285.34	-66.672
285.81	-67.559
286.28	-66.705
286.75	-65.340
287.22	-65.325
287.69	-63.879
288.16	-59.676
288.63	-59.228
289.10	-57.983
289.57	-55.721
290.04	-54.311
290.51	-55.800
290.98	-55.340
291.45	-52.569
291.92	-52.665
292.39	-55.271
292.86	-56.809
293.33	-54.103
293.80	-54.995
294.27	-56.024
294.74	-58.384
295.21	-54.930
295.68	-53.002
296.15	-55.244
296.62	-58.829
297.09	-57.742
297.56	-56.148
298.03	-57.492
298.49	-58.624
298.96	-59.230
299.43	-58.258
299.90	-60.478
300.37	-60.822
300.84	-60.018
301.31	-58.853
301.78	-58.804
302.25	-58.861
302.72	-56.795
303.19	-55.639
303.66	-53.997
304.13	-55.077
304.60	-53.838
305.07	-55.080
305.53	-54.082
306.00	-54.665
306.47	-53.569
306.94	-51.932
307.41	-53.388
307.88	-55.281
308.35	-54.158
308.82	-51.895
309.29	-51.572
309.76	-51.367
310.22	-50.469
310.69	-48.326
311.16	-47.519
311.63	-46.792
312.10	-46.647
312.57	-45.966
313.04	-46.239
313.51	-48.404
313.97	-47.302
314.44	-45.267
314.91	-44.700
315.38	-45.219
315.85	-44.364
316.32	-42.047
316.79	-41.513
317.25	-41.094
317.72	-41.252
318.19	-39.925
318.66	-39.467
319.13	-39.613
319.60	-40.560
320.07	-39.693
320.53	-38.459
321.00	-39.638
321.47	-39.297
321.94	-38.347
322.41	-37.973
322.87	-38.077
323.34	-38.128
323.81	-37.324
324.28	-36.205
324.75	-36.862
325.22	-37.297
325.68	-36.490
326.15	-36.646
326.62	-36.621
327.09	-36.489
327.56	-35.339
328.02	-34.311
328.49	-35.079
328.96	-35.740
329.43	-34.584
329.89	-34.619
330.36	-34.946
330.83	-35.720
331.30	-35.963
331.77	-35.281
332.23	-35.034
332.70	-33.937
333.17	-33.368
333.64	-33.128
334.10	-32.928
334.57	-32.111
335.04	-31.217
335.51	-30.746
335.97	-30.563
336.44	-30.032
336.91	-30.059
337.38	-28.995
337.84	-28.781
338.31	-28.000
338.78	-27.206
339.24	-25.785
339.71	-24.337
340.18	-23.336
340.65	-21.501
341.11	-19.917
341.58	-18.879
342.05	-17.811
342.52	-17.081
342.98	-16.112
343.45	-15.332
343.92	-15.008
344.38	-14.727
344.85	-14.207
345.32	-13.312
345.78	-12.785
346.25	-11.852
346.72	-10.691
347.18	-9.912
347.65	-9.912
348.12	-9.562
348.58	-9.343
349.05	-9.000
349.52	-9.240
349.99	-9.207
350.45	-8.881
350.92	-8.603
351.38	-8.709
351.85	-8.520
352.32	-8.385
352.78	-7.752
353.25	-7.232
353.72	-6.918
354.18	-6.451
354.65	-6.034
355.12	-5.820
355.58	-5.588
356.05	-5.560
356.52	-5.407
356.98	-5.454
357.45	-4.956
357.91	-4.712
358.38	-4.272
358.85	-4.120
359.31	-3.852
359.78	-3.601
360.25	-3.419
360.71	-3.405
361.18	-3.140
361.64	-3.060
362.11	-2.916
362.58	-3.024
363.04	-2.995
363.51	-2.594
363.97	-2.291
364.44	-2.147
364.91	-1.973
365.37	-1.755
365.84	-1.543
366.30	-1.384
366.77	-1.207
367.23	-1.021
367.70	-0.861
368.17	-0.703
368.63	-0.541
369.10	-0.411
369.56	-0.336
370.03	-0.262
370.49	-0.223
370.96	-0.098
371.42	0.066
371.89	0.116
372.36	0.346
372.82	0.386
373.29	0.438
373.75	0.583
374.22	0.734
374.68	0.955
375.15	1.051
375.61	1.128
376.08	1.123
376.54	1.220
377.01	1.366
377.47	1.478
377.94	1.555
378.40	1.612
378.87	1.693
379.33	1.809
379.80	1.883
380.26	1.947
380.73	2.066
381.19	2.196
381.66	2.290
382.12	2.372
382.59	2.484
383.05	2.480
383.52	2.478
383.98	2.464
384.45	2.504
384.91	2.522
385.38	2.549
385.84	2.669
386.31	2.672
386.77	2.695
387.24	2.729
387.70	2.808
388.16	2.912
388.63	3.020
389.09	3.073
389.56	3.165
390.02	3.262
390.49	3.283
390.95	3.304
391.42	3.420
391.88	3.490
392.34	3.555
392.81	3.684
393.27	3.803
393.74	3.915
394.20	3.933
394.67	3.995
395.13	4.077
395.59	4.205
396.06	4.313
396.52	4.348
396.99	4.465
397.45	4.476
397.91	4.515
398.38	4.489
398.84	4.513
399.31	4.521
399.77	4.547
400.23	4.587
400.70	4.611
401.16	4.561
401.63	4.531
402.09	4.516
402.55	4.423
403.02	4.341
403.48	4.301
403.94	4.302
404.41	4.297
404.87	4.276
405.33	4.207
405.80	4.170
406.26	4.134
406.73	4.105
407.19	4.130
407.65	4.143
408.12	4.206
408.58	4.289
409.04	4.374
409.51	4.460
409.97	4.553
410.43	4.678
410.90	4.850
411.36	5.038
411.82	5.206
412.29	5.451
412.75	5.678
413.21	5.903
413.67	6.112
414.14	6.358
414.60	6.580
415.06	6.821
415.53	7.044
415.99	7.291
416.45	7.496
416.92	7.701
417.38	7.894
417.84	8.080
418.30	8.211
418.77	8.324
419.23	8.415
419.69	8.475
420.16	8.523
420.62	8.533
421.08	8.484
421.54	8.461
422.01	8.396
422.47	8.301
422.93	8.200
423.39	8.063
423.86	7.924
424.32	7.770
424.78	7.597
425.24	7.444
425.71	7.279
426.17	7.125
426.63	6.962
427.09	6.813
427.56	6.674
428.02	6.529
428.48	6.382
428.94	6.247
429.41	6.113
429.87	6.005
430.33	6.041
430.79	6.147
431.25	6.258
431.72	6.416
432.18	6.594
432.64	6.831
433.10	7.123
433.56	7.395
434.03	7.714
434.49	8.068
434.95	8.444
435.41	8.825
435.87	9.207
436.34	9.613
436.80	10.050
437.26	10.483
437.72	10.917
438.18	11.394
438.64	11.871
439.11	12.339
439.57	12.792
440.03	13.137
440.49	13.448
440.95	13.727
441.41	13.951
441.88	14.186
442.34	14.381
442.80	14.533
443.26	14.639
443.72	14.711
444.18	14.759
444.64	14.751
445.11	14.711
445.57	14.642
446.03	14.563
446.49	14.422
446.95	14.259
447.41	14.087
447.87	13.880
448.33	13.664
448.79	13.417
449.26	13.155
449.72	12.921
450.18	12.685
450.64	12.455
451.10	12.226
451.56	11.997
452.02	11.781
452.48	11.574
452.94	11.410
453.40	11.288
453.87	11.189
454.33	11.122
454.79	11.093
455.25	11.103
455.71	11.124
456.17	11.189
456.63	11.316
457.09	11.479
457.55	11.677
458.01	11.910
458.47	12.211
458.93	12.543
459.39	12.903
459.85	13.275
460.31	13.677
460.77	14.121
461.24	14.594
461.70	15.078
462.16	15.580
462.62	16.106
463.08	16.630
463.54	17.148
464.00	17.674
464.46	18.197
464.92	18.695
465.38	19.182
465.84	19.651
466.30	20.099
466.76	20.530
467.22	20.924
467.68	21.290
468.14	21.625
468.60	21.923
469.06	22.177
469.52	22.396
469.98	22.586
470.44	22.731
470.90	22.835
471.36	22.899
471.82	22.920
472.28	22.913
472.74	22.857
473.20	22.759
473.66	22.634
474.12	22.470
474.58	22.269
475.04	22.048
475.50	21.803
475.95	21.532
476.41	21.239
476.87	20.930
477.33	20.611
477.79	20.282
478.25	19.951
478.71	19.613
479.17	19.275
479.63	18.944
480.09	18.619
480.55	18.303
481.01	18.007
481.47	17.734
481.93	17.478
482.39	17.257
482.84	17.071
483.30	16.917
483.76	16.800
484.22	16.716
484.68	16.665
485.14	16.658
485.60	16.686
486.06	16.753
486.52	16.863
486.98	17.012
487.44	17.203
487.89	17.430
488.35	17.699
488.81	18.009
489.27	18.352
489.73	18.726
490.19	19.127
490.65	19.567
491.11	20.037
491.56	20.518
492.02	21.011
492.48	21.525
492.94	22.052
493.40	22.586
493.86	23.125
494.32	23.671
494.77	24.214
495.23	24.749
495.69	25.280
496.15	25.799
496.61	26.311
497.07	26.798
497.52	27.275
497.98	27.731
498.44	28.167
498.90	28.578
499.36	28.960
499.82	29.318
500.27	29.636
500.73	29.921
501.19	30.176
501.65	30.406
502.11	30.596
502.56	30.752
503.02	30.873
503.48	30.971
503.94	31.032
504.40	31.057
504.85	31.047
505.31	31.007
505.77	30.935
506.23	30.834
506.69	30.701
507.14	30.533
507.60	30.345
508.06	30.119
508.52	29.868
508.97	29.594
509.43	29.307
509.89	28.997
510.35	28.669
510.80	28.332
511.26	27.991
511.72	27.639
512.18	27.272
512.63	26.900
513.09	26.526
513.55	26.149
514.01	25.779
514.46	25.423
514.92	25.072
515.38	24.735
515.84	24.410
516.29	24.108
516.75	23.825
517.21	23.559
517.66	23.315
518.12	23.099
518.58	22.914
519.04	22.755
519.49	22.628
519.95	22.535
520.41	22.472
520.86	22.436
521.32	22.436
521.78	22.481
522.23	22.556
522.69	22.664
523.15	22.817
523.61	23.003
524.06	23.221
524.52	23.472
524.98	23.755
525.43	24.061
525.89	24.392
526.35	24.749
526.80	25.133
527.26	25.540
527.72	25.971
528.17	26.418
528.63	26.880
529.09	27.355
529.54	27.842
530.00	28.341
530.45	28.845
530.91	29.354
531.37	29.855
531.82	30.366
532.28	30.874
532.74	31.368
533.19	31.857
533.65	32.324
534.10	32.774
534.56	33.208
535.02	33.624
535.47	34.028
535.93	34.417
536.39	34.787
536.84	35.137
537.30	35.465
537.75	35.767
538.21	36.031
538.67	36.283
539.12	36.508
539.58	36.706
540.03	36.877
540.49	37.033
540.94	37.165
541.40	37.258
541.86	37.320
542.31	37.360
542.77	37.376
543.22	37.377
543.68	37.354
544.13	37.306
544.59	37.239
545.05	37.142
545.50	37.023
545.96	36.875
546.41	36.703
546.87	36.510
547.32	36.298
547.78	36.077
548.23	35.826
548.69	35.554
549.14	35.269
549.60	34.963
550.06	34.641
550.51	34.309
550.97	33.969
551.42	33.618
551.88	33.258
552.33	32.886
552.79	32.506
553.24	32.132
553.70	31.762
554.15	31.396
554.61	31.038
555.06	30.678
555.52	30.326
555.97	29.988
556.43	29.660
556.88	29.342
557.34	29.043
557.79	28.765
558.25	28.506
558.70	28.266
559.15	28.056
559.61	27.859
560.06	27.686
560.52	27.540
560.97	27.429
561.43	27.341
561.88	27.287
562.34	27.262
562.79	27.252
563.25	27.279
563.70	27.324
564.16	27.403
564.61	27.511
565.06	27.650
565.52	27.812
565.97	28.005
566.43	28.234
566.88	28.484
567.34	28.758
567.79	29.056
568.24	29.375
568.70	29.713
569.15	30.072
569.61	30.446
570.06	30.837
570.51	31.245
570.97	31.670
571.42	32.101
571.88	32.555
572.33	33.018
572.78	33.477
573.24	33.951
573.69	34.418
574.15	34.900
574.60	35.377
575.05	35.861
575.51	36.346
575.96	36.822
576.42	37.305
576.87	37.779
577.32	38.251
577.78	38.711
578.23	39.165
578.68	39.608
579.14	40.044
579.59	40.461
580.04	40.857
580.50	41.235
580.95	41.606
581.40	41.949
581.86	42.286
582.31	42.609
582.76	42.923
583.22	43.217
583.67	43.487
584.12	43.740
584.58	43.967
585.03	44.164
585.48	44.341
585.94	44.481
586.39	44.593
586.84	44.692
587.30	44.780
587.75	44.838
588.20	44.881
588.66	44.905
589.11	44.908
589.56	44.894
590.01	44.860
590.47	44.794
590.92	44.719
591.37	44.619
591.83	44.489
592.28	44.335
592.73	44.166
593.18	43.974
593.64	43.769
594.09	43.544
594.54	43.315
594.99	43.069
595.45	42.815
595.90	42.546
596.35	42.256
596.80	41.948
597.26	41.632
597.71	41.297
598.16	40.948
598.61	40.595
599.07	40.239
599.52	39.871
599.97	39.500
600.42	39.117
600.88	38.730
601.33	38.350
601.78	37.965
602.23	37.576
602.69	37.186
603.14	36.794
603.59	36.407
604.04	36.019
604.49	35.630
604.95	35.246
605.40	34.885
605.85	34.536
606.30	34.195
606.75	33.866
607.21	33.558
607.66	33.261
608.11	32.976
608.56	32.698
609.01	32.445
609.46	32.211
609.92	31.996
610.37	31.800
610.82	31.622
611.27	31.471
611.72	31.343
612.17	31.243
612.63	31.157
613.08	31.094
613.53	31.054
613.98	31.052
614.43	31.069
614.88	31.102
615.34	31.154
615.79	31.221
616.24	31.311
616.69	31.422
617.14	31.554
617.59	31.707
618.04	31.883
618.49	32.078
618.95	32.283
619.40	32.512
619.85	32.761
620.30	33.026
620.75	33.294
621.20	33.585
621.65	33.889
622.10	34.208
622.55	34.542
623.00	34.889
623.46	35.241
623.91	35.597
624.36	35.961
624.81	36.331
625.26	36.711
625.71	37.097
626.16	37.489
626.61	37.885
627.06	38.284
627.51	38.689
627.96	39.090
628.41	39.496
628.86	39.890
629.32	40.287
629.77	40.678
630.22	41.068
630.67	41.448
631.12	41.824
631.57	42.203
632.02	42.570
632.47	42.918
632.92	43.268
633.37	43.622
633.82	43.961
634.27	44.281
634.72	44.597
635.17	44.898
635.62	45.187
636.07	45.466
636.52	45.723
636.97	45.969
637.42	46.203
637.87	46.423
638.32	46.626
638.77	46.818
639.22	47.000
639.67	47.167
640.12	47.319
640.57	47.460
641.02	47.577
641.47	47.677
641.92	47.773
642.37	47.844
642.82	47.882
643.27	47.908
643.72	47.931
644.17	47.930
644.62	47.918
645.07	47.885
645.52	47.844
645.97	47.798
646.42	47.727
646.87	47.645
647.32	47.572
647.77	47.498
648.22	47.399
648.66	47.277
649.11	47.136
649.56	46.979
650.01	46.807
650.46	46.629
650.91	46.452
651.36	46.252
651.81	46.032
652.26	45.817
652.71	45.585
653.16	45.340
653.61	45.086
654.06	44.824
654.50	44.553
654.95	44.265
655.40	43.964
655.85	43.663
656.30	43.356
656.75	43.021
657.20	42.678
657.65	42.336
658.10	41.987
658.55	41.651
658.99	41.316
659.44	40.984
659.89	40.644
660.34	40.294
660.79	39.940
661.24	39.601
661.69	39.265
662.13	38.933
662.58	38.597
663.03	38.266
663.48	37.935
663.93	37.612
664.38	37.291
664.83	36.984
665.27	36.676
665.72	36.368
666.17	36.074
666.62	35.785
667.07	35.503
667.52	35.235
667.96	34.963
668.41	34.697
668.86	34.444
669.31	34.199
669.76	33.975
670.21	33.766
670.65	33.569
671.10	33.380
671.55	33.209
672.00	33.056
672.45	32.918
672.89	32.796
673.34	32.674
673.79	32.574
674.24	32.480
674.68	32.401
675.13	32.340
675.58	32.298
676.03	32.265
676.48	32.240
676.92	32.232
677.37	32.247
677.82	32.277
678.27	32.309
678.71	32.357
679.16	32.416
679.61	32.494
680.06	32.582
680.50	32.680
680.95	32.805
681.40	32.938
681.85	33.072
682.29	33.220
682.74	33.397
683.19	33.579
683.64	33.772
684.08	33.986
684.53	34.208
684.98	34.440
685.43	34.692
685.87	34.945
686.32	35.205
686.77	35.466
687.21	35.721
687.66	36.002
688.11	36.297
688.55	36.587
689.00	36.879
689.45	37.197
689.90	37.516
690.34	37.823
690.79	38.129
691.24	38.449
691.68	38.769
692.13	39.078
692.58	39.382
693.02	39.700
693.47	40.004
693.92	40.305
694.36	40.594
694.81	40.895
695.26	41.195
695.70	41.485
696.15	41.782
696.60	42.089
697.04	42.389
697.49	42.670
697.94	42.940
698.38	43.218
698.83	43.481
699.27	43.745
699.72	43.985
700.17	44.237
700.61	44.479
701.06	44.718
701.51	44.954
701.95	45.193
702.40	45.426
702.84	45.651
703.29	45.876
703.74	46.091
704.18	46.288
704.63	46.484
705.07	46.671
705.52	46.847
705.97	47.009
706.41	47.152
706.86	47.286
707.30	47.426
707.75	47.569
708.20	47.692
708.64	47.791
709.09	47.888
709.53	47.963
709.98	48.041
710.42	48.098
710.87	48.134
711.32	48.160
711.76	48.164
712.21	48.170
712.65	48.163
713.10	48.161
713.54	48.137
713.99	48.109
714.43	48.078
714.88	48.019
715.33	47.941
715.77	47.876
716.22	47.813
716.66	47.729
717.11	47.620
717.55	47.515
718.00	47.409
718.44	47.295
718.89	47.169
719.33	47.043
719.78	46.927
720.22	46.803
720.67	46.674
721.11	46.541
721.56	46.403
722.00	46.240
722.45	46.059
722.89	45.884
723.34	45.698
723.78	45.526
724.23	45.357
724.67	45.182
725.12	44.979
725.56	44.763
726.01	44.556
726.45	44.337
726.90	44.096
727.34	43.850
727.78	43.620
728.23	43.380
728.67	43.120
729.12	42.848
729.56	42.586
730.01	42.314
730.45	42.030
730.90	41.727
731.34	41.460
731.79	41.191
732.23	40.909
732.67	40.612
733.12	40.308
733.56	40.026
734.01	39.753
734.45	39.466
734.89	39.195
735.34	38.932
735.78	38.681
736.23	38.421
736.67	38.154
737.12	37.885
737.56	37.624
738.00	37.364
738.45	37.114
738.89	36.869
739.34	36.652
739.78	36.453
740.22	36.247
740.67	36.022
741.11	35.799
741.55	35.593
742.00	35.398
742.44	35.198
742.89	34.990
743.33	34.796
743.77	34.629
744.22	34.467
744.66	34.286
745.10	34.103
745.55	33.930
745.99	33.794
746.43	33.662
746.88	33.537
747.32	33.408
747.76	33.294
748.21	33.205
748.65	33.097
749.09	32.984
749.54	32.884
749.98	32.809
750.42	32.755
750.87	32.689
751.31	32.628
751.75	32.589
752.20	32.581
752.64	32.574
753.08	32.558
753.53	32.541
753.97	32.554
754.41	32.583
754.85	32.624
755.30	32.662
755.74	32.708
756.18	32.783
756.63	32.884
757.07	32.986
757.51	33.061
757.95	33.152
758.40	33.266
758.84	33.396
759.28	33.532
759.72	33.651
760.17	33.795
760.61	33.959
761.05	34.123
761.50	34.270
761.94	34.419
762.38	34.580
762.82	34.773
763.26	34.961
763.71	35.147
764.15	35.331
764.59	35.513
765.03	35.696
765.48	35.878
765.92	36.051
766.36	36.220
766.80	36.414
767.25	36.622
767.69	36.826
768.13	37.045
768.57	37.268
769.01	37.509
769.46	37.741
769.90	37.966
770.34	38.193
770.78	38.421
771.22	38.671
771.67	38.946
772.11	39.204
772.55	39.454
772.99	39.688
773.43	39.929
773.87	40.188
774.32	40.452
774.76	40.702
775.20	40.953
775.64	41.211
776.08	41.488
776.52	41.747
776.97	42.000
777.41	42.236
777.85	42.470
778.29	42.704
778.73	42.963
779.17	43.230
779.62	43.475
780.06	43.714
780.50	43.953
780.94	44.178
781.38	44.394
781.82	44.606
782.26	44.838
782.70	45.066
783.15	45.287
783.59	45.501
784.03	45.705
784.47	45.901
784.91	46.082
785.35	46.250
785.79	46.420
786.23	46.598
786.67	46.765
787.11	46.923
787.56	47.077
788.00	47.216
788.44	47.350
788.88	47.498
789.32	47.639
789.76	47.777
790.20	47.902
790.64	48.033
791.08	48.170
791.52	48.287
791.96	48.381
792.40	48.472
792.84	48.573
793.28	48.688
793.73	48.807
794.17	48.908
794.61	48.995
795.05	49.095
795.49	49.155
795.93	49.211
796.37	49.253
796.81	49.292
797.25	49.339
797.69	49.355
798.13	49.357
798.57	49.364
799.01	49.352
799.45	49.318
799.89	49.270
800.33	49.223
800.77	49.191
801.21	49.170
801.65	49.122
802.09	49.066
802.53	49.002
802.97	48.922
803.41	48.864
803.85	48.810
804.29	48.733
804.73	48.689
805.17	48.616
805.61	48.535
806.05	48.447
806.49	48.322
806.93	48.223
807.37	48.139
807.81	48.063
808.25	47.976
808.69	47.872
809.13	47.757
809.57	47.641
810.01	47.522
810.44	47.383
810.88	47.250
811.32	47.111
811.76	46.962
812.20	46.815
812.64	46.649
813.08	46.475
813.52	46.285
813.96	46.070
814.40	45.899
814.84	45.735
815.28	45.562
815.72	45.403
816.16	45.224
816.59	45.046
817.03	44.854
817.47	44.666
817.91	44.506
818.35	44.347
818.79	44.181
819.23	43.995
819.67	43.809
820.11	43.634
820.54	43.438
820.98	43.220
821.42	43.014
821.86	42.803
822.30	42.591
822.74	42.390
823.18	42.195
823.62	41.980
824.05	41.767
824.49	41.565
824.93	41.362
825.37	41.167
825.81	40.963
826.25	40.735
826.69	40.479
827.12	40.210
827.56	39.958
828.00	39.708
828.44	39.487
828.88	39.275
829.32	39.036
829.75	38.813
830.19	38.604
830.63	38.384
831.07	38.182
831.51	37.960
831.94	37.738
832.38	37.521
832.82	37.312
833.26	37.114
833.70	36.926
834.13	36.740
834.57	36.545
835.01	36.343
835.45	36.172
835.89	36.023
836.32	35.884
836.76	35.721
837.20	35.549
837.64	35.381
838.08	35.236
838.51	35.120
838.95	34.998
839.39	34.891
839.83	34.787
840.26	34.675
840.70	34.587
841.14	34.498
841.58	34.417
842.01	34.341
842.45	34.268
842.89	34.177
843.33	34.083
843.76	33.993
844.20	33.928
844.64	33.860
845.08	33.792
845.51	33.723
845.95	33.674
846.39	33.637
846.82	33.589
847.26	33.526
847.70	33.453
848.14	33.392
848.57	33.344
849.01	33.308
849.45	33.267
849.88	33.229
850.32	33.206
850.76	33.195
851.19	33.199
851.63	33.201
852.07	33.217
852.50	33.240
852.94	33.253
853.38	33.257
853.81	33.275
854.25	33.310
854.69	33.358
855.12	33.419
855.56	33.481
856.00	33.552
856.43	33.644
856.87	33.738
857.31	33.846
857.74	33.948
858.18	34.030
858.62	34.125
859.05	34.227
859.49	34.329
859.93	34.419
860.36	34.519
860.80	34.628
861.24	34.728
861.67	34.830
862.11	34.942
862.54	35.054
862.98	35.188
863.42	35.329
863.85	35.473
864.29	35.614
864.72	35.768
865.16	35.907
865.60	36.042
866.03	36.192
866.47	36.333
866.90	36.464
867.34	36.635
867.78	36.825
868.21	37.034
868.65	37.243
869.08	37.468
869.52	37.665
869.95	37.844
870.39	38.029
870.83	38.234
871.26	38.463
871.70	38.715
872.13	38.937
872.57	39.156
873.00	39.362
873.44	39.558
873.87	39.744
874.31	39.942
874.75	40.142
875.18	40.332
875.62	40.527
876.05	40.730
876.49	40.943
876.92	41.179
877.36	41.396
877.79	41.602
878.23	41.795
878.66	42.003
879.10	42.225
879.53	42.452
879.97	42.671
880.40	42.871
880.84	43.074
881.27	43.260
881.71	43.439
882.14	43.628
882.58	43.821
883.01	44.018
883.45	44.226
883.88	44.423
884.32	44.613
884.75	44.795
885.19	44.995
885.62	45.195
886.06	45.376
886.49	45.563
886.92	45.755
887.36	45.965
887.79	46.143
888.23	46.308
888.66	46.483
889.10	46.640
889.53	46.787
889.97	46.927
890.40	47.073
890.83	47.213
891.27	47.347
891.70	47.497
892.14	47.657
892.57	47.822
893.01	48.016
893.44	48.209
893.87	48.390
894.31	48.589
894.74	48.743
895.18	48.853
895.61	48.964
896.04	49.055
896.48	49.118
896.91	49.198
897.35	49.260
897.78	49.326
898.21	49.412
898.65	49.520
899.08	49.619
899.52	49.727
899.95	49.826
900.38	49.946
900.82	50.067
901.25	50.181
901.68	50.302
902.12	50.369
902.55	50.457
902.99	50.577
903.42	50.668
903.85	50.751
904.29	50.845
904.72	50.929
905.15	51.031
905.59	51.102
906.02	51.202
906.45	51.326
906.89	51.434
907.32	51.519
907.75	51.598
908.19	51.644
908.62	51.699
909.05	51.740
909.49	51.741
909.92	51.742
910.35	51.715
910.78	51.649
911.22	51.573
911.65	51.504
912.08	51.427
912.52	51.351
912.95	51.298
913.38	51.243
913.82	51.186
914.25	51.138
914.68	51.105
915.11	51.059
915.55	51.007
915.98	50.945
916.41	50.877
916.84	50.782
917.28	50.722
917.71	50.646
918.14	50.590
918.58	50.548
919.01	50.455
919.44	50.383
919.87	50.331
920.31	50.326
920.74	50.283
921.17	50.195
921.60	50.120
922.03	50.018
922.47	49.927
922.90	49.806
923.33	49.649
923.76	49.538
924.20	49.432
924.63	49.306
925.06	49.165
925.49	49.012
925.92	48.907
926.36	48.785
926.79	48.648
927.22	48.508
927.65	48.378
928.08	48.263
928.52	48.150
928.95	47.998
929.38	47.829
929.81	47.672
930.24	47.543
930.68	47.373
931.11	47.237
931.54	47.083
931.97	46.954
932.40	46.843
932.83	46.717
933.27	46.569
933.70	46.406
934.13	46.264
934.56	46.148
934.99	45.968
935.42	45.787
935.85	45.594
936.29	45.423
936.72	45.255
937.15	45.088
937.58	44.904
938.01	44.747
938.44	44.580
938.87	44.401
939.31	44.210
939.74	44.050
940.17	43.859
940.60	43.656
941.03	43.475
941.46	43.311
941.89	43.114
942.32	42.884
942.75	42.697
943.18	42.500
943.62	42.295
944.05	42.080
944.48	41.843
944.91	41.659
945.34	41.456
945.77	41.229
946.20	41.008
946.63	40.813
947.06	40.605
947.49	40.393
947.92	40.217
948.35	40.014
948.78	39.796
949.22	39.556
949.65	39.351
950.08	39.116
950.51	38.863
950.94	38.621
951.37	38.427
951.80	38.228
952.23	38.053
952.66	37.869
953.09	37.726
953.52	37.605
953.95	37.470
954.38	37.313
954.81	37.162
955.24	37.020
955.67	36.869
956.10	36.713
956.53	36.558
956.96	36.395
957.39	36.255
957.82	36.093
958.25	35.960
958.68	35.825
959.11	35.707
959.54	35.592
959.97	35.471
960.40	35.373
960.83	35.271
961.26	35.119
961.69	34.966
962.12	34.798
962.55	34.630
962.98	34.438
963.41	34.272
963.84	34.149
964.27	34.012
964.70	33.869
965.13	33.727
965.56	33.603
965.99	33.467
966.42	33.337
966.84	33.237
967.27	33.148
967.70	33.078
968.13	32.979
968.56	32.873
968.99	32.769
969.42	32.679
969.85	32.576
970.28	32.467
970.71	32.362
971.14	32.261
971.57	32.180
972.00	32.070
972.42	31.958
972.85	31.864
973.28	31.781
973.71	31.654
974.14	31.561
974.57	31.490
975.00	31.418
975.43	31.327
975.86	31.266
976.28	31.232
976.71	31.122
977.14	30.993
977.57	30.912
978.00	30.867
978.43	30.792
978.86	30.694
979.29	30.667
979.71	30.671
980.14	30.657
980.57	30.596
981.00	30.578
981.43	30.619
981.86	30.587
982.28	30.511
982.71	30.487
983.14	30.489
983.57	30.481
984.00	30.466
984.43	30.465
984.85	30.481
985.28	30.476
985.71	30.520
986.14	30.569
986.57	30.587
986.99	30.654
987.42	30.613
987.85	30.611
988.28	30.652
988.71	30.650
989.13	30.659
989.56	30.687
989.99	30.796
990.42	30.858
990.85	30.970
991.27	31.044
991.70	31.112
992.13	31.186
992.56	31.234
992.98	31.204
993.41	31.297
993.84	31.371
994.27	31.401
994.70	31.457
995.12	31.493
995.55	31.603
995.98	31.633
996.41	31.731
996.83	31.844
997.26	31.938
997.69	32.110
998.11	32.128
998.54	32.223
998.97	32.323
999.40	32.372
999.82	32.408
1000.25	32.592
1000.68	32.757
1001.11	32.813
1001.53	32.846
1001.96	32.975
1002.39	33.081
1002.81	33.207
1003.24	33.313
1003.67	33.327
1004.09	33.469
1004.52	33.564
1004.95	33.570
1005.38	33.628
1005.80	33.780
1006.23	33.831
1006.66	33.759
1007.08	33.930
1007.51	34.042
1007.94	34.178
1008.36	34.183
1008.79	34.196
1009.22	34.190
1009.64	34.192
1010.07	34.243
1010.50	34.329
1010.92	34.463
1011.35	34.502
1011.77	34.457
1012.20	34.431
1012.63	34.595
1013.05	34.694
1013.48	34.667
1013.91	34.848
1014.33	34.936
1014.76	34.982
1015.19	35.066
1015.61	35.052
1016.04	35.086
1016.46	35.264
1016.89	35.156
1017.32	35.236
1017.74	35.272
1018.17	35.397
1018.59	35.525
1019.02	35.573
1019.45	35.590
1019.87	35.646
1020.30	35.662
1020.72	35.750
1021.15	35.912
1021.58	35.937
1022.00	35.930
1022.43	35.899
1022.85	35.819
1023.28	35.923
1023.70	35.913
1024.13	35.869
1024.55	35.961
1024.98	36.056
1025.41	35.926
1025.83	35.899
1026.26	36.010
1026.68	36.172
1027.11	36.159
1027.53	36.045
1027.96	36.110
1028.38	36.386
1028.81	36.503
1029.23	36.498
1029.66	36.566
1030.08	36.507
1030.51	36.654
1030.94	36.686
1031.36	36.789
1031.79	36.907
1032.21	36.792
1032.64	36.707
1033.06	36.511
1033.49	36.672
1033.91	36.693
1034.34	36.551
1034.76	36.503
1035.19	36.524
1035.61	36.464
1036.03	36.282
1036.46	36.281
1036.88	36.297
1037.31	36.009
1037.73	35.612
1038.16	35.523
1038.58	35.456
1039.01	35.555
1039.43	35.308
1039.86	35.288
1040.28	35.353
1040.71	35.354
1041.13	35.346
1041.55	35.295
1041.98	35.735
1042.40	35.722
1042.83	35.535
1043.25	35.441
1043.68	35.697
1044.10	35.578
1044.52	35.527
1044.95	35.617
1045.37	35.450
1045.80	35.311
1046.22	35.398
1046.65	35.395
1047.07	35.413
1047.49	35.436
1047.92	35.150
1048.34	34.893
1048.77	34.800
1049.19	34.429
1049.61	34.120
1050.04	33.896
1050.46	33.827
1050.89	33.723
1051.31	33.227
1051.73	33.137
1052.16	33.247
1052.58	32.799
1053.00	32.705
1053.43	32.186
1053.85	31.839
1054.27	32.024
1054.70	31.751
1055.12	31.212
1055.55	31.029
1055.97	30.837
1056.39	30.613
1056.82	30.318
1057.24	30.317
1057.66	30.108
1058.09	30.225
1058.51	30.006
1058.93	29.704
1059.36	29.533
1059.78	28.705
1060.20	28.348
1060.62	27.919
1061.05	27.893
1061.47	27.708
1061.89	26.839
1062.32	26.515
1062.74	26.402
1063.16	25.773
1063.59	25.263
1064.01	24.935
1064.43	24.895
1064.85	24.651
1065.28	24.132
1065.70	23.669
1066.12	22.878
1066.55	22.510
1066.97	21.936
1067.39	21.283
1067.81	21.153
1068.24	20.528
1068.66	20.040
1069.08	19.326
1069.50	18.776
1069.93	18.111
1070.35	16.984
1070.77	16.617
1071.19	16.025
1071.62	15.889
1072.04	15.233
1072.46	14.522
1072.88	14.035
1073.31	13.411
1073.73	12.382
1074.15	11.045
1074.57	10.481
1075.00	10.433
1075.42	9.455
1075.84	7.879
1076.26	6.990
1076.68	6.567
1077.11	6.019
1077.53	4.856
1077.95	4.786
1078.37	3.447
1078.79	2.046
1079.22	1.468
1079.64	0.451
1080.06	0.022
1080.48	-2.457
1080.90	-4.070
1081.32	-4.921
1081.75	-6.400
1082.17	-7.836
1082.59	-9.234
1083.01	-10.137
1083.43	-11.336
1083.85	-12.896
1084.28	-15.312
1084.70	-16.667
1085.12	-17.441
1085.54	-19.995
1085.96	-23.043
1086.38	-25.029
1086.80	-26.427
1087.23	-26.669
1087.65	-28.087
1088.07	-30.732
1088.49	-31.340
1088.91	-33.516
1089.33	-34.722
1089.75	-38.014
1090.17	-38.917
1090.60	-40.423
1091.02	-43.307
1091.44	-45.468
1091.86	-47.664
1092.28	-49.233
1092.70	-53.392
1093.12	-55.838
1093.54	-57.675
1093.96	-60.121
1094.38	-62.847
1094.81	-67.324
1095.23	-68.622
1095.65	-72.271
1096.07	-75.716
1096.49	-83.290
1096.91	-85.585
1097.33	-89.225
1097.75	-95.292
1098.17	-100.469
1098.59	-99.639
1099.01	-102.562
1099.43	-105.701
1099.85	-110.218
1100.27	-114.710
1100.69	-116.422
1101.11	-121.292
1101.53	-123.597
1101.95	-127.121
1102.38	-119.887
1102.80	-156.466
1103.22	-89.244
1103.64	-114.808
1104.06	-203.565
1104.48	-153.340
1104.90	-143.681
1105.32	-167.241
1105.74	-121.502
1106.16	-233.600
