188.40	-310.184
188.88	-303.655
189.35	468.524
189.83	1666.957
190.30	-1637.255
190.78	-368.750
191.26	-278.261
191.73	2115.094
192.21	-2981.159
192.68	-162.023
193.16	-1423.843
193.63	-1681.994
194.11	-1808.080
194.58	-1688.075
195.06	-1394.107
195.53	-919.315
196.01	-763.327
196.48	-691.660
196.96	-574.012
197.43	-484.446
197.91	-443.002
198.38	-397.143
198.86	-340.689
199.33	-285.978
199.81	-274.000
200.28	-262.211
200.76	-235.723
201.23	-214.301
201.71	-194.845
202.18	-185.280
202.66	-170.720
203.13	-160.217
203.61	-152.799
204.08	-142.252
204.55	-134.227
205.03	-126.205
205.50	-122.653
205.98	-124.073
206.45	-123.439
206.93	-117.398
207.40	-116.082
207.88	-116.165
208.35	-114.945
208.82	-116.185
209.30	-119.639
209.77	-118.350
210.25	-118.290
210.72	-115.731
211.20	-117.285
211.67	-116.259
212.14	-115.521
212.62	-113.996
213.09	-110.137
213.57	-105.877
214.04	-106.178
214.52	-103.028
214.99	-99.809
215.46	-103.012
215.94	-102.662
216.41	-99.544
216.89	-99.010
217.36	-98.633
217.83	-101.713
218.31	-100.293
218.78	-96.590
219.25	-95.697
219.73	-98.414
220.20	-100.021
220.68	-94.713
221.15	-93.321
221.62	-97.166
222.10	-94.833
222.57	-92.081
223.04	-91.740
223.52	-95.870
223.99	-99.124
224.47	-96.664
224.94	-99.307
225.41	-99.942
225.89	-99.158
226.36	-100.273
226.83	-102.544
227.31	-104.982
227.78	-104.818
228.25	-100.278
228.73	-102.223
229.20	-102.412
229.67	-102.484
230.15	-99.734
230.62	-103.450
231.09	-106.831
231.57	-108.587
232.04	-106.577
232.51	-105.885
232.98	-109.464
233.46	-106.808
233.93	-103.688
234.40	-101.705
234.88	-102.040
235.35	-104.679
235.82	-100.722
236.30	-97.169
236.77	-97.626
237.24	-99.093
237.71	-94.895
238.19	-95.758
238.66	-94.472
239.13	-99.827
239.61	-98.047
240.08	-97.034
240.55	-96.568
241.02	-93.507
241.50	-89.486
241.97	-87.863
242.44	-88.698
242.91	-89.747
243.39	-88.311
243.86	-87.561
244.33	-91.345
244.80	-92.859
245.28	-92.084
245.75	-89.868
246.22	-91.909
246.69	-93.712
247.17	-89.997
247.64	-92.387
248.11	-95.786
248.58	-96.542
249.05	-94.249
249.53	-90.672
250.00	-92.576
250.47	-97.507
250.94	-100.017
251.42	-99.990
251.89	-100.200
252.36	-100.879
252.83	-101.157
253.30	-97.232
253.78	-95.389
254.25	-96.687
254.72	-95.257
255.19	-94.973
255.66	-95.659
256.13	-98.562
256.61	-97.177
257.08	-96.040
257.55	-94.139
258.02	-93.426
258.49	-93.933
258.97	-92.448
259.44	-93.635
259.91	-93.376
260.38	-91.004
260.85	-87.594
261.32	-87.368
261.79	-88.650
262.27	-88.492
262.74	-86.008
263.21	-85.305
263.68	-89.357
264.15	-90.929
264.62	-90.937
265.09	-91.017
265.57	-94.026
266.04	-92.572
266.51	-92.153
266.98	-93.647
267.45	-94.353
267.92	-97.909
268.39	-94.913
268.86	-94.522
269.34	-93.721
269.81	-93.696
270.28	-93.995
270.75	-89.715
271.22	-90.896
271.69	-89.835
272.16	-86.771
272.63	-86.593
273.10	-88.533
273.57	-87.910
274.05	-86.399
274.52	-82.964
274.99	-81.720
275.46	-81.516
275.93	-79.819
276.40	-80.210
276.87	-78.244
277.34	-78.826
277.81	-78.144
278.28	-78.670
278.75	-79.600
279.22	-82.430
279.69	-80.469
280.16	-78.971
280.63	-80.005
281.11	-81.295
281.58	-83.699
282.05	-83.769
282.52	-83.099
282.99	-83.358
283.46	-81.751
283.93	-79.822
284.40	-82.831
284.87	-82.999
285.34	-83.906
285.81	-83.569
286.28	-81.219
286.75	-81.615
287.22	-79.910
287.69	-77.817
288.16	-76.156
288.63	-74.613
289.10	-73.102
289.57	-71.749
290.04	-68.985
290.51	-70.991
290.98	-69.498
291.45	-68.687
291.92	-70.346
292.39	-70.455
292.86	-72.982
293.33	-71.641
293.80	-71.198
294.27	-70.418
294.74	-70.303
295.21	-67.562
295.68	-66.711
296.15	-68.022
296.62	-70.380
297.09	-69.462
297.56	-67.974
298.03	-68.369
298.49	-68.008
298.96	-68.215
299.43	-68.378
299.90	-71.941
300.37	-72.232
300.84	-71.385
301.31	-70.807
301.78	-70.035
302.25	-69.443
302.72	-67.309
303.19	-67.793
303.66	-65.675
304.13	-66.356
304.60	-65.147
305.07	-64.919
305.53	-63.938
306.00	-62.786
306.47	-61.706
306.94	-60.728
307.41	-60.577
307.88	-61.528
308.35	-61.293
308.82	-60.186
309.29	-60.422
309.76	-58.653
310.22	-58.809
310.69	-59.169
311.16	-57.300
311.63	-56.251
312.10	-54.976
312.57	-54.882
313.04	-55.861
313.51	-56.764
313.97	-56.224
314.44	-55.683
314.91	-55.732
315.38	-57.636
315.85	-55.729
316.32	-53.771
316.79	-53.380
317.25	-54.395
317.72	-55.179
318.19	-54.791
318.66	-53.421
319.13	-53.016
319.60	-52.975
320.07	-52.465
320.53	-50.165
321.00	-50.577
321.47	-50.185
321.94	-49.577
322.41	-48.251
322.87	-46.998
323.34	-46.078
323.81	-44.361
324.28	-43.857
324.75	-44.913
325.22	-43.919
325.68	-44.418
326.15	-44.604
326.62	-45.671
327.09	-43.875
327.56	-43.194
328.02	-42.294
328.49	-42.877
328.96	-43.518
329.43	-42.802
329.89	-41.537
330.36	-42.065
330.83	-41.115
331.30	-41.066
331.77	-41.611
332.23	-40.540
332.70	-39.961
333.17	-40.185
333.64	-40.652
334.10	-39.666
334.57	-37.220
335.04	-36.820
335.51	-36.247
335.97	-35.098
336.44	-34.058
336.91	-33.764
337.38	-32.959
337.84	-33.401
338.31	-31.524
338.78	-30.981
339.24	-30.676
339.71	-30.015
340.18	-29.204
340.65	-28.431
341.11	-27.279
341.58	-26.190
342.05	-25.633
342.52	-25.148
342.98	-24.234
343.45	-22.866
343.92	-22.850
344.38	-22.388
344.85	-21.926
345.32	-21.242
345.78	-20.414
346.25	-19.678
346.72	-18.948
347.18	-17.696
347.65	-17.151
348.12	-16.872
348.58	-15.987
349.05	-15.148
349.52	-14.107
349.99	-13.739
350.45	-13.268
350.92	-12.929
351.38	-12.891
351.85	-12.056
352.32	-11.551
352.78	-11.228
353.25	-10.771
353.72	-10.147
354.18	-10.207
354.65	-9.223
355.12	-9.076
355.58	-8.336
356.05	-7.855
356.52	-7.682
356.98	-7.263
357.45	-6.653
357.91	-6.479
358.38	-6.420
358.85	-6.178
359.31	-5.719
359.78	-5.580
360.25	-5.448
360.71	-5.020
361.18	-4.448
361.64	-4.543
362.11	-4.233
362.58	-4.066
363.04	-3.630
363.51	-3.329
363.97	-3.010
364.44	-2.919
364.91	-2.688
365.37	-2.763
365.84	-2.804
366.30	-2.637
366.77	-2.435
367.23	-2.179
367.70	-2.066
368.17	-1.672
368.63	-1.502
369.10	-1.445
369.56	-1.269
370.03	-1.121
370.49	-0.967
370.96	-1.016
371.42	-0.954
371.89	-0.746
372.36	-0.497
372.82	-0.413
373.29	-0.400
373.75	-0.264
374.22	0.008
374.68	0.194
375.15	0.265
375.61	0.443
376.08	0.555
376.54	0.702
377.01	0.749
377.47	0.840
377.94	0.986
378.40	1.104
378.87	1.117
379.33	1.312
379.80	1.373
380.26	1.493
380.73	1.555
381.19	1.643
381.66	1.722
382.12	1.795
382.59	1.792
383.05	1.901
383.52	1.914
383.98	1.962
384.45	1.956
384.91	1.917
385.38	2.043
385.84	2.101
386.31	2.016
386.77	2.022
387.24	2.063
387.70	2.195
388.16	2.239
388.63	2.275
389.09	2.380
389.56	2.487
390.02	2.470
390.49	2.533
390.95	2.564
391.42	2.706
391.88	2.731
392.34	2.750
392.81	2.843
393.27	2.997
393.74	3.047
394.20	3.162
394.67	3.303
395.13	3.473
395.59	3.605
396.06	3.683
396.52	3.808
396.99	3.942
397.45	3.943
397.91	4.021
398.38	3.954
398.84	3.974
399.31	3.989
399.77	4.019
400.23	4.085
400.70	4.147
401.16	4.096
401.63	4.073
402.09	4.102
402.55	4.106
403.02	4.046
403.48	3.992
403.94	3.983
404.41	3.968
404.87	3.865
405.33	3.804
405.80	3.807
406.26	3.813
406.73	3.791
407.19	3.785
407.65	3.795
408.12	3.904
408.58	3.984
409.04	4.056
409.51	4.148
409.97	4.279
410.43	4.373
410.90	4.502
411.36	4.694
411.82	4.870
412.29	5.090
412.75	5.306
413.21	5.503
413.67	5.748
414.14	5.990
414.60	6.225
415.06	6.471
415.53	6.696
415.99	6.944
416.45	7.147
416.92	7.299
417.38	7.496
417.84	7.699
418.30	7.798
418.77	7.931
419.23	8.031
419.69	8.119
420.16	8.180
420.62	8.186
421.08	8.196
421.54	8.168
422.01	8.089
422.47	8.016
422.93	7.952
423.39	7.837
423.86	7.694
424.32	7.546
424.78	7.392
425.24	7.245
425.71	7.083
426.17	6.946
426.63	6.830
427.09	6.716
427.56	6.584
428.02	6.457
428.48	6.339
428.94	6.211
429.41	6.054
429.87	5.967
430.33	5.997
430.79	6.089
431.25	6.208
431.72	6.344
432.18	6.522
432.64	6.739
433.10	6.980
433.56	7.248
434.03	7.567
434.49	7.953
434.95	8.315
435.41	8.669
435.87	9.054
436.34	9.471
436.80	9.882
437.26	10.292
437.72	10.731
438.18	11.199
438.64	11.666
439.11	12.135
439.57	12.578
440.03	12.956
440.49	13.277
440.95	13.557
441.41	13.810
441.88	14.061
442.34	14.267
442.80	14.444
443.26	14.578
443.72	14.666
444.18	14.704
444.64	14.705
445.11	14.683
445.57	14.635
446.03	14.553
446.49	14.419
446.95	14.279
447.41	14.102
447.87	13.897
448.33	13.675
448.79	13.425
449.26	13.197
449.72	12.941
450.18	12.686
450.64	12.467
451.10	12.235
451.56	12.011
452.02	11.794
452.48	11.575
452.94	11.404
453.40	11.276
453.87	11.158
454.33	11.081
454.79	11.038
455.25	11.036
455.71	11.055
456.17	11.123
456.63	11.248
457.09	11.410
457.55	11.609
458.01	11.844
458.47	12.136
458.93	12.463
459.39	12.819
459.85	13.192
460.31	13.595
460.77	14.028
461.24	14.482
461.70	14.977
462.16	15.484
462.62	16.020
463.08	16.527
463.54	17.044
464.00	17.587
464.46	18.109
464.92	18.605
465.38	19.099
465.84	19.572
466.30	20.031
466.76	20.461
467.22	20.842
467.68	21.217
468.14	21.555
468.60	21.852
469.06	22.126
469.52	22.351
469.98	22.545
470.44	22.707
470.90	22.803
471.36	22.866
471.82	22.896
472.28	22.879
472.74	22.827
473.20	22.738
473.66	22.620
474.12	22.462
474.58	22.270
475.04	22.057
475.50	21.816
475.95	21.540
476.41	21.252
476.87	20.952
477.33	20.640
477.79	20.315
478.25	19.976
478.71	19.638
479.17	19.302
479.63	18.969
480.09	18.641
480.55	18.328
481.01	18.035
481.47	17.758
481.93	17.503
482.39	17.283
482.84	17.091
483.30	16.928
483.76	16.808
484.22	16.712
484.68	16.657
485.14	16.645
485.60	16.673
486.06	16.742
486.52	16.852
486.98	17.000
487.44	17.186
487.89	17.409
488.35	17.677
488.81	17.982
489.27	18.322
489.73	18.694
490.19	19.102
490.65	19.538
491.11	20.003
491.56	20.485
492.02	20.986
492.48	21.500
492.94	22.028
493.40	22.558
493.86	23.101
494.32	23.648
494.77	24.190
495.23	24.720
495.69	25.248
496.15	25.769
496.61	26.275
497.07	26.767
497.52	27.248
497.98	27.707
498.44	28.147
498.90	28.563
499.36	28.951
499.82	29.310
500.27	29.634
500.73	29.925
501.19	30.185
501.65	30.413
502.11	30.610
502.56	30.776
503.02	30.903
503.48	31.002
503.94	31.065
504.40	31.100
504.85	31.101
505.31	31.071
505.77	30.996
506.23	30.895
506.69	30.771
507.14	30.606
507.60	30.414
508.06	30.194
508.52	29.944
508.97	29.674
509.43	29.382
509.89	29.069
510.35	28.749
510.80	28.410
511.26	28.067
511.72	27.711
512.18	27.338
512.63	26.971
513.09	26.598
513.55	26.218
514.01	25.844
514.46	25.483
514.92	25.129
515.38	24.794
515.84	24.467
516.29	24.160
516.75	23.873
517.21	23.607
517.66	23.358
518.12	23.138
518.58	22.950
519.04	22.787
519.49	22.656
519.95	22.561
520.41	22.495
520.86	22.457
521.32	22.456
521.78	22.498
522.23	22.571
522.69	22.681
523.15	22.832
523.61	23.020
524.06	23.231
524.52	23.476
524.98	23.753
525.43	24.062
525.89	24.390
526.35	24.743
526.80	25.121
527.26	25.531
527.72	25.958
528.17	26.403
528.63	26.864
529.09	27.339
529.54	27.821
530.00	28.317
530.45	28.824
530.91	29.335
531.37	29.838
531.82	30.346
532.28	30.848
532.74	31.342
533.19	31.829
533.65	32.295
534.10	32.749
534.56	33.187
535.02	33.603
535.47	34.011
535.93	34.407
536.39	34.781
536.84	35.135
537.30	35.468
537.75	35.772
538.21	36.051
538.67	36.306
539.12	36.538
539.58	36.737
540.03	36.908
540.49	37.063
540.94	37.199
541.40	37.294
541.86	37.366
542.31	37.410
542.77	37.424
543.22	37.428
543.68	37.408
544.13	37.362
544.59	37.302
545.05	37.207
545.50	37.086
545.96	36.941
546.41	36.769
546.87	36.583
547.32	36.372
547.78	36.143
548.23	35.888
548.69	35.615
549.14	35.334
549.60	35.036
550.06	34.721
550.51	34.391
550.97	34.052
551.42	33.700
551.88	33.338
552.33	32.971
552.79	32.601
553.24	32.225
553.70	31.854
554.15	31.478
554.61	31.117
555.06	30.759
555.52	30.403
555.97	30.059
556.43	29.724
556.88	29.405
557.34	29.109
557.79	28.832
558.25	28.571
558.70	28.327
559.15	28.105
559.61	27.903
560.06	27.723
560.52	27.573
560.97	27.457
561.43	27.369
561.88	27.311
562.34	27.277
562.79	27.268
563.25	27.288
563.70	27.336
564.16	27.412
564.61	27.517
565.06	27.652
565.52	27.809
565.97	28.001
566.43	28.223
566.88	28.467
567.34	28.741
567.79	29.035
568.24	29.358
568.70	29.699
569.15	30.053
569.61	30.433
570.06	30.826
570.51	31.235
570.97	31.662
571.42	32.092
571.88	32.549
572.33	33.008
572.78	33.470
573.24	33.945
573.69	34.415
574.15	34.896
574.60	35.375
575.05	35.858
575.51	36.342
575.96	36.819
576.42	37.299
576.87	37.776
577.32	38.247
577.78	38.703
578.23	39.161
578.68	39.604
579.14	40.036
579.59	40.455
580.04	40.853
580.50	41.234
580.95	41.607
581.40	41.952
581.86	42.294
582.31	42.622
582.76	42.943
583.22	43.242
583.67	43.516
584.12	43.776
584.58	44.007
585.03	44.208
585.48	44.384
585.94	44.532
586.39	44.651
586.84	44.758
587.30	44.850
587.75	44.913
588.20	44.968
588.66	44.996
589.11	44.999
589.56	44.983
590.01	44.948
590.47	44.885
590.92	44.806
591.37	44.708
591.83	44.579
592.28	44.419
592.73	44.250
593.18	44.060
593.64	43.852
594.09	43.626
594.54	43.395
594.99	43.159
595.45	42.903
595.90	42.631
596.35	42.344
596.80	42.037
597.26	41.716
597.71	41.376
598.16	41.032
598.61	40.683
599.07	40.326
599.52	39.955
599.97	39.586
600.42	39.206
600.88	38.820
601.33	38.432
601.78	38.052
602.23	37.665
602.69	37.275
603.14	36.889
603.59	36.507
604.04	36.122
604.49	35.732
604.95	35.346
605.40	34.978
605.85	34.623
606.30	34.278
606.75	33.945
607.21	33.632
607.66	33.329
608.11	33.043
608.56	32.764
609.01	32.511
609.46	32.272
609.92	32.055
610.37	31.855
610.82	31.678
611.27	31.521
611.72	31.387
612.17	31.282
612.63	31.189
613.08	31.120
613.53	31.075
613.98	31.068
614.43	31.083
614.88	31.119
615.34	31.168
615.79	31.234
616.24	31.323
616.69	31.433
617.14	31.559
617.59	31.705
618.04	31.882
618.49	32.071
618.95	32.279
619.40	32.503
619.85	32.754
620.30	33.017
620.75	33.283
621.20	33.572
621.65	33.876
622.10	34.195
622.55	34.533
623.00	34.882
623.46	35.233
623.91	35.584
624.36	35.944
624.81	36.319
625.26	36.704
625.71	37.087
626.16	37.486
626.61	37.884
627.06	38.287
627.51	38.688
627.96	39.090
628.41	39.497
628.86	39.895
629.32	40.289
629.77	40.680
630.22	41.076
630.67	41.460
631.12	41.834
631.57	42.211
632.02	42.580
632.47	42.931
632.92	43.280
633.37	43.642
633.82	43.982
634.27	44.306
634.72	44.623
635.17	44.929
635.62	45.216
636.07	45.493
636.52	45.752
636.97	46.002
637.42	46.237
637.87	46.457
638.32	46.663
638.77	46.860
639.22	47.048
639.67	47.216
640.12	47.371
640.57	47.512
641.02	47.630
641.47	47.732
641.92	47.829
642.37	47.899
642.82	47.942
643.27	47.972
643.72	47.989
644.17	47.988
644.62	47.976
645.07	47.944
645.52	47.905
645.97	47.859
646.42	47.794
646.87	47.718
647.32	47.647
647.77	47.574
648.22	47.472
648.66	47.350
649.11	47.208
649.56	47.049
650.01	46.884
650.46	46.714
650.91	46.536
651.36	46.336
651.81	46.121
652.26	45.907
652.71	45.677
653.16	45.440
653.61	45.193
654.06	44.932
654.50	44.666
654.95	44.383
655.40	44.086
655.85	43.786
656.30	43.473
656.75	43.132
657.20	42.786
657.65	42.446
658.10	42.097
658.55	41.761
658.99	41.428
659.44	41.092
659.89	40.750
660.34	40.393
660.79	40.038
661.24	39.696
661.69	39.352
662.13	39.020
662.58	38.675
663.03	38.340
663.48	38.007
663.93	37.678
664.38	37.361
664.83	37.053
665.27	36.743
665.72	36.436
666.17	36.143
666.62	35.854
667.07	35.569
667.52	35.296
667.96	35.023
668.41	34.753
668.86	34.496
669.31	34.245
669.76	34.022
670.21	33.817
670.65	33.622
671.10	33.434
671.55	33.259
672.00	33.104
672.45	32.961
672.89	32.830
673.34	32.706
673.79	32.597
674.24	32.496
674.68	32.413
675.13	32.348
675.58	32.302
676.03	32.268
676.48	32.243
676.92	32.231
677.37	32.241
677.82	32.268
678.27	32.301
678.71	32.350
679.16	32.409
679.61	32.483
680.06	32.568
680.50	32.663
680.95	32.789
681.40	32.923
681.85	33.056
682.29	33.211
682.74	33.387
683.19	33.568
683.64	33.761
684.08	33.972
684.53	34.197
684.98	34.434
685.43	34.686
685.87	34.942
686.32	35.208
686.77	35.467
687.21	35.723
687.66	36.001
688.11	36.299
688.55	36.590
689.00	36.882
689.45	37.198
689.90	37.522
690.34	37.829
690.79	38.136
691.24	38.461
691.68	38.785
692.13	39.095
692.58	39.399
693.02	39.719
693.47	40.032
693.92	40.334
694.36	40.623
694.81	40.917
695.26	41.219
695.70	41.510
696.15	41.813
696.60	42.123
697.04	42.422
697.49	42.699
697.94	42.968
698.38	43.243
698.83	43.508
699.27	43.769
699.72	44.009
700.17	44.262
700.61	44.502
701.06	44.741
701.51	44.978
701.95	45.218
702.40	45.447
702.84	45.669
703.29	45.895
703.74	46.109
704.18	46.316
704.63	46.516
705.07	46.705
705.52	46.882
705.97	47.054
706.41	47.199
706.86	47.335
707.30	47.481
707.75	47.626
708.20	47.752
708.64	47.852
709.09	47.945
709.53	48.026
709.98	48.109
710.42	48.166
710.87	48.204
711.32	48.239
711.76	48.255
712.21	48.263
712.65	48.257
713.10	48.261
713.54	48.239
713.99	48.209
714.43	48.179
714.88	48.121
715.33	48.043
715.77	47.981
716.22	47.922
716.66	47.843
717.11	47.740
717.55	47.634
718.00	47.526
718.44	47.419
718.89	47.290
719.33	47.161
719.78	47.038
720.22	46.917
720.67	46.779
721.11	46.643
721.56	46.509
722.00	46.344
722.45	46.164
722.89	45.986
723.34	45.799
723.78	45.627
724.23	45.455
724.67	45.274
725.12	45.070
725.56	44.850
726.01	44.638
726.45	44.416
726.90	44.178
727.34	43.932
727.78	43.698
728.23	43.462
728.67	43.202
729.12	42.933
729.56	42.676
730.01	42.406
730.45	42.118
730.90	41.814
731.34	41.546
731.79	41.277
732.23	40.994
732.67	40.700
733.12	40.392
733.56	40.110
734.01	39.836
734.45	39.556
734.89	39.287
735.34	39.031
735.78	38.775
736.23	38.512
736.67	38.249
737.12	37.982
737.56	37.720
738.00	37.460
738.45	37.211
738.89	36.964
739.34	36.736
739.78	36.532
740.22	36.321
740.67	36.095
741.11	35.868
741.55	35.662
742.00	35.464
742.44	35.265
742.89	35.055
743.33	34.853
743.77	34.682
744.22	34.515
744.66	34.327
745.10	34.141
745.55	33.973
745.99	33.830
746.43	33.696
746.88	33.562
747.32	33.429
747.76	33.316
748.21	33.222
748.65	33.117
749.09	33.005
749.54	32.906
749.98	32.829
750.42	32.768
750.87	32.700
751.31	32.635
751.75	32.598
752.20	32.582
752.64	32.573
753.08	32.553
753.53	32.533
753.97	32.543
754.41	32.571
754.85	32.607
755.30	32.643
755.74	32.688
756.18	32.759
756.63	32.862
757.07	32.959
757.51	33.027
757.95	33.123
758.40	33.238
758.84	33.361
759.28	33.487
759.72	33.612
760.17	33.758
760.61	33.924
761.05	34.086
761.50	34.238
761.94	34.390
762.38	34.554
762.82	34.748
763.26	34.938
763.71	35.127
764.15	35.311
764.59	35.492
765.03	35.667
765.48	35.850
765.92	36.025
766.36	36.198
766.80	36.401
767.25	36.611
767.69	36.815
768.13	37.039
768.57	37.268
769.01	37.502
769.46	37.729
769.90	37.948
770.34	38.166
770.78	38.395
771.22	38.649
771.67	38.919
772.11	39.179
772.55	39.430
772.99	39.663
773.43	39.905
773.87	40.172
774.32	40.451
774.76	40.712
775.20	40.962
775.64	41.218
776.08	41.489
776.52	41.745
776.97	41.997
777.41	42.230
777.85	42.461
778.29	42.708
778.73	42.967
779.17	43.232
779.62	43.480
780.06	43.722
780.50	43.961
780.94	44.187
781.38	44.398
781.82	44.606
782.26	44.831
782.70	45.063
783.15	45.283
783.59	45.499
784.03	45.696
784.47	45.886
784.91	46.066
785.35	46.236
785.79	46.412
786.23	46.589
786.67	46.759
787.11	46.932
787.56	47.078
788.00	47.218
788.44	47.362
788.88	47.517
789.32	47.660
789.76	47.784
790.20	47.908
790.64	48.047
791.08	48.192
791.52	48.319
791.96	48.410
792.40	48.500
792.84	48.594
793.28	48.711
793.73	48.829
794.17	48.935
794.61	49.022
795.05	49.107
795.49	49.172
795.93	49.231
796.37	49.271
796.81	49.318
797.25	49.366
797.69	49.385
798.13	49.382
798.57	49.389
799.01	49.390
799.45	49.363
799.89	49.314
800.33	49.265
800.77	49.227
801.21	49.219
801.65	49.178
802.09	49.125
802.53	49.060
802.97	48.987
803.41	48.927
803.85	48.875
804.29	48.812
804.73	48.771
805.17	48.699
805.61	48.607
806.05	48.512
806.49	48.388
806.93	48.289
807.37	48.206
807.81	48.129
808.25	48.043
808.69	47.944
809.13	47.837
809.57	47.717
810.01	47.588
810.44	47.437
810.88	47.292
811.32	47.147
811.76	47.002
812.20	46.853
812.64	46.687
813.08	46.512
813.52	46.314
813.96	46.100
814.40	45.923
814.84	45.762
815.28	45.591
815.72	45.431
816.16	45.258
816.59	45.089
817.03	44.896
817.47	44.705
817.91	44.534
818.35	44.365
818.79	44.207
819.23	44.034
819.67	43.860
820.11	43.685
820.54	43.480
820.98	43.270
821.42	43.064
821.86	42.852
822.30	42.642
822.74	42.451
823.18	42.247
823.62	42.033
824.05	41.813
824.49	41.618
824.93	41.413
825.37	41.210
825.81	40.997
826.25	40.765
826.69	40.512
827.12	40.245
827.56	39.996
828.00	39.752
828.44	39.530
828.88	39.306
829.32	39.077
829.75	38.862
830.19	38.649
830.63	38.435
831.07	38.224
831.51	38.017
831.94	37.786
832.38	37.571
832.82	37.360
833.26	37.175
833.70	36.981
834.13	36.793
834.57	36.596
835.01	36.402
835.45	36.238
835.89	36.092
836.32	35.947
836.76	35.786
837.20	35.605
837.64	35.434
838.08	35.280
838.51	35.162
838.95	35.039
839.39	34.917
839.83	34.799
840.26	34.690
840.70	34.589
841.14	34.504
841.58	34.420
842.01	34.355
842.45	34.274
842.89	34.179
843.33	34.075
843.76	33.987
844.20	33.918
844.64	33.840
845.08	33.765
845.51	33.705
845.95	33.655
846.39	33.616
846.82	33.569
847.26	33.516
847.70	33.439
848.14	33.380
848.57	33.338
849.01	33.303
849.45	33.265
849.88	33.222
850.32	33.192
850.76	33.182
851.19	33.176
851.63	33.172
852.07	33.176
852.50	33.211
852.94	33.230
853.38	33.231
853.81	33.255
854.25	33.288
854.69	33.331
855.12	33.394
855.56	33.452
856.00	33.523
856.43	33.609
856.87	33.695
857.31	33.797
857.74	33.891
858.18	33.985
858.62	34.081
859.05	34.180
859.49	34.281
859.93	34.369
860.36	34.467
860.80	34.573
861.24	34.684
861.67	34.787
862.11	34.884
862.54	34.996
862.98	35.124
863.42	35.271
863.85	35.423
864.29	35.563
864.72	35.713
865.16	35.857
865.60	36.007
866.03	36.161
866.47	36.301
866.90	36.450
867.34	36.616
867.78	36.805
868.21	37.013
868.65	37.242
869.08	37.457
869.52	37.652
869.95	37.843
870.39	38.025
870.83	38.222
871.26	38.453
871.70	38.700
872.13	38.924
872.57	39.129
873.00	39.321
873.44	39.513
873.87	39.700
874.31	39.894
874.75	40.076
875.18	40.264
875.62	40.463
876.05	40.657
876.49	40.866
876.92	41.087
877.36	41.310
877.79	41.512
878.23	41.712
878.66	41.908
879.10	42.135
879.53	42.366
879.97	42.588
880.40	42.784
880.84	42.973
881.27	43.168
881.71	43.345
882.14	43.521
882.58	43.717
883.01	43.916
883.45	44.115
883.88	44.319
884.32	44.513
884.75	44.714
885.19	44.918
885.62	45.115
886.06	45.313
886.49	45.497
886.92	45.679
887.36	45.885
887.79	46.077
888.23	46.253
888.66	46.431
889.10	46.576
889.53	46.741
889.97	46.894
890.40	47.031
890.83	47.184
891.27	47.339
891.70	47.505
892.14	47.674
892.57	47.845
893.01	48.033
893.44	48.217
893.87	48.382
894.31	48.577
894.74	48.742
895.18	48.888
895.61	48.997
896.04	49.077
896.48	49.157
896.91	49.258
897.35	49.312
897.78	49.366
898.21	49.455
898.65	49.566
899.08	49.643
899.52	49.734
899.95	49.843
900.38	49.961
900.82	50.072
901.25	50.188
901.68	50.292
902.12	50.382
902.55	50.486
902.99	50.608
903.42	50.696
903.85	50.764
904.29	50.839
904.72	50.935
905.15	51.025
905.59	51.103
906.02	51.179
906.45	51.291
906.89	51.416
907.32	51.527
907.75	51.623
908.19	51.697
908.62	51.754
909.05	51.807
909.49	51.814
909.92	51.802
910.35	51.753
910.78	51.685
911.22	51.617
911.65	51.530
912.08	51.450
912.52	51.386
912.95	51.344
913.38	51.266
913.82	51.196
914.25	51.162
914.68	51.135
915.11	51.095
915.55	51.015
915.98	50.965
916.41	50.884
916.84	50.781
917.28	50.715
917.71	50.661
918.14	50.610
918.58	50.560
919.01	50.472
919.44	50.416
919.87	50.380
920.31	50.348
920.74	50.320
921.17	50.231
921.60	50.156
922.03	50.051
922.47	49.947
922.90	49.830
923.33	49.696
923.76	49.572
924.20	49.466
924.63	49.360
925.06	49.228
925.49	49.068
925.92	48.934
926.36	48.806
926.79	48.664
927.22	48.529
927.65	48.383
928.08	48.258
928.52	48.163
928.95	48.007
929.38	47.836
929.81	47.679
930.24	47.549
930.68	47.383
931.11	47.236
931.54	47.086
931.97	46.983
932.40	46.861
932.83	46.748
933.27	46.596
933.70	46.441
934.13	46.281
934.56	46.158
934.99	45.970
935.42	45.825
935.85	45.651
936.29	45.451
936.72	45.295
937.15	45.132
937.58	44.962
938.01	44.809
938.44	44.634
938.87	44.487
939.31	44.312
939.74	44.143
940.17	43.974
940.60	43.799
941.03	43.600
941.46	43.386
941.89	43.149
942.32	42.957
942.75	42.770
943.18	42.566
943.62	42.352
944.05	42.146
944.48	41.900
944.91	41.680
945.34	41.446
945.77	41.246
946.20	41.024
946.63	40.786
947.06	40.563
947.49	40.322
947.92	40.097
948.35	39.857
948.78	39.588
949.22	39.365
949.65	39.148
950.08	38.895
950.51	38.674
950.94	38.445
951.37	38.240
951.80	38.060
952.23	37.874
952.66	37.727
953.09	37.611
953.52	37.483
953.95	37.344
954.38	37.204
954.81	37.045
955.24	36.906
955.67	36.726
956.10	36.583
956.53	36.468
956.96	36.318
957.39	36.199
957.82	36.080
958.25	35.960
958.68	35.795
959.11	35.666
959.54	35.542
959.97	35.401
960.40	35.258
960.83	35.101
961.26	34.944
961.69	34.822
962.12	34.632
962.55	34.431
962.98	34.268
963.41	34.106
963.84	33.978
964.27	33.830
964.70	33.680
965.13	33.583
965.56	33.459
965.99	33.318
966.42	33.181
966.84	33.088
967.27	32.990
967.70	32.917
968.13	32.822
968.56	32.758
968.99	32.704
969.42	32.591
969.85	32.486
970.28	32.374
970.71	32.260
971.14	32.163
971.57	32.055
972.00	31.976
972.42	31.889
972.85	31.730
973.28	31.627
973.71	31.533
974.14	31.426
974.57	31.374
975.00	31.247
975.43	31.219
975.86	31.157
976.28	31.036
976.71	30.983
977.14	30.878
977.57	30.810
978.00	30.740
978.43	30.669
978.86	30.638
979.29	30.599
979.71	30.553
980.14	30.517
980.57	30.474
981.00	30.507
981.43	30.497
981.86	30.480
982.28	30.480
982.71	30.490
983.14	30.445
983.57	30.394
984.00	30.389
984.43	30.356
984.85	30.320
985.28	30.338
985.71	30.386
986.14	30.430
986.57	30.428
986.99	30.432
987.42	30.374
987.85	30.439
988.28	30.482
988.71	30.423
989.13	30.508
989.56	30.574
989.99	30.566
990.42	30.620
990.85	30.656
991.27	30.789
991.70	30.816
992.13	30.847
992.56	30.905
992.98	30.960
993.41	31.064
993.84	31.131
994.27	31.110
994.70	31.158
995.12	31.165
995.55	31.159
995.98	31.212
996.41	31.396
996.83	31.469
997.26	31.590
997.69	31.665
998.11	31.771
998.54	31.865
998.97	31.878
999.40	31.975
999.82	32.132
1000.25	32.191
1000.68	32.333
1001.11	32.377
1001.53	32.519
1001.96	32.612
1002.39	32.652
1002.81	32.745
1003.24	32.778
1003.67	32.822
1004.09	32.944
1004.52	32.983
1004.95	33.083
1005.38	33.063
1005.80	33.043
1006.23	33.040
1006.66	33.150
1007.08	33.234
1007.51	33.307
1007.94	33.334
1008.36	33.384
1008.79	33.393
1009.22	33.360
1009.64	33.331
1010.07	33.411
1010.50	33.552
1010.92	33.641
1011.35	33.636
1011.77	33.739
1012.20	33.871
1012.63	33.965
1013.05	34.033
1013.48	34.098
1013.91	34.263
1014.33	34.345
1014.76	34.340
1015.19	34.460
1015.61	34.406
1016.04	34.377
1016.46	34.428
1016.89	34.481
1017.32	34.629
1017.74	34.676
1018.17	34.779
1018.59	34.973
1019.02	35.089
1019.45	35.003
1019.87	35.036
1020.30	35.009
1020.72	35.150
1021.15	35.265
1021.58	35.159
1022.00	35.296
1022.43	35.370
1022.85	35.357
1023.28	35.391
1023.70	35.407
1024.13	35.463
1024.55	35.535
1024.98	35.462
1025.41	35.490
1025.83	35.582
1026.26	35.578
1026.68	35.499
1027.11	35.374
1027.53	35.379
1027.96	35.288
1028.38	35.190
1028.81	35.195
1029.23	35.388
1029.66	35.372
1030.08	35.321
1030.51	35.346
1030.94	35.398
1031.36	35.276
1031.79	35.102
1032.21	35.177
1032.64	35.238
1033.06	35.161
1033.49	35.061
1033.91	35.010
1034.34	35.076
1034.76	34.942
1035.19	34.656
1035.61	34.802
1036.03	34.755
1036.46	34.708
1036.88	34.574
1037.31	34.359
1037.73	34.452
1038.16	34.353
1038.58	34.093
1039.01	34.078
1039.43	34.041
1039.86	34.025
1040.28	34.230
1040.71	34.146
1041.13	34.268
1041.55	34.018
1041.98	33.911
1042.40	33.909
1042.83	33.792
1043.25	33.776
1043.68	33.641
1044.10	33.587
1044.52	33.620
1044.95	33.553
1045.37	33.378
1045.80	33.350
1046.22	33.530
1046.65	33.383
1047.07	33.090
1047.49	32.823
1047.92	32.702
1048.34	32.526
1048.77	32.149
1049.19	31.655
1049.61	31.173
1050.04	30.913
1050.46	30.777
1050.89	30.517
1051.31	30.513
1051.73	30.409
1052.16	30.216
1052.58	30.013
1053.00	29.632
1053.43	29.341
1053.85	29.100
1054.27	28.901
1054.70	28.814
1055.12	28.504
1055.55	28.396
1055.97	28.222
1056.39	27.961
1056.82	28.092
1057.24	27.971
1057.66	27.739
1058.09	27.619
1058.51	27.664
1058.93	27.117
1059.36	26.720
1059.78	26.011
1060.20	25.592
1060.62	25.261
1061.05	24.513
1061.47	24.478
1061.89	24.352
1062.32	24.304
1062.74	23.963
1063.16	23.216
1063.59	23.264
1064.01	22.722
1064.43	21.808
1064.85	21.427
1065.28	21.205
1065.70	20.610
1066.12	19.591
1066.55	18.766
1066.97	18.885
1067.39	18.315
1067.81	17.736
1068.24	17.306
1068.66	17.210
1069.08	16.653
1069.50	15.343
1069.93	14.434
1070.35	13.891
1070.77	13.241
1071.19	11.623
1071.62	10.972
1072.04	10.343
1072.46	9.370
1072.88	8.396
1073.31	7.508
1073.73	7.166
1074.15	6.012
1074.57	4.404
1075.00	3.889
1075.42	2.738
1075.84	1.613
1076.26	0.634
1076.68	-0.726
1077.11	-0.714
1077.53	-2.007
1077.95	-2.725
1078.37	-3.178
1078.79	-3.800
1079.22	-4.188
1079.64	-5.641
1080.06	-6.675
1080.48	-7.576
1080.90	-8.970
1081.32	-10.479
1081.75	-11.385
1082.17	-13.425
1082.59	-15.415
1083.01	-17.309
1083.43	-19.012
1083.85	-19.693
1084.28	-21.544
1084.70	-23.828
1085.12	-25.681
1085.54	-28.115
1085.96	-30.829
1086.38	-32.677
1086.80	-35.036
1087.23	-36.062
1087.65	-38.233
1088.07	-41.754
1088.49	-43.236
1088.91	-45.790
1089.33	-47.724
1089.75	-51.522
1090.17	-54.875
1090.60	-57.194
1091.02	-58.626
1091.44	-60.368
1091.86	-62.950
1092.28	-65.784
1092.70	-67.779
1093.12	-71.729
1093.54	-75.687
1093.96	-77.532
1094.38	-78.938
1094.81	-81.930
1095.23	-85.126
1095.65	-89.512
1096.07	-89.798
1096.49	-95.631
1096.91	-99.245
1097.33	-102.903
1097.75	-108.037
1098.17	-111.538
1098.59	-112.444
1099.01	-113.361
1099.43	-114.261
1099.85	-122.267
1100.27	-130.643
1100.69	-133.217
1101.11	-136.187
1101.53	-139.926
1101.95	-142.738
1102.38	-62.238
1102.80	-234.827
1103.22	-99.128
1103.64	-94.469
1104.06	-367.558
1104.48	-206.578
1104.90	-242.331
1105.32	-209.540
1105.74	-77.934
1106.16	-312.960
