188.40	-177.295
188.88	-291.645
189.35	325.905
189.83	1073.913
190.30	-1266.667
190.78	-243.750
191.26	-258.937
191.73	1500.000
192.21	-1786.957
192.68	-209.351
193.16	-1016.093
193.63	-1185.688
194.11	-1259.500
194.58	-1181.475
195.06	-968.956
195.53	-634.198
196.01	-519.411
196.48	-463.986
196.96	-386.725
197.43	-322.902
197.91	-289.969
198.38	-263.314
198.86	-218.715
199.33	-176.625
199.81	-168.813
200.28	-160.960
200.76	-145.137
201.23	-133.950
201.71	-120.012
202.18	-112.277
202.66	-100.187
203.13	-92.607
203.61	-85.903
204.08	-80.306
204.55	-73.341
205.03	-67.120
205.50	-67.418
205.98	-70.188
206.45	-69.877
206.93	-66.148
207.40	-66.500
207.88	-64.943
208.35	-65.139
208.82	-66.041
209.30	-69.117
209.77	-69.597
210.25	-68.709
210.72	-67.621
211.20	-67.259
211.67	-67.933
212.14	-68.246
212.62	-67.898
213.09	-64.969
213.57	-64.987
214.04	-64.328
214.52	-62.684
214.99	-62.615
215.46	-63.225
215.94	-62.700
216.41	-59.940
216.89	-57.290
217.36	-56.280
217.83	-58.323
218.31	-56.928
218.78	-56.038
219.25	-54.783
219.73	-55.658
220.20	-56.217
220.68	-53.331
221.15	-55.172
221.62	-55.771
222.10	-55.473
222.57	-54.095
223.04	-54.308
223.52	-57.628
223.99	-57.707
224.47	-56.975
224.94	-57.862
225.41	-57.091
225.89	-56.234
226.36	-56.906
226.83	-60.577
227.31	-62.472
227.78	-60.985
228.25	-60.272
228.73	-61.494
229.20	-61.518
229.67	-62.706
230.15	-60.843
230.62	-61.305
231.09	-63.667
231.57	-63.561
232.04	-61.293
232.51	-62.885
232.98	-64.420
233.46	-63.360
233.93	-61.924
234.40	-62.547
234.88	-63.299
235.35	-64.838
235.82	-63.155
236.30	-59.090
236.77	-57.847
237.24	-59.590
237.71	-57.884
238.19	-57.972
238.66	-57.842
239.13	-57.396
239.61	-57.955
240.08	-58.572
240.55	-60.071
241.02	-58.198
241.50	-56.617
241.97	-55.428
242.44	-55.969
242.91	-55.091
243.39	-54.082
243.86	-53.979
244.33	-55.117
244.80	-56.525
245.28	-57.247
245.75	-56.826
246.22	-60.283
246.69	-59.853
247.17	-58.003
247.64	-59.091
248.11	-59.759
248.58	-61.948
249.05	-62.215
249.53	-57.005
250.00	-57.187
250.47	-58.269
250.94	-59.250
251.42	-57.771
251.89	-57.454
252.36	-56.413
252.83	-57.666
253.30	-55.590
253.78	-55.356
254.25	-54.504
254.72	-53.171
255.19	-51.562
255.66	-50.754
256.13	-52.120
256.61	-51.194
257.08	-50.943
257.55	-51.616
258.02	-49.689
258.49	-48.822
258.97	-49.900
259.44	-51.517
259.91	-51.472
260.38	-49.223
260.85	-47.498
261.32	-48.676
261.79	-49.063
262.27	-49.925
262.74	-48.289
263.21	-47.476
263.68	-50.394
264.15	-50.144
264.62	-50.735
265.09	-50.708
265.57	-51.112
266.04	-52.422
266.51	-54.002
266.98	-55.269
267.45	-54.856
267.92	-56.541
268.39	-54.971
268.86	-54.225
269.34	-52.201
269.81	-53.371
270.28	-54.302
270.75	-51.113
271.22	-51.575
271.69	-50.944
272.16	-49.577
272.63	-47.657
273.10	-47.701
273.57	-46.865
274.05	-46.518
274.52	-45.917
274.99	-44.432
275.46	-44.197
275.93	-42.449
276.40	-42.641
276.87	-39.813
277.34	-40.385
277.81	-39.855
278.28	-39.185
278.75	-39.951
279.22	-41.149
279.69	-41.560
280.16	-41.167
280.63	-41.270
281.11	-42.935
281.58	-44.018
282.05	-43.075
282.52	-44.520
282.99	-45.588
283.46	-45.567
283.93	-44.672
284.40	-44.524
284.87	-45.630
285.34	-46.204
285.81	-45.669
286.28	-43.836
286.75	-42.916
287.22	-42.338
287.69	-41.176
288.16	-39.458
288.63	-38.817
289.10	-38.482
289.57	-37.072
290.04	-36.721
290.51	-37.489
290.98	-35.681
291.45	-34.434
291.92	-34.798
292.39	-35.117
292.86	-35.096
293.33	-34.466
293.80	-34.372
294.27	-33.857
294.74	-34.257
295.21	-32.195
295.68	-30.863
296.15	-32.592
296.62	-33.698
297.09	-34.035
297.56	-34.359
298.03	-34.712
298.49	-34.882
298.96	-35.472
299.43	-35.298
299.90	-35.542
300.37	-34.624
300.84	-34.392
301.31	-34.104
301.78	-33.492
302.25	-33.460
302.72	-32.122
303.19	-30.649
303.66	-30.143
304.13	-30.091
304.60	-29.727
305.07	-31.829
305.53	-31.784
306.00	-31.281
306.47	-31.388
306.94	-29.785
307.41	-28.459
307.88	-27.718
308.35	-27.535
308.82	-26.469
309.29	-25.749
309.76	-25.319
310.22	-25.948
310.69	-25.981
311.16	-26.282
311.63	-25.988
312.10	-26.454
312.57	-27.356
313.04	-27.482
313.51	-28.210
313.97	-27.620
314.44	-26.677
314.91	-26.117
315.38	-26.152
315.85	-25.400
316.32	-23.768
316.79	-23.724
317.25	-25.306
317.72	-26.657
318.19	-26.720
318.66	-25.877
319.13	-25.394
319.60	-26.113
320.07	-25.926
320.53	-24.587
321.00	-24.362
321.47	-23.088
321.94	-23.501
322.41	-23.174
322.87	-22.752
323.34	-22.172
323.81	-21.957
324.28	-22.016
324.75	-21.836
325.22	-21.130
325.68	-21.334
326.15	-21.932
326.62	-21.453
327.09	-19.595
327.56	-19.019
328.02	-17.552
328.49	-18.785
328.96	-17.830
329.43	-17.202
329.89	-17.788
330.36	-18.262
330.83	-18.819
331.30	-19.657
331.77	-18.064
332.23	-17.581
332.70	-17.548
333.17	-18.616
333.64	-18.813
334.10	-17.780
334.57	-16.726
335.04	-16.999
335.51	-16.844
335.97	-17.048
336.44	-16.447
336.91	-17.531
337.38	-17.259
337.84	-17.862
338.31	-16.696
338.78	-16.814
339.24	-16.116
339.71	-14.321
340.18	-13.278
340.65	-11.905
341.11	-11.143
341.58	-9.995
342.05	-9.896
342.52	-9.168
342.98	-8.457
343.45	-7.887
343.92	-7.786
344.38	-8.170
344.85	-7.891
345.32	-7.178
345.78	-6.399
346.25	-6.045
346.72	-5.298
347.18	-4.774
347.65	-4.073
348.12	-4.233
348.58	-4.188
349.05	-3.786
349.52	-3.956
349.99	-4.029
350.45	-4.271
350.92	-4.319
351.38	-4.241
351.85	-3.844
352.32	-3.715
352.78	-3.230
353.25	-2.817
353.72	-2.437
354.18	-2.229
354.65	-1.710
355.12	-1.545
355.58	-1.300
356.05	-1.478
356.52	-1.324
356.98	-1.126
357.45	-0.923
357.91	-0.764
358.38	-0.682
358.85	-0.473
359.31	-0.217
359.78	0.031
360.25	0.093
360.71	0.508
361.18	0.544
361.64	0.589
362.11	0.421
362.58	0.478
363.04	0.570
363.51	0.600
363.97	0.894
364.44	0.839
364.91	1.063
365.37	0.931
365.84	1.164
366.30	1.209
366.77	1.116
367.23	1.227
367.70	1.307
368.17	1.409
368.63	1.582
369.10	1.629
369.56	1.604
370.03	1.851
370.49	1.858
370.96	1.890
371.42	1.952
371.89	2.123
372.36	2.312
372.82	2.297
373.29	2.312
373.75	2.384
374.22	2.462
374.68	2.532
375.15	2.608
375.61	2.613
376.08	2.878
376.54	2.955
377.01	2.958
377.47	3.097
377.94	3.190
378.40	3.225
378.87	3.212
379.33	3.283
379.80	3.315
380.26	3.297
380.73	3.310
381.19	3.378
381.66	3.376
382.12	3.441
382.59	3.526
383.05	3.574
383.52	3.564
383.98	3.621
384.45	3.639
384.91	3.685
385.38	3.750
385.84	3.691
386.31	3.698
386.77	3.707
387.24	3.741
387.70	3.825
388.16	3.868
388.63	3.960
389.09	4.048
389.56	4.123
390.02	4.147
390.49	4.180
390.95	4.262
391.42	4.389
391.88	4.420
392.34	4.456
392.81	4.566
393.27	4.681
393.74	4.693
394.20	4.705
394.67	4.807
395.13	4.884
395.59	4.970
396.06	5.008
396.52	5.058
396.99	5.147
397.45	5.106
397.91	5.075
398.38	4.993
398.84	4.971
399.31	4.959
399.77	4.951
400.23	4.945
400.70	4.912
401.16	4.846
401.63	4.794
402.09	4.766
402.55	4.723
403.02	4.638
403.48	4.600
403.94	4.592
404.41	4.561
404.87	4.514
405.33	4.458
405.80	4.502
406.26	4.495
406.73	4.495
407.19	4.546
407.65	4.613
408.12	4.777
408.58	4.886
409.04	4.969
409.51	5.091
409.97	5.243
410.43	5.410
410.90	5.596
411.36	5.788
411.82	6.006
412.29	6.204
412.75	6.417
413.21	6.633
413.67	6.856
414.14	7.084
414.60	7.288
415.06	7.491
415.53	7.686
415.99	7.886
416.45	8.030
416.92	8.162
417.38	8.307
417.84	8.416
418.30	8.451
418.77	8.495
419.23	8.535
419.69	8.537
420.16	8.504
420.62	8.441
421.08	8.357
421.54	8.264
422.01	8.133
422.47	8.020
422.93	7.914
423.39	7.751
423.86	7.597
424.32	7.435
424.78	7.273
425.24	7.134
425.71	6.994
426.17	6.874
426.63	6.786
427.09	6.695
427.56	6.602
428.02	6.548
428.48	6.514
428.94	6.462
429.41	6.383
429.87	6.375
430.33	6.511
430.79	6.686
431.25	6.886
431.72	7.131
432.18	7.382
432.64	7.676
433.10	8.020
433.56	8.352
434.03	8.735
434.49	9.145
434.95	9.531
435.41	9.924
435.87	10.310
436.34	10.726
436.80	11.121
437.26	11.511
437.72	11.903
438.18	12.295
438.64	12.710
439.11	13.122
439.57	13.477
440.03	13.745
440.49	13.961
440.95	14.161
441.41	14.308
441.88	14.433
442.34	14.532
442.80	14.576
443.26	14.587
443.72	14.570
444.18	14.511
444.64	14.410
445.11	14.302
445.57	14.158
446.03	13.987
446.49	13.792
446.95	13.594
447.41	13.382
447.87	13.146
448.33	12.909
448.79	12.660
449.26	12.426
449.72	12.193
450.18	11.984
450.64	11.771
451.10	11.593
451.56	11.441
452.02	11.297
452.48	11.187
452.94	11.104
453.40	11.076
453.87	11.068
454.33	11.109
454.79	11.180
455.25	11.297
455.71	11.436
456.17	11.627
456.63	11.870
457.09	12.144
457.55	12.461
458.01	12.793
458.47	13.186
458.93	13.609
459.39	14.047
459.85	14.487
460.31	14.951
460.77	15.436
461.24	15.932
461.70	16.433
462.16	16.939
462.62	17.463
463.08	17.951
463.54	18.444
464.00	18.930
464.46	19.401
464.92	19.850
465.38	20.265
465.84	20.658
466.30	21.011
466.76	21.347
467.22	21.635
467.68	21.894
468.14	22.115
468.60	22.289
469.06	22.435
469.52	22.553
469.98	22.622
470.44	22.652
470.90	22.642
471.36	22.597
471.82	22.514
472.28	22.390
472.74	22.239
473.20	22.056
473.66	21.851
474.12	21.613
474.58	21.345
475.04	21.068
475.50	20.782
475.95	20.477
476.41	20.155
476.87	19.832
477.33	19.506
477.79	19.187
478.25	18.872
478.71	18.560
479.17	18.262
479.63	17.978
480.09	17.708
480.55	17.461
481.01	17.240
481.47	17.057
481.93	16.907
482.39	16.787
482.84	16.707
483.30	16.669
483.76	16.666
484.22	16.697
484.68	16.773
485.14	16.887
485.60	17.042
486.06	17.236
486.52	17.476
486.98	17.756
487.44	18.062
487.89	18.403
488.35	18.780
488.81	19.182
489.27	19.613
489.73	20.075
490.19	20.560
490.65	21.068
491.11	21.587
491.56	22.115
492.02	22.649
492.48	23.188
492.94	23.724
493.40	24.261
493.86	24.800
494.32	25.325
494.77	25.836
495.23	26.331
495.69	26.813
496.15	27.272
496.61	27.714
497.07	28.130
497.52	28.526
497.98	28.895
498.44	29.241
498.90	29.562
499.36	29.844
499.82	30.087
500.27	30.298
500.73	30.470
501.19	30.605
501.65	30.719
502.11	30.799
502.56	30.847
503.02	30.854
503.48	30.830
503.94	30.779
504.40	30.696
504.85	30.582
505.31	30.444
505.77	30.274
506.23	30.076
506.69	29.853
507.14	29.608
507.60	29.341
508.06	29.049
508.52	28.736
508.97	28.408
509.43	28.079
509.89	27.722
510.35	27.371
510.80	27.018
511.26	26.661
511.72	26.301
512.18	25.940
512.63	25.587
513.09	25.242
513.55	24.902
514.01	24.573
514.46	24.266
514.92	23.973
515.38	23.704
515.84	23.458
516.29	23.239
516.75	23.045
517.21	22.878
517.66	22.737
518.12	22.631
518.58	22.560
519.04	22.518
519.49	22.521
519.95	22.551
520.41	22.616
520.86	22.709
521.32	22.837
521.78	23.001
522.23	23.200
522.69	23.433
523.15	23.704
523.61	24.004
524.06	24.329
524.52	24.682
524.98	25.060
525.43	25.459
525.89	25.873
526.35	26.302
526.80	26.752
527.26	27.221
527.72	27.705
528.17	28.193
528.63	28.686
529.09	29.184
529.54	29.687
530.00	30.192
530.45	30.691
530.91	31.191
531.37	31.678
531.82	32.158
532.28	32.626
532.74	33.080
533.19	33.514
533.65	33.924
534.10	34.316
534.56	34.685
535.02	35.031
535.47	35.359
535.93	35.669
536.39	35.951
536.84	36.211
537.30	36.440
537.75	36.647
538.21	36.822
538.67	36.969
539.12	37.091
539.58	37.184
540.03	37.255
540.49	37.306
540.94	37.330
541.40	37.319
541.86	37.280
542.31	37.218
542.77	37.137
543.22	37.040
543.68	36.916
544.13	36.772
544.59	36.615
545.05	36.430
545.50	36.226
545.96	35.996
546.41	35.744
546.87	35.483
547.32	35.205
547.78	34.919
548.23	34.617
548.69	34.301
549.14	33.974
549.60	33.637
550.06	33.289
550.51	32.939
550.97	32.590
551.42	32.234
551.88	31.873
552.33	31.509
552.79	31.148
553.24	30.797
553.70	30.459
554.15	30.124
554.61	29.807
555.06	29.500
555.52	29.207
555.97	28.935
556.43	28.673
556.88	28.433
557.34	28.216
557.79	28.024
558.25	27.856
558.70	27.711
559.15	27.593
559.61	27.503
560.06	27.435
560.52	27.397
560.97	27.394
561.43	27.419
561.88	27.481
562.34	27.571
562.79	27.680
563.25	27.817
563.70	27.976
564.16	28.173
564.61	28.393
565.06	28.640
565.52	28.908
565.97	29.205
566.43	29.527
566.88	29.868
567.34	30.232
567.79	30.613
568.24	31.015
568.70	31.427
569.15	31.844
569.61	32.282
570.06	32.724
570.51	33.182
570.97	33.651
571.42	34.119
571.88	34.606
572.33	35.091
572.78	35.572
573.24	36.056
573.69	36.526
574.15	36.994
574.60	37.460
575.05	37.925
575.51	38.385
575.96	38.832
576.42	39.279
576.87	39.709
577.32	40.135
577.78	40.536
578.23	40.937
578.68	41.325
579.14	41.700
579.59	42.055
580.04	42.384
580.50	42.687
580.95	42.972
581.40	43.229
581.86	43.482
582.31	43.715
582.76	43.942
583.22	44.147
583.67	44.330
584.12	44.489
584.58	44.620
585.03	44.725
585.48	44.806
585.94	44.852
586.39	44.873
586.84	44.883
587.30	44.886
587.75	44.853
588.20	44.807
588.66	44.733
589.11	44.645
589.56	44.541
590.01	44.421
590.47	44.282
590.92	44.129
591.37	43.951
591.83	43.749
592.28	43.519
592.73	43.275
593.18	43.021
593.64	42.756
594.09	42.471
594.54	42.182
594.99	41.887
595.45	41.586
595.90	41.273
596.35	40.941
596.80	40.590
597.26	40.238
597.71	39.873
598.16	39.504
598.61	39.135
599.07	38.759
599.52	38.377
599.97	37.998
600.42	37.613
600.88	37.228
601.33	36.851
601.78	36.485
602.23	36.116
602.69	35.756
603.14	35.398
603.59	35.049
604.04	34.709
604.49	34.371
604.95	34.035
605.40	33.732
605.85	33.443
606.30	33.167
606.75	32.909
607.21	32.672
607.66	32.454
608.11	32.247
608.56	32.061
609.01	31.898
609.46	31.753
609.92	31.630
610.37	31.530
610.82	31.450
611.27	31.396
611.72	31.369
612.17	31.360
612.63	31.375
613.08	31.410
613.53	31.471
613.98	31.562
614.43	31.680
614.88	31.807
615.34	31.950
615.79	32.112
616.24	32.296
616.69	32.498
617.14	32.714
617.59	32.950
618.04	33.204
618.49	33.472
618.95	33.757
619.40	34.057
619.85	34.379
620.30	34.711
620.75	35.046
621.20	35.393
621.65	35.751
622.10	36.116
622.55	36.497
623.00	36.880
623.46	37.267
623.91	37.650
624.36	38.045
624.81	38.435
625.26	38.835
625.71	39.226
626.16	39.626
626.61	40.028
627.06	40.427
627.51	40.827
627.96	41.217
628.41	41.603
628.86	41.978
629.32	42.346
629.77	42.710
630.22	43.068
630.67	43.419
631.12	43.755
631.57	44.092
632.02	44.413
632.47	44.715
632.92	45.016
633.37	45.323
633.82	45.605
634.27	45.875
634.72	46.134
635.17	46.379
635.62	46.602
636.07	46.810
636.52	46.998
636.97	47.172
637.42	47.335
637.87	47.483
638.32	47.612
638.77	47.734
639.22	47.843
639.67	47.931
640.12	48.006
640.57	48.071
641.02	48.115
641.47	48.141
641.92	48.163
642.37	48.159
642.82	48.119
643.27	48.072
643.72	48.013
644.17	47.937
644.62	47.854
645.07	47.754
645.52	47.651
645.97	47.542
646.42	47.408
646.87	47.270
647.32	47.137
647.77	47.007
648.22	46.850
648.66	46.670
649.11	46.468
649.56	46.253
650.01	46.027
650.46	45.799
650.91	45.566
651.36	45.312
651.81	45.047
652.26	44.792
652.71	44.518
653.16	44.241
653.61	43.951
654.06	43.658
654.50	43.353
654.95	43.033
655.40	42.710
655.85	42.387
656.30	42.055
656.75	41.705
657.20	41.343
657.65	40.987
658.10	40.629
658.55	40.290
658.99	39.960
659.44	39.631
659.89	39.299
660.34	38.960
660.79	38.626
661.24	38.304
661.69	37.983
662.13	37.671
662.58	37.358
663.03	37.058
663.48	36.757
663.93	36.468
664.38	36.186
664.83	35.916
665.27	35.654
665.72	35.393
666.17	35.143
666.62	34.905
667.07	34.678
667.52	34.469
667.96	34.255
668.41	34.046
668.86	33.853
669.31	33.676
669.76	33.522
670.21	33.383
670.65	33.252
671.10	33.136
671.55	33.034
672.00	32.951
672.45	32.880
672.89	32.826
673.34	32.783
673.79	32.754
674.24	32.734
674.68	32.726
675.13	32.741
675.58	32.773
676.03	32.818
676.48	32.866
676.92	32.925
677.37	33.011
677.82	33.114
678.27	33.215
678.71	33.325
679.16	33.447
679.61	33.586
680.06	33.739
680.50	33.893
680.95	34.078
681.40	34.268
681.85	34.456
682.29	34.658
682.74	34.876
683.19	35.099
683.64	35.334
684.08	35.587
684.53	35.848
684.98	36.121
685.43	36.403
685.87	36.692
686.32	36.984
686.77	37.268
687.21	37.546
687.66	37.847
688.11	38.158
688.55	38.466
689.00	38.767
689.45	39.090
689.90	39.425
690.34	39.739
690.79	40.048
691.24	40.371
691.68	40.696
692.13	41.007
692.58	41.305
693.02	41.614
693.47	41.914
693.92	42.202
694.36	42.474
694.81	42.758
695.26	43.036
695.70	43.305
696.15	43.582
696.60	43.866
697.04	44.137
697.49	44.388
697.94	44.619
698.38	44.864
698.83	45.091
699.27	45.318
699.72	45.518
700.17	45.732
700.61	45.936
701.06	46.128
701.51	46.323
701.95	46.524
702.40	46.718
702.84	46.900
703.29	47.076
703.74	47.240
704.18	47.390
704.63	47.534
705.07	47.671
705.52	47.792
705.97	47.901
706.41	47.991
706.86	48.072
707.30	48.167
707.75	48.259
708.20	48.332
708.64	48.377
709.09	48.420
709.53	48.446
709.98	48.469
710.42	48.467
710.87	48.440
711.32	48.413
711.76	48.364
712.21	48.315
712.65	48.258
713.10	48.203
713.54	48.130
713.99	48.058
714.43	47.982
714.88	47.886
715.33	47.760
715.77	47.651
716.22	47.547
716.66	47.415
717.11	47.267
717.55	47.119
718.00	46.974
718.44	46.824
718.89	46.653
719.33	46.488
719.78	46.331
720.22	46.172
720.67	46.001
721.11	45.832
721.56	45.653
722.00	45.460
722.45	45.250
722.89	45.044
723.34	44.831
723.78	44.629
724.23	44.427
724.67	44.228
725.12	44.005
725.56	43.773
726.01	43.543
726.45	43.303
726.90	43.047
727.34	42.780
727.78	42.532
728.23	42.283
728.67	42.015
729.12	41.744
729.56	41.486
730.01	41.211
730.45	40.922
730.90	40.620
731.34	40.351
731.79	40.086
732.23	39.803
732.67	39.507
733.12	39.204
733.56	38.932
734.01	38.666
734.45	38.391
734.89	38.131
735.34	37.891
735.78	37.655
736.23	37.409
736.67	37.164
737.12	36.921
737.56	36.682
738.00	36.445
738.45	36.219
738.89	35.994
739.34	35.801
739.78	35.633
740.22	35.464
740.67	35.277
741.11	35.088
741.55	34.922
742.00	34.767
742.44	34.610
742.89	34.442
743.33	34.293
743.77	34.164
744.22	34.042
744.66	33.904
745.10	33.768
745.55	33.647
745.99	33.555
746.43	33.470
746.88	33.392
747.32	33.313
747.76	33.249
748.21	33.217
748.65	33.161
749.09	33.096
749.54	33.043
749.98	33.014
750.42	33.009
750.87	32.993
751.31	32.981
751.75	32.998
752.20	33.033
752.64	33.078
753.08	33.117
753.53	33.149
753.97	33.212
754.41	33.283
754.85	33.378
755.30	33.462
755.74	33.551
756.18	33.672
756.63	33.815
757.07	33.971
757.51	34.088
757.95	34.228
758.40	34.392
758.84	34.561
759.28	34.729
759.72	34.888
760.17	35.067
760.61	35.266
761.05	35.458
761.50	35.641
761.94	35.816
762.38	36.001
762.82	36.219
763.26	36.432
763.71	36.644
764.15	36.853
764.59	37.060
765.03	37.264
765.48	37.464
765.92	37.658
766.36	37.835
766.80	38.046
767.25	38.262
767.69	38.473
768.13	38.708
768.57	38.949
769.01	39.194
769.46	39.436
769.90	39.665
770.34	39.891
770.78	40.123
771.22	40.380
771.67	40.657
772.11	40.916
772.55	41.163
772.99	41.394
773.43	41.621
773.87	41.877
774.32	42.137
774.76	42.381
775.20	42.614
775.64	42.856
776.08	43.116
776.52	43.359
776.97	43.602
777.41	43.819
777.85	44.030
778.29	44.251
778.73	44.486
779.17	44.726
779.62	44.952
780.06	45.175
780.50	45.382
780.94	45.579
781.38	45.770
781.82	45.955
782.26	46.167
782.70	46.370
783.15	46.560
783.59	46.747
784.03	46.929
784.47	47.112
784.91	47.263
785.35	47.399
785.79	47.542
786.23	47.683
786.67	47.818
787.11	47.947
787.56	48.066
788.00	48.171
788.44	48.270
788.88	48.380
789.32	48.481
789.76	48.576
790.20	48.663
790.64	48.752
791.08	48.853
791.52	48.922
791.96	48.977
792.40	49.028
792.84	49.088
793.28	49.162
793.73	49.233
794.17	49.302
794.61	49.355
795.05	49.411
795.49	49.429
795.93	49.445
796.37	49.445
796.81	49.449
797.25	49.466
797.69	49.459
798.13	49.434
798.57	49.412
799.01	49.381
799.45	49.331
799.89	49.254
800.33	49.184
800.77	49.131
801.21	49.089
801.65	49.018
802.09	48.924
802.53	48.817
802.97	48.703
803.41	48.608
803.85	48.521
804.29	48.423
804.73	48.354
805.17	48.252
805.61	48.147
806.05	48.034
806.49	47.879
806.93	47.753
807.37	47.641
807.81	47.532
808.25	47.407
808.69	47.269
809.13	47.137
809.57	46.989
810.01	46.837
810.44	46.667
810.88	46.508
811.32	46.353
811.76	46.198
812.20	46.036
812.64	45.860
813.08	45.670
813.52	45.460
813.96	45.233
814.40	45.051
814.84	44.882
815.28	44.691
815.72	44.518
816.16	44.322
816.59	44.133
817.03	43.928
817.47	43.730
817.91	43.560
818.35	43.391
818.79	43.214
819.23	43.024
819.67	42.838
820.11	42.650
820.54	42.451
820.98	42.226
821.42	42.022
821.86	41.807
822.30	41.600
822.74	41.406
823.18	41.208
823.62	40.998
824.05	40.780
824.49	40.580
824.93	40.387
825.37	40.197
825.81	39.995
826.25	39.787
826.69	39.555
827.12	39.300
827.56	39.050
828.00	38.820
828.44	38.611
828.88	38.409
829.32	38.193
829.75	37.983
830.19	37.795
830.63	37.590
831.07	37.394
831.51	37.185
831.94	36.978
832.38	36.778
832.82	36.587
833.26	36.415
833.70	36.252
834.13	36.080
834.57	35.911
835.01	35.745
835.45	35.596
835.89	35.471
836.32	35.354
836.76	35.231
837.20	35.087
837.64	34.950
838.08	34.825
838.51	34.743
838.95	34.667
839.39	34.581
839.83	34.501
840.26	34.436
840.70	34.382
841.14	34.333
841.58	34.290
842.01	34.247
842.45	34.206
842.89	34.149
843.33	34.093
843.76	34.048
844.20	34.005
844.64	33.978
845.08	33.946
845.51	33.927
845.95	33.916
846.39	33.917
846.82	33.903
847.26	33.886
847.70	33.840
848.14	33.810
848.57	33.804
849.01	33.804
849.45	33.796
849.88	33.791
850.32	33.799
850.76	33.826
851.19	33.871
851.63	33.908
852.07	33.966
852.50	34.029
852.94	34.073
853.38	34.120
853.81	34.165
854.25	34.234
854.69	34.306
855.12	34.398
855.56	34.489
856.00	34.593
856.43	34.720
856.87	34.845
857.31	34.978
857.74	35.115
858.18	35.234
858.62	35.364
859.05	35.487
859.49	35.609
859.93	35.716
860.36	35.831
860.80	35.959
861.24	36.083
861.67	36.198
862.11	36.328
862.54	36.463
862.98	36.617
863.42	36.777
863.85	36.942
864.29	37.103
864.72	37.270
865.16	37.432
865.60	37.589
866.03	37.755
866.47	37.911
866.90	38.051
867.34	38.220
867.78	38.419
868.21	38.645
868.65	38.876
869.08	39.106
869.52	39.314
869.95	39.502
870.39	39.692
870.83	39.899
871.26	40.139
871.70	40.389
872.13	40.603
872.57	40.825
873.00	41.017
873.44	41.209
873.87	41.391
874.31	41.578
874.75	41.756
875.18	41.948
875.62	42.139
876.05	42.343
876.49	42.561
876.92	42.797
877.36	43.035
877.79	43.244
878.23	43.442
878.66	43.640
879.10	43.859
879.53	44.084
879.97	44.306
880.40	44.499
880.84	44.695
881.27	44.876
881.71	45.034
882.14	45.226
882.58	45.408
883.01	45.600
883.45	45.790
883.88	45.991
884.32	46.162
884.75	46.331
885.19	46.512
885.62	46.708
886.06	46.869
886.49	47.021
886.92	47.190
887.36	47.367
887.79	47.530
888.23	47.677
888.66	47.838
889.10	47.974
889.53	48.094
889.97	48.211
890.40	48.340
890.83	48.477
891.27	48.590
891.70	48.723
892.14	48.873
892.57	49.019
893.01	49.172
893.44	49.339
893.87	49.497
894.31	49.669
894.74	49.789
895.18	49.883
895.61	49.960
896.04	50.019
896.48	50.071
896.91	50.151
897.35	50.206
897.78	50.226
898.21	50.288
898.65	50.370
899.08	50.444
899.52	50.524
899.95	50.609
900.38	50.714
900.82	50.802
901.25	50.898
901.68	50.984
902.12	51.038
902.55	51.113
902.99	51.201
903.42	51.256
903.85	51.335
904.29	51.405
904.72	51.468
905.15	51.528
905.59	51.595
906.02	51.663
906.45	51.749
906.89	51.834
907.32	51.903
907.75	51.960
908.19	51.992
908.62	52.025
909.05	52.017
909.49	51.992
909.92	51.961
910.35	51.901
910.78	51.829
911.22	51.740
911.65	51.650
912.08	51.562
912.52	51.481
912.95	51.400
913.38	51.309
913.82	51.243
914.25	51.199
914.68	51.128
915.11	51.050
915.55	50.960
915.98	50.880
916.41	50.784
916.84	50.679
917.28	50.590
917.71	50.510
918.14	50.456
918.58	50.391
919.01	50.306
919.44	50.208
919.87	50.139
920.31	50.093
920.74	50.042
921.17	49.943
921.60	49.850
922.03	49.722
922.47	49.613
922.90	49.481
923.33	49.323
923.76	49.197
924.20	49.065
924.63	48.958
925.06	48.832
925.49	48.662
925.92	48.519
926.36	48.379
926.79	48.235
927.22	48.071
927.65	47.912
928.08	47.779
928.52	47.648
928.95	47.485
929.38	47.328
929.81	47.157
930.24	47.016
930.68	46.843
931.11	46.693
931.54	46.522
931.97	46.360
932.40	46.219
932.83	46.093
933.27	45.941
933.70	45.755
934.13	45.576
934.56	45.453
934.99	45.288
935.42	45.104
935.85	44.910
936.29	44.732
936.72	44.556
937.15	44.392
937.58	44.227
938.01	44.085
938.44	43.920
938.87	43.742
939.31	43.557
939.74	43.375
940.17	43.213
940.60	43.062
941.03	42.905
941.46	42.739
941.89	42.531
942.32	42.325
942.75	42.134
943.18	41.964
943.62	41.781
944.05	41.580
944.48	41.374
944.91	41.172
945.34	40.971
945.77	40.777
946.20	40.574
946.63	40.381
947.06	40.193
947.49	39.980
947.92	39.766
948.35	39.561
948.78	39.334
949.22	39.106
949.65	38.868
950.08	38.636
950.51	38.407
950.94	38.200
951.37	38.010
951.80	37.858
952.23	37.702
952.66	37.545
953.09	37.411
953.52	37.292
953.95	37.167
954.38	37.030
954.81	36.889
955.24	36.729
955.67	36.585
956.10	36.408
956.53	36.272
956.96	36.143
957.39	36.024
957.82	35.927
958.25	35.785
958.68	35.661
959.11	35.541
959.54	35.449
959.97	35.351
960.40	35.260
960.83	35.146
961.26	34.998
961.69	34.856
962.12	34.718
962.55	34.559
962.98	34.412
963.41	34.284
963.84	34.181
964.27	34.072
964.70	33.925
965.13	33.841
965.56	33.752
965.99	33.673
966.42	33.580
966.84	33.477
967.27	33.409
967.70	33.378
968.13	33.325
968.56	33.236
968.99	33.164
969.42	33.063
969.85	32.981
970.28	32.909
970.71	32.847
971.14	32.773
971.57	32.744
972.00	32.665
972.42	32.598
972.85	32.552
973.28	32.511
973.71	32.445
974.14	32.355
974.57	32.317
975.00	32.248
975.43	32.181
975.86	32.191
976.28	32.137
976.71	32.090
977.14	32.057
977.57	31.993
978.00	31.949
978.43	31.949
978.86	31.925
979.29	31.928
979.71	31.868
980.14	31.864
980.57	31.845
981.00	31.861
981.43	31.880
981.86	31.875
982.28	31.833
982.71	31.863
983.14	31.863
983.57	31.831
984.00	31.870
984.43	31.874
984.85	31.909
985.28	32.025
985.71	32.071
986.14	32.078
986.57	32.155
986.99	32.251
987.42	32.289
987.85	32.293
988.28	32.331
988.71	32.430
989.13	32.535
989.56	32.598
989.99	32.715
990.42	32.828
990.85	32.931
991.27	33.079
991.70	33.190
992.13	33.278
992.56	33.389
992.98	33.443
993.41	33.524
993.84	33.559
994.27	33.549
994.70	33.577
995.12	33.685
995.55	33.751
995.98	33.783
996.41	33.899
996.83	34.004
997.26	34.123
997.69	34.250
998.11	34.280
998.54	34.428
998.97	34.517
999.40	34.607
999.82	34.729
1000.25	34.830
1000.68	34.995
1001.11	35.100
1001.53	35.213
1001.96	35.288
1002.39	35.466
1002.81	35.558
1003.24	35.727
1003.67	35.850
1004.09	35.935
1004.52	36.045
1004.95	36.124
1005.38	36.166
1005.80	36.276
1006.23	36.356
1006.66	36.375
1007.08	36.477
1007.51	36.554
1007.94	36.626
1008.36	36.650
1008.79	36.622
1009.22	36.651
1009.64	36.662
1010.07	36.742
1010.50	36.808
1010.92	36.968
1011.35	37.109
1011.77	37.177
1012.20	37.184
1012.63	37.239
1013.05	37.420
1013.48	37.495
1013.91	37.554
1014.33	37.658
1014.76	37.792
1015.19	37.847
1015.61	37.887
1016.04	37.990
1016.46	38.131
1016.89	38.182
1017.32	38.235
1017.74	38.340
1018.17	38.513
1018.59	38.671
1019.02	38.817
1019.45	38.795
1019.87	38.862
1020.30	38.790
1020.72	38.908
1021.15	39.095
1021.58	39.245
1022.00	39.168
1022.43	39.276
1022.85	39.382
1023.28	39.404
1023.70	39.403
1024.13	39.402
1024.55	39.531
1024.98	39.599
1025.41	39.495
1025.83	39.608
1026.26	39.613
1026.68	39.683
1027.11	39.696
1027.53	39.545
1027.96	39.418
1028.38	39.598
1028.81	39.677
1029.23	39.752
1029.66	39.751
1030.08	39.689
1030.51	39.693
1030.94	39.832
1031.36	39.695
1031.79	39.705
1032.21	39.766
1032.64	39.816
1033.06	39.654
1033.49	39.607
1033.91	39.480
1034.34	39.570
1034.76	39.442
1035.19	39.530
1035.61	39.459
1036.03	39.272
1036.46	39.191
1036.88	39.200
1037.31	38.944
1037.73	38.811
1038.16	38.914
1038.58	38.811
1039.01	38.805
1039.43	38.901
1039.86	38.813
1040.28	39.083
1040.71	39.321
1041.13	39.460
1041.55	39.196
1041.98	39.458
1042.40	39.480
1042.83	39.613
1043.25	39.398
1043.68	39.317
1044.10	39.280
1044.52	39.293
1044.95	39.395
1045.37	39.403
1045.80	39.546
1046.22	39.704
1046.65	39.561
1047.07	39.444
1047.49	39.397
1047.92	39.242
1048.34	38.856
1048.77	38.575
1049.19	38.253
1049.61	37.744
1050.04	37.368
1050.46	37.412
1050.89	37.304
1051.31	37.113
1051.73	36.859
1052.16	36.820
1052.58	36.759
1053.00	36.561
1053.43	36.182
1053.85	35.901
1054.27	35.889
1054.70	35.685
1055.12	35.361
1055.55	35.204
1055.97	35.023
1056.39	34.995
1056.82	34.978
1057.24	34.860
1057.66	34.966
1058.09	34.852
1058.51	34.616
1058.93	34.129
1059.36	33.871
1059.78	33.389
1060.20	33.095
1060.62	32.838
1061.05	32.359
1061.47	32.340
1061.89	31.969
1062.32	31.640
1062.74	31.610
1063.16	31.181
1063.59	30.672
1064.01	30.349
1064.43	30.358
1064.85	29.746
1065.28	29.434
1065.70	28.693
1066.12	28.351
1066.55	27.862
1066.97	27.461
1067.39	27.206
1067.81	26.897
1068.24	26.987
1068.66	26.580
1069.08	26.043
1069.50	25.455
1069.93	24.854
1070.35	24.264
1070.77	23.752
1071.19	23.343
1071.62	23.151
1072.04	23.030
1072.46	22.333
1072.88	22.235
1073.31	21.509
1073.73	21.228
1074.15	20.068
1074.57	19.034
1075.00	18.653
1075.42	17.540
1075.84	16.272
1076.26	15.369
1076.68	15.206
1077.11	13.789
1077.53	13.323
1077.95	12.731
1078.37	11.916
1078.79	11.810
1079.22	10.503
1079.64	9.822
1080.06	8.967
1080.48	6.433
1080.90	4.319
1081.32	3.048
1081.75	1.755
1082.17	0.631
1082.59	-0.872
1083.01	-1.817
1083.43	-2.895
1083.85	-3.828
1084.28	-5.171
1084.70	-6.687
1085.12	-7.717
1085.54	-9.801
1085.96	-11.521
1086.38	-12.698
1086.80	-12.928
1087.23	-13.430
1087.65	-14.816
1088.07	-17.002
1088.49	-18.732
1088.91	-19.812
1089.33	-20.055
1089.75	-21.252
1090.17	-21.397
1090.60	-23.850
1091.02	-26.809
1091.44	-28.854
1091.86	-30.403
1092.28	-31.093
1092.70	-34.089
1093.12	-36.358
1093.54	-38.146
1093.96	-39.900
1094.38	-42.526
1094.81	-45.740
1095.23	-49.117
1095.65	-53.924
1096.07	-55.312
1096.49	-59.787
1096.91	-60.790
1097.33	-62.183
1097.75	-66.066
1098.17	-70.957
1098.59	-72.845
1099.01	-73.096
1099.43	-73.118
1099.85	-77.227
1100.27	-80.913
1100.69	-82.512
1101.11	-84.952
1101.53	-90.130
1101.95	-92.165
1102.38	-96.377
1102.80	-160.563
1103.22	-35.174
1103.64	-47.368
1104.06	-204.278
1104.48	-118.602
1104.90	-122.331
1105.32	-121.724
1105.74	-139.343
1106.16	-177.920
