188.40	-389.983
188.88	-461.358
189.35	530.362
189.83	2406.087
190.30	-2319.608
190.78	-300.962
191.26	-526.087
191.73	2109.434
192.21	-2714.493
192.68	-244.084
193.16	-1654.211
193.63	-1876.362
194.11	-1979.873
194.58	-1856.213
195.06	-1501.839
195.53	-981.969
196.01	-813.630
196.48	-726.653
196.96	-605.529
197.43	-508.662
197.91	-465.627
198.38	-425.906
198.86	-356.343
199.33	-301.686
199.81	-291.088
200.28	-281.742
200.76	-250.673
201.23	-227.555
201.71	-209.626
202.18	-202.826
202.66	-183.792
203.13	-170.639
203.61	-165.945
204.08	-159.336
204.55	-148.797
205.03	-139.316
205.50	-139.561
205.98	-143.228
206.45	-139.640
206.93	-134.262
207.40	-132.683
207.88	-132.393
208.35	-131.036
208.82	-130.908
209.30	-132.046
209.77	-133.037
210.25	-130.426
210.72	-129.484
211.20	-130.067
211.67	-128.575
212.14	-128.175
212.62	-125.548
213.09	-122.718
213.57	-120.599
214.04	-118.840
214.52	-115.864
214.99	-111.656
215.46	-113.391
215.94	-115.064
216.41	-110.850
216.89	-109.788
217.36	-111.050
217.83	-113.247
218.31	-110.541
218.78	-108.325
219.25	-107.513
219.73	-110.262
220.20	-109.226
220.68	-104.682
221.15	-106.234
221.62	-109.627
222.10	-108.918
222.57	-105.927
223.04	-106.861
223.52	-113.550
223.99	-114.701
224.47	-113.605
224.94	-119.190
225.41	-119.369
225.89	-117.623
226.36	-119.063
226.83	-122.587
227.31	-127.812
227.78	-125.311
228.25	-122.647
228.73	-124.839
229.20	-124.522
229.67	-123.493
230.15	-121.598
230.62	-123.601
231.09	-128.716
231.57	-127.472
232.04	-124.094
232.51	-125.663
232.98	-127.173
233.46	-122.140
233.93	-119.254
234.40	-118.540
234.88	-119.559
235.35	-120.621
235.82	-115.688
236.30	-113.157
236.77	-112.954
237.24	-113.607
237.71	-109.614
238.19	-108.808
238.66	-109.722
239.13	-110.592
239.61	-110.703
240.08	-109.733
240.55	-109.485
241.02	-105.738
241.50	-101.770
241.97	-99.807
242.44	-102.134
242.91	-102.692
243.39	-102.006
243.86	-100.762
244.33	-102.602
244.80	-103.700
245.28	-99.371
245.75	-97.508
246.22	-101.508
246.69	-101.197
247.17	-95.685
247.64	-97.130
248.11	-100.435
248.58	-101.515
249.05	-101.172
249.53	-98.307
250.00	-102.504
250.47	-105.523
250.94	-106.447
251.42	-106.548
251.89	-106.440
252.36	-105.956
252.83	-104.329
253.30	-100.981
253.78	-102.463
254.25	-102.774
254.72	-101.454
255.19	-101.981
255.66	-104.927
256.13	-107.289
256.61	-104.384
257.08	-105.633
257.55	-106.777
258.02	-106.064
258.49	-105.381
258.97	-105.803
259.44	-106.604
259.91	-107.282
260.38	-104.695
260.85	-102.208
261.32	-104.538
261.79	-104.716
262.27	-105.723
262.74	-103.353
263.21	-101.552
263.68	-104.304
264.15	-104.315
264.62	-103.787
265.09	-106.046
265.57	-107.355
266.04	-105.392
266.51	-104.615
266.98	-106.504
267.45	-107.541
267.92	-106.735
268.39	-104.376
268.86	-103.627
269.34	-101.170
269.81	-99.829
270.28	-100.174
270.75	-96.993
271.22	-98.322
271.69	-95.803
272.16	-92.815
272.63	-94.112
273.10	-97.247
273.57	-96.159
274.05	-94.333
274.52	-91.262
274.99	-90.986
275.46	-89.312
275.93	-87.743
276.40	-89.804
276.87	-87.572
277.34	-87.236
277.81	-85.451
278.28	-86.371
278.75	-88.254
279.22	-89.253
279.69	-87.331
280.16	-86.216
280.63	-88.257
281.11	-88.998
281.58	-92.049
282.05	-91.424
282.52	-92.037
282.99	-90.413
283.46	-91.067
283.93	-90.393
284.40	-93.285
284.87	-93.133
285.34	-92.949
285.81	-94.552
286.28	-93.549
286.75	-90.539
287.22	-90.528
287.69	-91.010
288.16	-89.510
288.63	-88.576
289.10	-87.779
289.57	-86.581
290.04	-85.933
290.51	-84.770
290.98	-81.983
291.45	-81.018
291.92	-83.224
292.39	-83.729
292.86	-84.398
293.33	-82.716
293.80	-83.701
294.27	-82.044
294.74	-81.744
295.21	-79.492
295.68	-77.816
296.15	-79.134
296.62	-80.874
297.09	-78.903
297.56	-78.102
298.03	-76.792
298.49	-76.468
298.96	-76.566
299.43	-77.925
299.90	-79.890
300.37	-79.009
300.84	-79.480
301.31	-79.329
301.78	-77.878
302.25	-77.489
302.72	-75.721
303.19	-75.390
303.66	-74.237
304.13	-73.590
304.60	-73.196
305.07	-73.711
305.53	-71.779
306.00	-71.135
306.47	-71.216
306.94	-71.352
307.41	-73.182
307.88	-72.470
308.35	-72.112
308.82	-71.497
309.29	-69.985
309.76	-68.838
310.22	-67.791
310.69	-68.786
311.16	-67.954
311.63	-65.480
312.10	-64.512
312.57	-65.255
313.04	-64.579
313.51	-63.502
313.97	-61.959
314.44	-61.618
314.91	-62.462
315.38	-61.365
315.85	-60.458
316.32	-58.481
316.79	-57.222
317.25	-55.736
317.72	-56.972
318.19	-55.962
318.66	-55.408
319.13	-54.182
319.60	-54.712
320.07	-55.218
320.53	-52.013
321.00	-51.662
321.47	-51.203
321.94	-51.515
322.41	-51.384
322.87	-49.820
323.34	-49.912
323.81	-49.756
324.28	-49.041
324.75	-48.895
325.22	-47.749
325.68	-48.142
326.15	-49.239
326.62	-49.420
327.09	-48.484
327.56	-47.507
328.02	-46.877
328.49	-47.709
328.96	-47.346
329.43	-46.858
329.89	-48.670
330.36	-48.845
330.83	-48.419
331.30	-48.989
331.77	-48.004
332.23	-47.230
332.70	-46.103
333.17	-46.676
333.64	-47.440
334.10	-45.538
334.57	-44.161
335.04	-44.778
335.51	-43.761
335.97	-42.608
336.44	-40.602
336.91	-41.335
337.38	-41.769
337.84	-41.680
338.31	-39.513
338.78	-39.262
339.24	-38.356
339.71	-35.268
340.18	-32.264
340.65	-31.722
341.11	-30.944
341.58	-29.605
342.05	-28.388
342.52	-28.185
342.98	-27.189
343.45	-26.117
343.92	-24.876
344.38	-24.601
344.85	-24.625
345.32	-23.588
345.78	-22.767
346.25	-21.897
346.72	-21.283
347.18	-20.218
347.65	-18.679
348.12	-18.520
348.58	-18.064
349.05	-17.421
349.52	-17.090
349.99	-17.623
350.45	-17.151
350.92	-16.669
351.38	-15.850
351.85	-15.660
352.32	-15.215
352.78	-14.524
353.25	-13.358
353.72	-12.752
354.18	-12.428
354.65	-11.770
355.12	-11.005
355.58	-10.380
356.05	-10.493
356.52	-10.184
356.98	-9.657
357.45	-9.065
357.91	-8.804
358.38	-8.563
358.85	-7.784
359.31	-7.469
359.78	-7.319
360.25	-7.066
360.71	-6.617
361.18	-6.173
361.64	-6.013
362.11	-6.070
362.58	-5.642
363.04	-5.556
363.51	-5.504
363.97	-5.316
364.44	-5.034
364.91	-4.660
365.37	-4.660
365.84	-4.460
366.30	-3.921
366.77	-3.718
367.23	-3.653
367.70	-3.538
368.17	-3.261
368.63	-2.950
369.10	-2.817
369.56	-2.728
370.03	-2.388
370.49	-2.155
370.96	-2.154
371.42	-1.989
371.89	-1.648
372.36	-1.303
372.82	-1.301
373.29	-1.266
373.75	-0.952
374.22	-0.745
374.68	-0.677
375.15	-0.710
375.61	-0.557
376.08	-0.326
376.54	-0.215
377.01	-0.227
377.47	0.037
377.94	0.238
378.40	0.296
378.87	0.316
379.33	0.530
379.80	0.759
380.26	0.739
380.73	0.737
381.19	0.911
381.66	1.023
382.12	1.038
382.59	1.137
383.05	1.239
383.52	1.411
383.98	1.477
384.45	1.426
384.91	1.553
385.38	1.637
385.84	1.726
386.31	1.688
386.77	1.716
387.24	1.842
387.70	1.873
388.16	1.886
388.63	2.009
389.09	2.100
389.56	2.129
390.02	2.206
390.49	2.295
390.95	2.370
391.42	2.447
391.88	2.462
392.34	2.520
392.81	2.622
393.27	2.728
393.74	2.800
394.20	2.903
394.67	3.081
395.13	3.236
395.59	3.298
396.06	3.413
396.52	3.576
396.99	3.702
397.45	3.726
397.91	3.774
398.38	3.838
398.84	3.900
399.31	3.909
399.77	3.886
400.23	3.949
400.70	4.021
401.16	4.019
401.63	4.009
402.09	4.063
402.55	4.100
403.02	4.013
403.48	3.954
403.94	3.959
404.41	3.960
404.87	3.875
405.33	3.759
405.80	3.776
406.26	3.747
406.73	3.708
407.19	3.703
407.65	3.741
408.12	3.816
408.58	3.832
409.04	3.870
409.51	4.005
409.97	4.102
410.43	4.171
410.90	4.269
411.36	4.431
411.82	4.607
412.29	4.771
412.75	4.955
413.21	5.183
413.67	5.436
414.14	5.660
414.60	5.877
415.06	6.138
415.53	6.418
415.99	6.666
416.45	6.856
416.92	7.099
417.38	7.329
417.84	7.514
418.30	7.688
418.77	7.852
419.23	8.018
419.69	8.112
420.16	8.152
420.62	8.219
421.08	8.254
421.54	8.244
422.01	8.192
422.47	8.129
422.93	8.082
423.39	7.955
423.86	7.822
424.32	7.699
424.78	7.584
425.24	7.412
425.71	7.235
426.17	7.085
426.63	6.956
427.09	6.802
427.56	6.629
428.02	6.463
428.48	6.328
428.94	6.163
429.41	5.979
429.87	5.864
430.33	5.900
430.79	5.942
431.25	6.023
431.72	6.130
432.18	6.297
432.64	6.507
433.10	6.731
433.56	6.967
434.03	7.297
434.49	7.632
434.95	7.976
435.41	8.347
435.87	8.743
436.34	9.158
436.80	9.577
437.26	10.010
437.72	10.488
438.18	10.959
438.64	11.436
439.11	11.937
439.57	12.429
440.03	12.826
440.49	13.173
440.95	13.473
441.41	13.783
441.88	14.064
442.34	14.296
442.80	14.492
443.26	14.665
443.72	14.793
444.18	14.859
444.64	14.884
445.11	14.900
445.57	14.874
446.03	14.805
446.49	14.687
446.95	14.563
447.41	14.415
447.87	14.226
448.33	14.008
448.79	13.797
449.26	13.569
449.72	13.309
450.18	13.054
450.64	12.821
451.10	12.581
451.56	12.334
452.02	12.087
452.48	11.871
452.94	11.670
453.40	11.480
453.87	11.335
454.33	11.231
454.79	11.159
455.25	11.097
455.71	11.061
456.17	11.095
456.63	11.178
457.09	11.284
457.55	11.430
458.01	11.629
458.47	11.876
458.93	12.156
459.39	12.473
459.85	12.830
460.31	13.220
460.77	13.637
461.24	14.069
461.70	14.545
462.16	15.052
462.62	15.570
463.08	16.088
463.54	16.618
464.00	17.157
464.46	17.688
464.92	18.210
465.38	18.726
465.84	19.244
466.30	19.730
466.76	20.183
467.22	20.618
467.68	21.029
468.14	21.405
468.60	21.741
469.06	22.046
469.52	22.323
469.98	22.560
470.44	22.751
470.90	22.911
471.36	23.030
471.82	23.097
472.28	23.131
472.74	23.125
473.20	23.086
473.66	23.006
474.12	22.879
474.58	22.719
475.04	22.536
475.50	22.309
475.95	22.046
476.41	21.768
476.87	21.485
477.33	21.181
477.79	20.855
478.25	20.523
478.71	20.188
479.17	19.846
479.63	19.493
480.09	19.146
480.55	18.812
481.01	18.492
481.47	18.190
481.93	17.907
482.39	17.643
482.84	17.409
483.30	17.204
483.76	17.037
484.22	16.903
484.68	16.804
485.14	16.739
485.60	16.724
486.06	16.747
486.52	16.807
486.98	16.904
487.44	17.047
487.89	17.230
488.35	17.453
488.81	17.708
489.27	18.005
489.73	18.345
490.19	18.714
490.65	19.116
491.11	19.546
491.56	20.004
492.02	20.485
492.48	20.984
492.94	21.502
493.40	22.026
493.86	22.567
494.32	23.105
494.77	23.647
495.23	24.193
495.69	24.738
496.15	25.274
496.61	25.803
497.07	26.319
497.52	26.825
497.98	27.308
498.44	27.774
498.90	28.225
499.36	28.646
499.82	29.044
500.27	29.401
500.73	29.731
501.19	30.034
501.65	30.303
502.11	30.544
502.56	30.756
503.02	30.934
503.48	31.076
503.94	31.188
504.40	31.269
504.85	31.310
505.31	31.317
505.77	31.286
506.23	31.227
506.69	31.139
507.14	31.013
507.60	30.861
508.06	30.677
508.52	30.461
508.97	30.216
509.43	29.950
509.89	29.661
510.35	29.355
510.80	29.035
511.26	28.708
511.72	28.357
512.18	27.994
512.63	27.623
513.09	27.240
513.55	26.854
514.01	26.471
514.46	26.094
514.92	25.717
515.38	25.353
515.84	25.005
516.29	24.666
516.75	24.340
517.21	24.034
517.66	23.745
518.12	23.487
518.58	23.255
519.04	23.048
519.49	22.881
519.95	22.737
520.41	22.617
520.86	22.530
521.32	22.484
521.78	22.477
522.23	22.496
522.69	22.559
523.15	22.665
523.61	22.804
524.06	22.973
524.52	23.179
524.98	23.417
525.43	23.688
525.89	23.986
526.35	24.310
526.80	24.669
527.26	25.054
527.72	25.458
528.17	25.881
528.63	26.325
529.09	26.783
529.54	27.262
530.00	27.752
530.45	28.253
530.91	28.762
531.37	29.261
531.82	29.772
532.28	30.286
532.74	30.790
533.19	31.290
533.65	31.773
534.10	32.251
534.56	32.711
535.02	33.149
535.47	33.576
535.93	33.992
536.39	34.395
536.84	34.778
537.30	35.143
537.75	35.485
538.21	35.799
538.67	36.092
539.12	36.356
539.58	36.600
540.03	36.819
540.49	37.016
540.94	37.194
541.40	37.338
541.86	37.452
542.31	37.535
542.77	37.594
543.22	37.635
543.68	37.657
544.13	37.655
544.59	37.630
545.05	37.575
545.50	37.496
545.96	37.380
546.41	37.241
546.87	37.083
547.32	36.904
547.78	36.702
548.23	36.474
548.69	36.231
549.14	35.969
549.60	35.686
550.06	35.381
550.51	35.062
550.97	34.735
551.42	34.392
551.88	34.038
552.33	33.671
552.79	33.300
553.24	32.916
553.70	32.535
554.15	32.154
554.61	31.786
555.06	31.414
555.52	31.046
555.97	30.686
556.43	30.329
556.88	29.985
557.34	29.658
557.79	29.350
558.25	29.057
558.70	28.778
559.15	28.516
559.61	28.281
560.06	28.065
560.52	27.875
560.97	27.713
561.43	27.577
561.88	27.475
562.34	27.401
562.79	27.347
563.25	27.322
563.70	27.320
564.16	27.350
564.61	27.410
565.06	27.500
565.52	27.618
565.97	27.770
566.43	27.951
566.88	28.156
567.34	28.384
567.79	28.636
568.24	28.923
568.70	29.229
569.15	29.551
569.61	29.896
570.06	30.256
570.51	30.636
570.97	31.041
571.42	31.456
571.88	31.888
572.33	32.328
572.78	32.780
573.24	33.245
573.69	33.705
574.15	34.177
574.60	34.652
575.05	35.140
575.51	35.625
575.96	36.107
576.42	36.602
576.87	37.094
577.32	37.583
577.78	38.053
578.23	38.528
578.68	38.995
579.14	39.458
579.59	39.899
580.04	40.330
580.50	40.743
580.95	41.141
581.40	41.520
581.86	41.893
582.31	42.250
582.76	42.597
583.22	42.925
583.67	43.237
584.12	43.529
584.58	43.786
585.03	44.019
585.48	44.230
585.94	44.411
586.39	44.561
586.84	44.701
587.30	44.834
587.75	44.930
588.20	45.017
588.66	45.072
589.11	45.110
589.56	45.128
590.01	45.124
590.47	45.097
590.92	45.054
591.37	44.991
591.83	44.896
592.28	44.774
592.73	44.635
593.18	44.481
593.64	44.308
594.09	44.115
594.54	43.919
594.99	43.710
595.45	43.482
595.90	43.240
596.35	42.972
596.80	42.683
597.26	42.387
597.71	42.062
598.16	41.734
598.61	41.402
599.07	41.057
599.52	40.694
599.97	40.328
600.42	39.955
600.88	39.571
601.33	39.187
601.78	38.802
602.23	38.412
602.69	38.013
603.14	37.614
603.59	37.217
604.04	36.818
604.49	36.414
604.95	36.008
605.40	35.622
605.85	35.252
606.30	34.885
606.75	34.531
607.21	34.194
607.66	33.863
608.11	33.546
608.56	33.235
609.01	32.952
609.46	32.684
609.92	32.427
610.37	32.192
610.82	31.978
611.27	31.791
611.72	31.622
612.17	31.473
612.63	31.341
613.08	31.233
613.53	31.149
613.98	31.098
614.43	31.074
614.88	31.065
615.34	31.072
615.79	31.100
616.24	31.149
616.69	31.219
617.14	31.316
617.59	31.430
618.04	31.566
618.49	31.724
618.95	31.897
619.40	32.091
619.85	32.309
620.30	32.542
620.75	32.785
621.20	33.049
621.65	33.329
622.10	33.625
622.55	33.934
623.00	34.259
623.46	34.590
623.91	34.925
624.36	35.278
624.81	35.636
625.26	36.000
625.71	36.370
626.16	36.760
626.61	37.152
627.06	37.548
627.51	37.955
627.96	38.361
628.41	38.764
628.86	39.164
629.32	39.562
629.77	39.960
630.22	40.357
630.67	40.750
631.12	41.141
631.57	41.541
632.02	41.929
632.47	42.302
632.92	42.675
633.37	43.056
633.82	43.414
634.27	43.762
634.72	44.107
635.17	44.441
635.62	44.755
636.07	45.052
636.52	45.338
636.97	45.614
637.42	45.877
637.87	46.124
638.32	46.357
638.77	46.587
639.22	46.809
639.67	47.001
640.12	47.181
640.57	47.349
641.02	47.496
641.47	47.631
641.92	47.758
642.37	47.863
642.82	47.931
643.27	47.987
643.72	48.037
644.17	48.069
644.62	48.087
645.07	48.085
645.52	48.083
645.97	48.065
646.42	48.024
646.87	47.973
647.32	47.935
647.77	47.896
648.22	47.824
648.66	47.725
649.11	47.611
649.56	47.482
650.01	47.335
650.46	47.179
650.91	47.013
651.36	46.829
651.81	46.630
652.26	46.437
652.71	46.224
653.16	45.997
653.61	45.755
654.06	45.503
654.50	45.243
654.95	44.963
655.40	44.684
655.85	44.394
656.30	44.090
656.75	43.761
657.20	43.419
657.65	43.078
658.10	42.726
658.55	42.391
658.99	42.063
659.44	41.731
659.89	41.393
660.34	41.049
660.79	40.698
661.24	40.354
661.69	40.009
662.13	39.669
662.58	39.321
663.03	38.987
663.48	38.652
663.93	38.322
664.38	37.993
664.83	37.668
665.27	37.342
665.72	37.017
666.17	36.700
666.62	36.394
667.07	36.094
667.52	35.813
667.96	35.522
668.41	35.229
668.86	34.948
669.31	34.674
669.76	34.424
670.21	34.186
670.65	33.956
671.10	33.737
671.55	33.535
672.00	33.356
672.45	33.180
672.89	33.015
673.34	32.859
673.79	32.720
674.24	32.587
674.68	32.473
675.13	32.381
675.58	32.312
676.03	32.251
676.48	32.191
676.92	32.152
677.37	32.130
677.82	32.133
678.27	32.138
678.71	32.161
679.16	32.197
679.61	32.246
680.06	32.311
680.50	32.387
680.95	32.486
681.40	32.593
681.85	32.703
682.29	32.834
682.74	32.986
683.19	33.146
683.64	33.319
684.08	33.514
684.53	33.715
684.98	33.927
685.43	34.152
685.87	34.393
686.32	34.636
686.77	34.881
687.21	35.115
687.66	35.385
688.11	35.666
688.55	35.938
689.00	36.221
689.45	36.524
689.90	36.840
690.34	37.144
690.79	37.450
691.24	37.776
691.68	38.098
692.13	38.407
692.58	38.711
693.02	39.034
693.47	39.351
693.92	39.663
694.36	39.960
694.81	40.269
695.26	40.578
695.70	40.879
696.15	41.186
696.60	41.507
697.04	41.815
697.49	42.106
697.94	42.386
698.38	42.676
698.83	42.956
699.27	43.227
699.72	43.480
700.17	43.743
700.61	43.999
701.06	44.258
701.51	44.517
701.95	44.780
702.40	45.036
702.84	45.271
703.29	45.503
703.74	45.729
704.18	45.948
704.63	46.157
705.07	46.361
705.52	46.561
705.97	46.745
706.41	46.911
706.86	47.066
707.30	47.235
707.75	47.400
708.20	47.547
708.64	47.674
709.09	47.787
709.53	47.890
709.98	47.994
710.42	48.063
710.87	48.111
711.32	48.160
711.76	48.184
712.21	48.214
712.65	48.237
713.10	48.264
713.54	48.270
713.99	48.271
714.43	48.263
714.88	48.229
715.33	48.179
715.77	48.139
716.22	48.104
716.66	48.041
717.11	47.959
717.55	47.876
718.00	47.791
718.44	47.707
718.89	47.599
719.33	47.481
719.78	47.377
720.22	47.276
720.67	47.159
721.11	47.038
721.56	46.912
722.00	46.763
722.45	46.603
722.89	46.433
723.34	46.259
723.78	46.099
724.23	45.939
724.67	45.774
725.12	45.573
725.56	45.366
726.01	45.161
726.45	44.944
726.90	44.704
727.34	44.464
727.78	44.244
728.23	44.015
728.67	43.765
729.12	43.508
729.56	43.249
730.01	42.987
730.45	42.700
730.90	42.403
731.34	42.136
731.79	41.861
732.23	41.577
732.67	41.282
733.12	40.977
733.56	40.693
734.01	40.409
734.45	40.121
734.89	39.840
735.34	39.577
735.78	39.317
736.23	39.048
736.67	38.774
737.12	38.489
737.56	38.212
738.00	37.939
738.45	37.678
738.89	37.419
739.34	37.180
739.78	36.973
740.22	36.758
740.67	36.520
741.11	36.277
741.55	36.059
742.00	35.845
742.44	35.626
742.89	35.400
743.33	35.190
743.77	35.011
744.22	34.832
744.66	34.627
745.10	34.429
745.55	34.245
745.99	34.088
746.43	33.939
746.88	33.789
747.32	33.643
747.76	33.512
748.21	33.405
748.65	33.274
749.09	33.141
749.54	33.012
749.98	32.912
750.42	32.836
750.87	32.747
751.31	32.663
751.75	32.609
752.20	32.572
752.64	32.552
753.08	32.514
753.53	32.471
753.97	32.461
754.41	32.463
754.85	32.486
755.30	32.502
755.74	32.524
756.18	32.579
756.63	32.662
757.07	32.744
757.51	32.802
757.95	32.886
758.40	32.990
758.84	33.107
759.28	33.220
759.72	33.331
760.17	33.464
760.61	33.611
761.05	33.753
761.50	33.890
761.94	34.021
762.38	34.163
762.82	34.340
763.26	34.521
763.71	34.697
764.15	34.867
764.59	35.038
765.03	35.213
765.48	35.385
765.92	35.546
766.36	35.706
766.80	35.894
767.25	36.086
767.69	36.278
768.13	36.492
768.57	36.717
769.01	36.957
769.46	37.179
769.90	37.401
770.34	37.626
770.78	37.854
771.22	38.102
771.67	38.379
772.11	38.643
772.55	38.899
772.99	39.137
773.43	39.375
773.87	39.635
774.32	39.907
774.76	40.172
775.20	40.424
775.64	40.678
776.08	40.954
776.52	41.223
776.97	41.477
777.41	41.717
777.85	41.949
778.29	42.187
778.73	42.447
779.17	42.716
779.62	42.974
780.06	43.223
780.50	43.463
780.94	43.687
781.38	43.904
781.82	44.121
782.26	44.363
782.70	44.602
783.15	44.842
783.59	45.072
784.03	45.286
784.47	45.505
784.91	45.708
785.35	45.894
785.79	46.081
786.23	46.272
786.67	46.454
787.11	46.627
787.56	46.788
788.00	46.946
788.44	47.093
788.88	47.253
789.32	47.405
789.76	47.558
790.20	47.711
790.64	47.862
791.08	48.013
791.52	48.139
791.96	48.247
792.40	48.347
792.84	48.456
793.28	48.579
793.73	48.706
794.17	48.832
794.61	48.929
795.05	49.046
795.49	49.131
795.93	49.201
796.37	49.264
796.81	49.322
797.25	49.388
797.69	49.427
798.13	49.445
798.57	49.465
799.01	49.478
799.45	49.464
799.89	49.427
800.33	49.396
800.77	49.391
801.21	49.397
801.65	49.370
802.09	49.325
802.53	49.273
802.97	49.205
803.41	49.142
803.85	49.103
804.29	49.034
804.73	48.996
805.17	48.937
805.61	48.871
806.05	48.799
806.49	48.690
806.93	48.607
807.37	48.530
807.81	48.481
808.25	48.396
808.69	48.299
809.13	48.203
809.57	48.101
810.01	47.984
810.44	47.845
810.88	47.711
811.32	47.583
811.76	47.451
812.20	47.308
812.64	47.160
813.08	46.989
813.52	46.806
813.96	46.604
814.40	46.440
814.84	46.288
815.28	46.126
815.72	45.971
816.16	45.797
816.59	45.625
817.03	45.430
817.47	45.239
817.91	45.076
818.35	44.917
818.79	44.757
819.23	44.574
819.67	44.397
820.11	44.224
820.54	44.023
820.98	43.810
821.42	43.603
821.86	43.393
822.30	43.182
822.74	42.986
823.18	42.783
823.62	42.563
824.05	42.346
824.49	42.141
824.93	41.934
825.37	41.739
825.81	41.531
826.25	41.297
826.69	41.045
827.12	40.777
827.56	40.526
828.00	40.274
828.44	40.045
828.88	39.820
829.32	39.580
829.75	39.357
830.19	39.132
830.63	38.906
831.07	38.684
831.51	38.466
831.94	38.225
832.38	38.002
832.82	37.793
833.26	37.587
833.70	37.377
834.13	37.167
834.57	36.959
835.01	36.751
835.45	36.566
835.89	36.408
836.32	36.252
836.76	36.082
837.20	35.890
837.64	35.702
838.08	35.545
838.51	35.420
838.95	35.286
839.39	35.153
839.83	35.031
840.26	34.922
840.70	34.817
841.14	34.716
841.58	34.623
842.01	34.531
842.45	34.444
842.89	34.348
843.33	34.252
843.76	34.162
844.20	34.075
844.64	33.999
845.08	33.917
845.51	33.844
845.95	33.784
846.39	33.731
846.82	33.681
847.26	33.607
847.70	33.512
848.14	33.435
848.57	33.391
849.01	33.346
849.45	33.287
849.88	33.235
850.32	33.207
850.76	33.184
851.19	33.167
851.63	33.144
852.07	33.145
852.50	33.153
852.94	33.142
853.38	33.131
853.81	33.136
854.25	33.166
854.69	33.202
855.12	33.237
855.56	33.286
856.00	33.343
856.43	33.423
856.87	33.499
857.31	33.585
857.74	33.677
858.18	33.751
858.62	33.834
859.05	33.925
859.49	34.007
859.93	34.084
860.36	34.175
860.80	34.273
861.24	34.363
861.67	34.448
862.11	34.543
862.54	34.650
862.98	34.767
863.42	34.889
863.85	35.017
864.29	35.150
864.72	35.305
865.16	35.448
865.60	35.583
866.03	35.727
866.47	35.872
866.90	36.001
867.34	36.160
867.78	36.345
868.21	36.554
868.65	36.769
869.08	36.985
869.52	37.171
869.95	37.351
870.39	37.541
870.83	37.744
871.26	37.971
871.70	38.224
872.13	38.449
872.57	38.657
873.00	38.851
873.44	39.053
873.87	39.233
874.31	39.416
874.75	39.593
875.18	39.796
875.62	39.990
876.05	40.179
876.49	40.394
876.92	40.628
877.36	40.855
877.79	41.066
878.23	41.255
878.66	41.467
879.10	41.702
879.53	41.928
879.97	42.155
880.40	42.358
880.84	42.561
881.27	42.744
881.71	42.914
882.14	43.103
882.58	43.301
883.01	43.499
883.45	43.706
883.88	43.922
884.32	44.118
884.75	44.309
885.19	44.513
885.62	44.721
886.06	44.908
886.49	45.091
886.92	45.273
887.36	45.477
887.79	45.684
888.23	45.848
888.66	46.014
889.10	46.181
889.53	46.349
889.97	46.488
890.40	46.637
890.83	46.793
891.27	46.961
891.70	47.110
892.14	47.271
892.57	47.459
893.01	47.665
893.44	47.858
893.87	48.027
894.31	48.223
894.74	48.382
895.18	48.504
895.61	48.592
896.04	48.689
896.48	48.767
896.91	48.844
897.35	48.895
897.78	48.960
898.21	49.059
898.65	49.161
899.08	49.271
899.52	49.390
899.95	49.505
900.38	49.626
900.82	49.767
901.25	49.892
901.68	50.015
902.12	50.106
902.55	50.207
902.99	50.356
903.42	50.462
903.85	50.580
904.29	50.678
904.72	50.783
905.15	50.888
905.59	50.998
906.02	51.100
906.45	51.247
906.89	51.380
907.32	51.494
907.75	51.595
908.19	51.658
908.62	51.731
909.05	51.789
909.49	51.800
909.92	51.778
910.35	51.774
910.78	51.728
911.22	51.652
911.65	51.579
912.08	51.519
912.52	51.473
912.95	51.409
913.38	51.353
913.82	51.307
914.25	51.286
914.68	51.253
915.11	51.205
915.55	51.160
915.98	51.110
916.41	51.018
916.84	50.932
917.28	50.865
917.71	50.825
918.14	50.780
918.58	50.738
919.01	50.683
919.44	50.595
919.87	50.532
920.31	50.509
920.74	50.486
921.17	50.409
921.60	50.315
922.03	50.223
922.47	50.153
922.90	50.046
923.33	49.899
923.76	49.770
924.20	49.666
924.63	49.569
925.06	49.434
925.49	49.289
925.92	49.173
926.36	49.076
926.79	48.921
927.22	48.785
927.65	48.657
928.08	48.545
928.52	48.440
928.95	48.258
929.38	48.092
929.81	47.934
930.24	47.780
930.68	47.626
931.11	47.470
931.54	47.322
931.97	47.208
932.40	47.079
932.83	46.962
933.27	46.825
933.70	46.640
934.13	46.494
934.56	46.375
934.99	46.233
935.42	46.049
935.85	45.869
936.29	45.694
936.72	45.533
937.15	45.381
937.58	45.214
938.01	45.087
938.44	44.942
938.87	44.755
939.31	44.572
939.74	44.404
940.17	44.242
940.60	44.062
941.03	43.848
941.46	43.659
941.89	43.506
942.32	43.299
942.75	43.101
943.18	42.920
943.62	42.723
944.05	42.493
944.48	42.264
944.91	42.037
945.34	41.842
945.77	41.623
946.20	41.384
946.63	41.154
947.06	40.963
947.49	40.742
947.92	40.525
948.35	40.294
948.78	40.071
949.22	39.836
949.65	39.578
950.08	39.334
950.51	39.111
950.94	38.843
951.37	38.599
951.80	38.390
952.23	38.225
952.66	38.033
953.09	37.859
953.52	37.704
953.95	37.573
954.38	37.438
954.81	37.252
955.24	37.075
955.67	36.939
956.10	36.746
956.53	36.591
956.96	36.431
957.39	36.290
957.82	36.168
958.25	36.001
958.68	35.832
959.11	35.724
959.54	35.589
959.97	35.452
960.40	35.343
960.83	35.257
961.26	35.097
961.69	34.931
962.12	34.742
962.55	34.572
962.98	34.368
963.41	34.169
963.84	34.016
964.27	33.873
964.70	33.732
965.13	33.616
965.56	33.441
965.99	33.361
966.42	33.243
966.84	33.094
967.27	32.978
967.70	32.884
968.13	32.792
968.56	32.701
968.99	32.565
969.42	32.447
969.85	32.315
970.28	32.169
970.71	32.055
971.14	31.956
971.57	31.881
972.00	31.807
972.42	31.669
972.85	31.599
973.28	31.529
973.71	31.417
974.14	31.264
974.57	31.161
975.00	31.071
975.43	31.001
975.86	30.882
976.28	30.814
976.71	30.757
977.14	30.638
977.57	30.495
978.00	30.396
978.43	30.364
978.86	30.278
979.29	30.190
979.71	30.138
980.14	30.154
980.57	30.094
981.00	30.006
981.43	29.978
981.86	29.951
982.28	29.863
982.71	29.782
983.14	29.776
983.57	29.760
984.00	29.702
984.43	29.584
984.85	29.550
985.28	29.608
985.71	29.626
986.14	29.599
986.57	29.656
986.99	29.707
987.42	29.699
987.85	29.684
988.28	29.702
988.71	29.767
989.13	29.760
989.56	29.800
989.99	29.850
990.42	29.872
990.85	29.937
991.27	30.002
991.70	30.008
992.13	30.063
992.56	30.156
992.98	30.197
993.41	30.301
993.84	30.377
994.27	30.421
994.70	30.402
995.12	30.419
995.55	30.457
995.98	30.542
996.41	30.567
996.83	30.585
997.26	30.659
997.69	30.738
998.11	30.757
998.54	30.791
998.97	30.919
999.40	31.099
999.82	31.200
1000.25	31.216
1000.68	31.338
1001.11	31.488
1001.53	31.516
1001.96	31.495
1002.39	31.606
1002.81	31.704
1003.24	31.725
1003.67	31.792
1004.09	31.887
1004.52	32.055
1004.95	32.025
1005.38	32.014
1005.80	32.218
1006.23	32.302
1006.66	32.321
1007.08	32.335
1007.51	32.359
1007.94	32.547
1008.36	32.487
1008.79	32.356
1009.22	32.449
1009.64	32.531
1010.07	32.523
1010.50	32.519
1010.92	32.619
1011.35	32.781
1011.77	32.801
1012.20	32.720
1012.63	32.779
1013.05	32.846
1013.48	32.888
1013.91	32.926
1014.33	32.998
1014.76	33.050
1015.19	33.145
1015.61	33.020
1016.04	33.094
1016.46	33.207
1016.89	33.190
1017.32	33.164
1017.74	33.200
1018.17	33.334
1018.59	33.486
1019.02	33.444
1019.45	33.514
1019.87	33.577
1020.30	33.516
1020.72	33.572
1021.15	33.656
1021.58	33.878
1022.00	34.025
1022.43	33.952
1022.85	34.100
1023.28	34.268
1023.70	34.432
1024.13	34.347
1024.55	34.453
1024.98	34.566
1025.41	34.567
1025.83	34.383
1026.26	34.479
1026.68	34.577
1027.11	34.760
1027.53	34.571
1027.96	34.551
1028.38	34.726
1028.81	34.799
1029.23	34.857
1029.66	34.795
1030.08	34.864
1030.51	34.905
1030.94	34.889
1031.36	34.700
1031.79	34.737
1032.21	34.696
1032.64	34.492
1033.06	34.272
1033.49	34.154
1033.91	34.101
1034.34	34.033
1034.76	33.782
1035.19	33.964
1035.61	34.045
1036.03	33.856
1036.46	33.767
1036.88	33.698
1037.31	33.811
1037.73	33.774
1038.16	33.542
1038.58	33.473
1039.01	33.533
1039.43	33.309
1039.86	33.155
1040.28	33.055
1040.71	33.143
1041.13	33.035
1041.55	32.646
1041.98	32.868
1042.40	32.920
1042.83	32.967
1043.25	32.845
1043.68	32.883
1044.10	32.804
1044.52	32.585
1044.95	32.079
1045.37	31.943
1045.80	31.905
1046.22	31.706
1046.65	31.322
1047.07	31.039
1047.49	31.432
1047.92	31.239
1048.34	30.873
1048.77	30.625
1049.19	30.695
1049.61	30.196
1050.04	29.785
1050.46	29.408
1050.89	29.522
1051.31	29.528
1051.73	29.288
1052.16	28.902
1052.58	28.985
1053.00	28.941
1053.43	28.504
1053.85	28.281
1054.27	28.527
1054.70	28.418
1055.12	27.759
1055.55	27.696
1055.97	27.728
1056.39	27.394
1056.82	26.970
1057.24	26.631
1057.66	26.575
1058.09	26.236
1058.51	26.189
1058.93	25.845
1059.36	25.931
1059.78	25.369
1060.20	24.638
1060.62	23.594
1061.05	23.585
1061.47	23.202
1061.89	22.397
1062.32	21.919
1062.74	21.676
1063.16	21.348
1063.59	20.916
1064.01	20.398
1064.43	20.127
1064.85	19.920
1065.28	19.329
1065.70	18.297
1066.12	17.675
1066.55	17.606
1066.97	17.226
1067.39	15.896
1067.81	15.704
1068.24	15.256
1068.66	14.825
1069.08	13.756
1069.50	13.005
1069.93	12.811
1070.35	12.063
1070.77	10.787
1071.19	10.246
1071.62	10.013
1072.04	8.962
1072.46	7.562
1072.88	6.706
1073.31	6.119
1073.73	4.544
1074.15	2.435
1074.57	1.823
1075.00	1.509
1075.42	0.164
1075.84	-1.475
1076.26	-2.590
1076.68	-2.934
1077.11	-4.247
1077.53	-6.431
1077.95	-6.824
1078.37	-7.465
1078.79	-8.742
1079.22	-10.232
1079.64	-11.687
1080.06	-11.882
1080.48	-13.624
1080.90	-16.110
1081.32	-17.502
1081.75	-18.289
1082.17	-19.885
1082.59	-21.806
1083.01	-23.883
1083.43	-25.476
1083.85	-27.003
1084.28	-30.468
1084.70	-33.129
1085.12	-34.142
1085.54	-37.470
1085.96	-40.024
1086.38	-42.274
1086.80	-42.083
1087.23	-42.130
1087.65	-44.690
1088.07	-47.483
1088.49	-48.920
1088.91	-51.741
1089.33	-54.761
1089.75	-58.135
1090.17	-58.276
1090.60	-61.030
1091.02	-65.689
1091.44	-69.017
1091.86	-69.631
1092.28	-71.869
1092.70	-76.388
1093.12	-80.583
1093.54	-81.440
1093.96	-83.058
1094.38	-85.722
1094.81	-90.346
1095.23	-93.245
1095.65	-98.432
1096.07	-102.785
1096.49	-111.082
1096.91	-114.784
1097.33	-118.745
1097.75	-127.130
1098.17	-132.156
1098.59	-133.637
1099.01	-134.566
1099.43	-139.325
1099.85	-147.568
1100.27	-152.133
1100.69	-155.891
1101.11	-157.641
1101.53	-162.231
1101.95	-166.550
1102.38	-151.449
1102.80	-250.448
1103.22	-62.064
1103.64	-161.374
1104.06	-386.096
1104.48	-234.532
1104.90	-220.491
1105.32	-151.609
1105.74	-187.981
1106.16	-371.840
