188.40	4.341
188.88	-14.360
189.35	62.953
189.83	1213.043
190.30	-715.686
190.78	-99.519
191.26	-109.179
191.73	775.472
192.21	-421.739
192.68	42.176
193.16	-312.337
193.63	-357.064
194.11	-391.136
194.58	-396.222
195.06	-295.683
195.53	-166.155
196.01	-123.544
196.48	-112.909
196.96	-91.801
197.43	-70.287
197.91	-69.906
198.38	-62.176
198.86	-46.428
199.33	-33.474
199.81	-32.251
200.28	-35.445
200.76	-29.574
201.23	-25.135
201.71	-24.441
202.18	-25.280
202.66	-20.050
203.13	-17.121
203.61	-16.609
204.08	-15.591
204.55	-11.129
205.03	-6.161
205.50	-5.830
205.98	-7.558
206.45	-6.765
206.93	-2.874
207.40	-2.234
207.88	-1.273
208.35	-3.128
208.82	-2.940
209.30	-3.542
209.77	-4.015
210.25	-2.768
210.72	-1.700
211.20	-1.090
211.67	-0.463
212.14	-1.207
212.62	0.845
213.09	3.251
213.57	3.607
214.04	3.943
214.52	4.622
214.99	4.982
215.46	3.461
215.94	0.378
216.41	2.182
216.89	3.756
217.36	4.659
217.83	3.335
218.31	5.413
218.78	8.764
219.25	8.151
219.73	7.087
220.20	7.102
220.68	7.473
221.15	6.953
221.62	5.891
222.10	6.312
222.57	7.553
223.04	6.488
223.52	4.112
223.99	4.205
224.47	4.849
224.94	3.288
225.41	0.863
225.89	3.544
226.36	4.865
226.83	1.432
227.31	-2.553
227.78	-1.559
228.25	-0.352
228.73	-1.586
229.20	-2.207
229.67	-2.044
230.15	0.874
230.62	1.782
231.09	0.154
231.57	0.034
232.04	2.352
232.51	1.310
232.98	-0.824
233.46	-0.530
233.93	2.321
234.40	2.436
234.88	1.971
235.35	1.120
235.82	3.414
236.30	5.605
236.77	5.216
237.24	2.411
237.71	4.112
238.19	3.687
238.66	1.735
239.13	0.416
239.61	1.953
240.08	3.187
240.55	1.524
241.02	1.993
241.50	5.456
241.97	5.755
242.44	5.482
242.91	5.703
243.39	7.828
243.86	7.065
244.33	6.209
244.80	3.245
245.28	5.866
245.75	5.204
246.22	1.708
246.69	1.078
247.17	3.990
247.64	3.680
248.11	2.114
248.58	1.297
249.05	2.666
249.53	3.850
250.00	2.029
250.47	-0.071
250.94	-1.232
251.42	-1.874
251.89	-1.259
252.36	-0.897
252.83	0.615
253.30	0.322
253.78	0.054
254.25	-0.634
254.72	3.320
255.19	4.717
255.66	3.978
256.13	2.268
256.61	3.465
257.08	4.813
257.55	4.997
258.02	4.476
258.49	4.450
258.97	5.642
259.44	3.252
259.91	2.568
260.38	4.505
260.85	6.776
261.32	6.235
261.79	4.137
262.27	2.312
262.74	2.813
263.21	3.019
263.68	0.540
264.15	-0.794
264.62	-1.903
265.09	-3.514
265.57	-5.902
266.04	-6.433
266.51	-4.546
266.98	-4.883
267.45	-6.700
267.92	-6.374
268.39	-4.185
268.86	-3.659
269.34	-3.702
269.81	-5.125
270.28	-4.272
270.75	-3.087
271.22	-2.779
271.69	-2.222
272.16	-0.355
272.63	0.995
273.10	-0.318
273.57	0.497
274.05	3.122
274.52	3.675
274.99	3.415
275.46	4.390
275.93	6.947
276.40	6.785
276.87	7.014
277.34	6.580
277.81	8.358
278.28	8.322
278.75	7.063
279.22	6.051
279.69	7.285
280.16	7.916
280.63	7.240
281.11	5.413
281.58	5.888
282.05	6.487
282.52	6.012
282.99	6.202
283.46	6.961
283.93	7.404
284.40	6.330
284.87	6.268
285.34	8.146
285.81	7.469
286.28	7.210
286.75	7.086
287.22	8.419
287.69	7.826
288.16	8.086
288.63	7.610
289.10	8.997
289.57	11.119
290.04	12.282
290.51	10.211
290.98	11.180
291.45	11.994
291.92	11.311
292.39	9.866
292.86	10.363
293.33	10.942
293.80	11.274
294.27	10.890
294.74	11.017
295.21	11.465
295.68	11.110
296.15	9.578
296.62	9.449
297.09	10.052
297.56	10.478
298.03	9.879
298.49	9.575
298.96	10.305
299.43	9.966
299.90	6.968
300.37	8.533
300.84	8.552
301.31	7.016
301.78	5.884
302.25	6.208
302.72	6.709
303.19	6.259
303.66	5.532
304.13	6.869
304.60	7.358
305.07	7.766
305.53	8.789
306.00	9.353
306.47	10.496
306.94	10.924
307.41	10.297
307.88	9.641
308.35	10.271
308.82	11.554
309.29	9.522
309.76	10.273
310.22	11.223
310.69	11.354
311.16	13.232
311.63	13.612
312.10	13.369
312.57	14.062
313.04	14.160
313.51	13.852
313.97	14.068
314.44	13.919
314.91	13.713
315.38	12.868
315.85	14.448
316.32	15.057
316.79	13.927
317.25	13.681
317.72	13.789
318.19	13.972
318.66	12.916
319.13	13.338
319.60	12.680
320.07	13.355
320.53	13.640
321.00	12.191
321.47	12.538
321.94	13.195
322.41	12.410
322.87	11.345
323.34	11.911
323.81	12.058
324.28	12.300
324.75	11.581
325.22	11.276
325.68	10.574
326.15	9.350
326.62	8.771
327.09	8.981
327.56	9.829
328.02	9.515
328.49	8.862
328.96	8.953
329.43	10.169
329.89	9.390
330.36	8.463
330.83	9.158
331.30	9.928
331.77	9.258
332.23	9.769
332.70	10.665
333.17	10.531
333.64	10.250
334.10	9.864
334.57	10.088
335.04	10.921
335.51	10.290
335.97	10.392
336.44	11.048
336.91	10.927
337.38	10.980
337.84	10.269
338.31	10.786
338.78	11.155
339.24	10.240
339.71	10.313
340.18	10.475
340.65	9.953
341.11	9.787
341.58	9.920
342.05	9.341
342.52	9.764
342.98	9.947
343.45	9.693
343.92	9.092
344.38	9.043
344.85	9.163
345.32	9.441
345.78	8.952
346.25	9.219
346.72	9.308
347.18	9.079
347.65	9.225
348.12	9.359
348.58	9.649
349.05	9.685
349.52	9.396
349.99	9.483
350.45	9.497
350.92	9.323
351.38	8.943
351.85	8.942
352.32	9.117
352.78	9.110
353.25	9.377
353.72	9.869
354.18	9.723
354.65	9.654
355.12	9.230
355.58	9.624
356.05	9.496
356.52	9.292
356.98	9.043
357.45	9.115
357.91	8.907
358.38	8.750
358.85	8.465
359.31	8.342
359.78	8.364
360.25	8.310
360.71	8.129
361.18	8.122
361.64	8.028
362.11	7.721
362.58	7.381
363.04	7.173
363.51	7.069
363.97	6.904
364.44	6.657
364.91	6.679
365.37	6.407
365.84	6.323
366.30	6.254
366.77	6.285
367.23	6.338
367.70	6.315
368.17	6.133
368.63	6.314
369.10	6.457
369.56	6.323
370.03	6.293
370.49	6.266
370.96	6.315
371.42	6.272
371.89	6.110
372.36	6.213
372.82	6.234
373.29	6.262
373.75	6.318
374.22	6.389
374.68	6.444
375.15	6.502
375.61	6.503
376.08	6.496
376.54	6.452
377.01	6.486
377.47	6.394
377.94	6.444
378.40	6.424
378.87	6.332
379.33	6.373
379.80	6.331
380.26	6.308
380.73	6.373
381.19	6.380
381.66	6.362
382.12	6.318
382.59	6.324
383.05	6.317
383.52	6.236
383.98	6.186
384.45	6.215
384.91	6.107
385.38	6.020
385.84	6.041
386.31	6.071
386.77	5.999
387.24	5.991
387.70	6.008
388.16	6.034
388.63	6.036
389.09	6.021
389.56	6.087
390.02	6.139
390.49	6.069
390.95	6.061
391.42	6.180
391.88	6.271
392.34	6.265
392.81	6.265
393.27	6.382
393.74	6.478
394.20	6.474
394.67	6.556
395.13	6.654
395.59	6.722
396.06	6.719
396.52	6.703
396.99	6.714
397.45	6.652
397.91	6.588
398.38	6.475
398.84	6.462
399.31	6.445
399.77	6.385
400.23	6.381
400.70	6.372
401.16	6.282
401.63	6.193
402.09	6.110
402.55	6.050
403.02	5.965
403.48	5.870
403.94	5.823
404.41	5.762
404.87	5.725
405.33	5.702
405.80	5.658
406.26	5.643
406.73	5.674
407.19	5.723
407.65	5.784
408.12	5.875
408.58	5.987
409.04	6.101
409.51	6.196
409.97	6.295
410.43	6.443
410.90	6.627
411.36	6.780
411.82	6.953
412.29	7.157
412.75	7.370
413.21	7.530
413.67	7.728
414.14	7.943
414.60	8.118
415.06	8.277
415.53	8.466
415.99	8.672
416.45	8.848
416.92	8.966
417.38	9.054
417.84	9.187
418.30	9.230
418.77	9.232
419.23	9.242
419.69	9.222
420.16	9.177
420.62	9.085
421.08	8.988
421.54	8.903
422.01	8.784
422.47	8.651
422.93	8.547
423.39	8.380
423.86	8.243
424.32	8.080
424.78	7.909
425.24	7.760
425.71	7.621
426.17	7.495
426.63	7.393
427.09	7.320
427.56	7.244
428.02	7.162
428.48	7.118
428.94	7.072
429.41	7.025
429.87	7.012
430.33	7.119
430.79	7.296
431.25	7.519
431.72	7.738
432.18	7.976
432.64	8.278
433.10	8.631
433.56	8.965
434.03	9.306
434.49	9.699
434.95	10.095
435.41	10.476
435.87	10.852
436.34	11.254
436.80	11.668
437.26	12.059
437.72	12.442
438.18	12.826
438.64	13.230
439.11	13.617
439.57	13.968
440.03	14.233
440.49	14.458
440.95	14.631
441.41	14.765
441.88	14.888
442.34	14.967
442.80	14.995
443.26	14.986
443.72	14.967
444.18	14.904
444.64	14.812
445.11	14.665
445.57	14.507
446.03	14.336
446.49	14.122
446.95	13.900
447.41	13.666
447.87	13.428
448.33	13.189
448.79	12.936
449.26	12.698
449.72	12.468
450.18	12.254
450.64	12.052
451.10	11.878
451.56	11.726
452.02	11.592
452.48	11.479
452.94	11.397
453.40	11.377
453.87	11.378
454.33	11.421
454.79	11.507
455.25	11.630
455.71	11.783
456.17	11.983
456.63	12.227
457.09	12.524
457.55	12.860
458.01	13.202
458.47	13.593
458.93	14.012
459.39	14.453
459.85	14.895
460.31	15.348
460.77	15.829
461.24	16.331
461.70	16.844
462.16	17.344
462.62	17.863
463.08	18.352
463.54	18.828
464.00	19.306
464.46	19.767
464.92	20.196
465.38	20.598
465.84	20.969
466.30	21.308
466.76	21.625
467.22	21.888
467.68	22.128
468.14	22.326
468.60	22.485
469.06	22.615
469.52	22.695
469.98	22.747
470.44	22.759
470.90	22.721
471.36	22.639
471.82	22.535
472.28	22.398
472.74	22.230
473.20	22.028
473.66	21.796
474.12	21.552
474.58	21.276
475.04	20.988
475.50	20.682
475.95	20.368
476.41	20.043
476.87	19.716
477.33	19.388
477.79	19.075
478.25	18.760
478.71	18.454
479.17	18.162
479.63	17.891
480.09	17.638
480.55	17.404
481.01	17.206
481.47	17.038
481.93	16.896
482.39	16.792
482.84	16.727
483.30	16.705
483.76	16.720
484.22	16.769
484.68	16.856
485.14	16.988
485.60	17.161
486.06	17.371
486.52	17.618
486.98	17.912
487.44	18.235
487.89	18.594
488.35	18.973
488.81	19.389
489.27	19.828
489.73	20.284
490.19	20.765
490.65	21.272
491.11	21.794
491.56	22.318
492.02	22.854
492.48	23.391
492.94	23.929
493.40	24.461
493.86	24.990
494.32	25.520
494.77	26.030
495.23	26.519
495.69	26.986
496.15	27.432
496.61	27.858
497.07	28.254
497.52	28.629
497.98	28.987
498.44	29.324
498.90	29.623
499.36	29.903
499.82	30.139
500.27	30.331
500.73	30.494
501.19	30.627
501.65	30.717
502.11	30.781
502.56	30.811
503.02	30.797
503.48	30.757
503.94	30.683
504.40	30.583
504.85	30.455
505.31	30.304
505.77	30.124
506.23	29.913
506.69	29.682
507.14	29.423
507.60	29.148
508.06	28.841
508.52	28.523
508.97	28.184
509.43	27.844
509.89	27.492
510.35	27.138
510.80	26.771
511.26	26.418
511.72	26.065
512.18	25.707
512.63	25.360
513.09	25.022
513.55	24.691
514.01	24.374
514.46	24.076
514.92	23.796
515.38	23.545
515.84	23.314
516.29	23.113
516.75	22.941
517.21	22.793
517.66	22.675
518.12	22.584
518.58	22.530
519.04	22.509
519.49	22.528
519.95	22.572
520.41	22.655
520.86	22.766
521.32	22.911
521.78	23.095
522.23	23.310
522.69	23.564
523.15	23.847
523.61	24.161
524.06	24.502
524.52	24.867
524.98	25.253
525.43	25.660
525.89	26.081
526.35	26.521
526.80	26.976
527.26	27.440
527.72	27.928
528.17	28.418
528.63	28.910
529.09	29.405
529.54	29.905
530.00	30.415
530.45	30.917
530.91	31.411
531.37	31.892
531.82	32.370
532.28	32.838
532.74	33.285
533.19	33.716
533.65	34.116
534.10	34.498
534.56	34.847
535.02	35.178
535.47	35.492
535.93	35.786
536.39	36.053
536.84	36.302
537.30	36.524
537.75	36.714
538.21	36.874
538.67	37.010
539.12	37.117
539.58	37.194
540.03	37.242
540.49	37.269
540.94	37.276
541.40	37.245
541.86	37.184
542.31	37.099
542.77	36.995
543.22	36.876
543.68	36.737
544.13	36.591
544.59	36.423
545.05	36.225
545.50	36.010
545.96	35.772
546.41	35.519
546.87	35.250
547.32	34.967
547.78	34.674
548.23	34.365
548.69	34.044
549.14	33.712
549.60	33.375
550.06	33.032
550.51	32.681
550.97	32.330
551.42	31.974
551.88	31.624
552.33	31.267
552.79	30.918
553.24	30.573
553.70	30.236
554.15	29.912
554.61	29.609
555.06	29.308
555.52	29.022
555.97	28.754
556.43	28.504
556.88	28.276
557.34	28.074
557.79	27.895
558.25	27.743
558.70	27.616
559.15	27.512
559.61	27.435
560.06	27.384
560.52	27.362
560.97	27.377
561.43	27.420
561.88	27.496
562.34	27.597
562.79	27.722
563.25	27.881
563.70	28.058
564.16	28.261
564.61	28.498
565.06	28.762
565.52	29.046
565.97	29.355
566.43	29.691
566.88	30.048
567.34	30.422
567.79	30.808
568.24	31.214
568.70	31.640
569.15	32.076
569.61	32.521
570.06	32.977
570.51	33.437
570.97	33.909
571.42	34.381
571.88	34.867
572.33	35.355
572.78	35.833
573.24	36.314
573.69	36.787
574.15	37.261
574.60	37.725
575.05	38.183
575.51	38.637
575.96	39.080
576.42	39.522
576.87	39.950
577.32	40.368
577.78	40.766
578.23	41.153
578.68	41.520
579.14	41.879
579.59	42.216
580.04	42.532
580.50	42.818
580.95	43.088
581.40	43.337
581.86	43.581
582.31	43.801
582.76	44.012
583.22	44.206
583.67	44.371
584.12	44.523
584.58	44.638
585.03	44.732
585.48	44.797
585.94	44.830
586.39	44.836
586.84	44.831
587.30	44.816
587.75	44.778
588.20	44.721
588.66	44.641
589.11	44.542
589.56	44.426
590.01	44.292
590.47	44.136
590.92	43.967
591.37	43.772
591.83	43.557
592.28	43.316
592.73	43.058
593.18	42.790
593.64	42.500
594.09	42.209
594.54	41.913
594.99	41.610
595.45	41.289
595.90	40.966
596.35	40.629
596.80	40.277
597.26	39.911
597.71	39.541
598.16	39.171
598.61	38.799
599.07	38.425
599.52	38.053
599.97	37.684
600.42	37.309
600.88	36.930
601.33	36.559
601.78	36.202
602.23	35.842
602.69	35.487
603.14	35.138
603.59	34.800
604.04	34.464
604.49	34.130
604.95	33.808
605.40	33.511
605.85	33.230
606.30	32.960
606.75	32.712
607.21	32.487
607.66	32.277
608.11	32.085
608.56	31.910
609.01	31.758
609.46	31.627
609.92	31.515
610.37	31.429
610.82	31.367
611.27	31.328
611.72	31.314
612.17	31.323
612.63	31.356
613.08	31.411
613.53	31.487
613.98	31.597
614.43	31.729
614.88	31.874
615.34	32.033
615.79	32.213
616.24	32.417
616.69	32.632
617.14	32.861
617.59	33.108
618.04	33.378
618.49	33.659
618.95	33.950
619.40	34.258
619.85	34.586
620.30	34.924
620.75	35.259
621.20	35.610
621.65	35.971
622.10	36.345
622.55	36.725
623.00	37.112
623.46	37.503
623.91	37.890
624.36	38.284
624.81	38.683
625.26	39.084
625.71	39.476
626.16	39.880
626.61	40.282
627.06	40.680
627.51	41.076
627.96	41.469
628.41	41.855
628.86	42.228
629.32	42.590
629.77	42.947
630.22	43.302
630.67	43.648
631.12	43.987
631.57	44.319
632.02	44.637
632.47	44.936
632.92	45.229
633.37	45.530
633.82	45.806
634.27	46.062
634.72	46.310
635.17	46.547
635.62	46.753
636.07	46.950
636.52	47.120
636.97	47.283
637.42	47.426
637.87	47.560
638.32	47.683
638.77	47.804
639.22	47.902
639.67	47.980
640.12	48.050
640.57	48.100
641.02	48.121
641.47	48.130
641.92	48.137
642.37	48.118
642.82	48.069
643.27	48.012
643.72	47.949
644.17	47.863
644.62	47.761
645.07	47.652
645.52	47.538
645.97	47.430
646.42	47.288
646.87	47.138
647.32	47.002
647.77	46.858
648.22	46.681
648.66	46.493
649.11	46.285
649.56	46.058
650.01	45.823
650.46	45.590
650.91	45.354
651.36	45.094
651.81	44.825
652.26	44.560
652.71	44.279
653.16	43.996
653.61	43.705
654.06	43.410
654.50	43.106
654.95	42.780
655.40	42.447
655.85	42.119
656.30	41.786
656.75	41.428
657.20	41.071
657.65	40.721
658.10	40.363
658.55	40.025
658.99	39.695
659.44	39.364
659.89	39.032
660.34	38.689
660.79	38.352
661.24	38.036
661.69	37.717
662.13	37.411
662.58	37.096
663.03	36.795
663.48	36.495
663.93	36.211
664.38	35.943
664.83	35.682
665.27	35.426
665.72	35.174
666.17	34.937
666.62	34.702
667.07	34.479
667.52	34.276
667.96	34.072
668.41	33.871
668.86	33.691
669.31	33.524
669.76	33.379
670.21	33.255
670.65	33.142
671.10	33.037
671.55	32.947
672.00	32.873
672.45	32.820
672.89	32.779
673.34	32.742
673.79	32.718
674.24	32.706
674.68	32.709
675.13	32.740
675.58	32.782
676.03	32.837
676.48	32.899
676.92	32.967
677.37	33.058
677.82	33.170
678.27	33.284
678.71	33.405
679.16	33.537
679.61	33.680
680.06	33.828
680.50	33.994
680.95	34.186
681.40	34.387
681.85	34.580
682.29	34.797
682.74	35.032
683.19	35.270
683.64	35.516
684.08	35.783
684.53	36.049
684.98	36.327
685.43	36.620
685.87	36.916
686.32	37.217
686.77	37.509
687.21	37.791
687.66	38.096
688.11	38.417
688.55	38.730
689.00	39.040
689.45	39.378
689.90	39.715
690.34	40.027
690.79	40.337
691.24	40.665
691.68	40.985
692.13	41.287
692.58	41.575
693.02	41.883
693.47	42.175
693.92	42.455
694.36	42.727
694.81	43.001
695.26	43.278
695.70	43.550
696.15	43.827
696.60	44.111
697.04	44.374
697.49	44.616
697.94	44.849
698.38	45.088
698.83	45.304
699.27	45.514
699.72	45.705
700.17	45.912
700.61	46.108
701.06	46.294
701.51	46.475
701.95	46.669
702.40	46.847
702.84	47.023
703.29	47.200
703.74	47.357
704.18	47.499
704.63	47.632
705.07	47.752
705.52	47.866
705.97	47.969
706.41	48.050
706.86	48.117
707.30	48.197
707.75	48.275
708.20	48.337
708.64	48.379
709.09	48.416
709.53	48.440
709.98	48.455
710.42	48.456
710.87	48.437
711.32	48.408
711.76	48.362
712.21	48.307
712.65	48.237
713.10	48.175
713.54	48.098
713.99	48.019
714.43	47.937
714.88	47.826
715.33	47.691
715.77	47.578
716.22	47.474
716.66	47.344
717.11	47.193
717.55	47.044
718.00	46.894
718.44	46.743
718.89	46.563
719.33	46.390
719.78	46.221
720.22	46.058
720.67	45.878
721.11	45.694
721.56	45.509
722.00	45.312
722.45	45.098
722.89	44.881
723.34	44.658
723.78	44.452
724.23	44.245
724.67	44.035
725.12	43.802
725.56	43.557
726.01	43.319
726.45	43.069
726.90	42.802
727.34	42.535
727.78	42.280
728.23	42.030
728.67	41.759
729.12	41.487
729.56	41.223
730.01	40.957
730.45	40.669
730.90	40.364
731.34	40.084
731.79	39.813
732.23	39.535
732.67	39.246
733.12	38.949
733.56	38.678
734.01	38.415
734.45	38.151
734.89	37.896
735.34	37.661
735.78	37.430
736.23	37.201
736.67	36.963
737.12	36.723
737.56	36.483
738.00	36.248
738.45	36.023
738.89	35.803
739.34	35.605
739.78	35.438
740.22	35.273
740.67	35.095
741.11	34.913
741.55	34.754
742.00	34.607
742.44	34.454
742.89	34.294
743.33	34.154
743.77	34.030
744.22	33.918
744.66	33.787
745.10	33.662
745.55	33.549
745.99	33.462
746.43	33.388
746.88	33.319
747.32	33.255
747.76	33.200
748.21	33.166
748.65	33.122
749.09	33.075
749.54	33.034
749.98	33.017
750.42	33.023
750.87	33.018
751.31	33.010
751.75	33.024
752.20	33.065
752.64	33.122
753.08	33.166
753.53	33.204
753.97	33.272
754.41	33.354
754.85	33.449
755.30	33.541
755.74	33.635
756.18	33.757
756.63	33.902
757.07	34.048
757.51	34.172
757.95	34.312
758.40	34.475
758.84	34.648
759.28	34.823
759.72	34.982
760.17	35.167
760.61	35.377
761.05	35.586
761.50	35.784
761.94	35.967
762.38	36.161
762.82	36.385
763.26	36.612
763.71	36.831
764.15	37.040
764.59	37.244
765.03	37.450
765.48	37.658
765.92	37.855
766.36	38.050
766.80	38.268
767.25	38.494
767.69	38.710
768.13	38.941
768.57	39.182
769.01	39.435
769.46	39.665
769.90	39.887
770.34	40.113
770.78	40.335
771.22	40.578
771.67	40.844
772.11	41.106
772.55	41.349
772.99	41.574
773.43	41.799
773.87	42.063
774.32	42.334
774.76	42.594
775.20	42.831
775.64	43.073
776.08	43.331
776.52	43.571
776.97	43.806
777.41	44.023
777.85	44.230
778.29	44.448
778.73	44.689
779.17	44.930
779.62	45.140
780.06	45.355
780.50	45.564
780.94	45.768
781.38	45.947
781.82	46.121
782.26	46.316
782.70	46.519
783.15	46.704
783.59	46.871
784.03	47.012
784.47	47.166
784.91	47.312
785.35	47.436
785.79	47.568
786.23	47.711
786.67	47.847
787.11	47.986
787.56	48.106
788.00	48.213
788.44	48.310
788.88	48.431
789.32	48.535
789.76	48.624
790.20	48.709
790.64	48.803
791.08	48.907
791.52	48.978
791.96	49.034
792.40	49.074
792.84	49.124
793.28	49.204
793.73	49.275
794.17	49.326
794.61	49.363
795.05	49.411
795.49	49.425
795.93	49.438
796.37	49.420
796.81	49.414
797.25	49.423
797.69	49.410
798.13	49.374
798.57	49.348
799.01	49.317
799.45	49.256
799.89	49.173
800.33	49.086
800.77	49.030
801.21	48.984
801.65	48.916
802.09	48.833
802.53	48.729
802.97	48.623
803.41	48.529
803.85	48.446
804.29	48.352
804.73	48.281
805.17	48.168
805.61	48.046
806.05	47.910
806.49	47.735
806.93	47.600
807.37	47.478
807.81	47.359
808.25	47.232
808.69	47.090
809.13	46.941
809.57	46.790
810.01	46.627
810.44	46.446
810.88	46.262
811.32	46.093
811.76	45.930
812.20	45.761
812.64	45.592
813.08	45.402
813.52	45.187
813.96	44.948
814.40	44.758
814.84	44.587
815.28	44.415
815.72	44.252
816.16	44.054
816.59	43.865
817.03	43.667
817.47	43.473
817.91	43.295
818.35	43.122
818.79	42.964
819.23	42.789
819.67	42.601
820.11	42.422
820.54	42.223
820.98	42.012
821.42	41.799
821.86	41.582
822.30	41.379
822.74	41.200
823.18	41.007
823.62	40.796
824.05	40.591
824.49	40.393
824.93	40.196
825.37	40.005
825.81	39.808
826.25	39.599
826.69	39.364
827.12	39.118
827.56	38.892
828.00	38.655
828.44	38.441
828.88	38.242
829.32	38.041
829.75	37.856
830.19	37.666
830.63	37.480
831.07	37.302
831.51	37.114
831.94	36.899
832.38	36.702
832.82	36.520
833.26	36.350
833.70	36.184
834.13	36.017
834.57	35.857
835.01	35.702
835.45	35.554
835.89	35.432
836.32	35.323
836.76	35.192
837.20	35.048
837.64	34.911
838.08	34.805
838.51	34.723
838.95	34.625
839.39	34.535
839.83	34.457
840.26	34.384
840.70	34.328
841.14	34.281
841.58	34.244
842.01	34.218
842.45	34.174
842.89	34.124
843.33	34.077
843.76	34.037
844.20	34.001
844.64	33.976
845.08	33.950
845.51	33.928
845.95	33.926
846.39	33.932
846.82	33.925
847.26	33.903
847.70	33.868
848.14	33.843
848.57	33.839
849.01	33.848
849.45	33.838
849.88	33.825
850.32	33.839
850.76	33.875
851.19	33.911
851.63	33.951
852.07	34.006
852.50	34.077
852.94	34.124
853.38	34.166
853.81	34.216
854.25	34.290
854.69	34.376
855.12	34.468
855.56	34.567
856.00	34.681
856.43	34.800
856.87	34.920
857.31	35.057
857.74	35.204
858.18	35.334
858.62	35.471
859.05	35.604
859.49	35.740
859.93	35.858
860.36	35.986
860.80	36.121
861.24	36.256
861.67	36.380
862.11	36.502
862.54	36.636
862.98	36.791
863.42	36.956
863.85	37.115
864.29	37.278
864.72	37.449
865.16	37.614
865.60	37.776
866.03	37.934
866.47	38.096
866.90	38.249
867.34	38.422
867.78	38.628
868.21	38.855
868.65	39.091
869.08	39.312
869.52	39.506
869.95	39.695
870.39	39.889
870.83	40.101
871.26	40.339
871.70	40.584
872.13	40.821
872.57	41.028
873.00	41.237
873.44	41.438
873.87	41.630
874.31	41.831
874.75	42.025
875.18	42.225
875.62	42.424
876.05	42.621
876.49	42.827
876.92	43.055
877.36	43.292
877.79	43.490
878.23	43.683
878.66	43.889
879.10	44.112
879.53	44.339
879.97	44.540
880.40	44.728
880.84	44.929
881.27	45.107
881.71	45.265
882.14	45.430
882.58	45.601
883.01	45.775
883.45	45.952
883.88	46.139
884.32	46.325
884.75	46.504
885.19	46.684
885.62	46.861
886.06	47.027
886.49	47.179
886.92	47.334
887.36	47.505
887.79	47.678
888.23	47.846
888.66	47.982
889.10	48.114
889.53	48.251
889.97	48.369
890.40	48.485
890.83	48.613
891.27	48.740
891.70	48.892
892.14	49.037
892.57	49.174
893.01	49.355
893.44	49.515
893.87	49.677
894.31	49.833
894.74	49.979
895.18	50.101
895.61	50.176
896.04	50.250
896.48	50.335
896.91	50.407
897.35	50.443
897.78	50.478
898.21	50.532
898.65	50.627
899.08	50.691
899.52	50.766
899.95	50.851
900.38	50.956
900.82	51.058
901.25	51.151
901.68	51.242
902.12	51.294
902.55	51.366
902.99	51.443
903.42	51.504
903.85	51.553
904.29	51.603
904.72	51.662
905.15	51.717
905.59	51.765
906.02	51.809
906.45	51.874
906.89	51.953
907.32	52.065
907.75	52.119
908.19	52.151
908.62	52.166
909.05	52.184
909.49	52.159
909.92	52.098
910.35	52.032
910.78	51.963
911.22	51.855
911.65	51.741
912.08	51.627
912.52	51.564
912.95	51.498
913.38	51.417
913.82	51.333
914.25	51.269
914.68	51.191
915.11	51.130
915.55	51.052
915.98	50.995
916.41	50.892
916.84	50.789
917.28	50.701
917.71	50.642
918.14	50.585
918.58	50.500
919.01	50.386
919.44	50.294
919.87	50.234
920.31	50.192
920.74	50.132
921.17	50.041
921.60	49.937
922.03	49.808
922.47	49.661
922.90	49.526
923.33	49.390
923.76	49.270
924.20	49.122
924.63	48.999
925.06	48.845
925.49	48.649
925.92	48.489
926.36	48.365
926.79	48.226
927.22	48.080
927.65	47.940
928.08	47.841
928.52	47.741
928.95	47.559
929.38	47.393
929.81	47.238
930.24	47.116
930.68	46.961
931.11	46.816
931.54	46.675
931.97	46.564
932.40	46.450
932.83	46.318
933.27	46.178
933.70	46.028
934.13	45.885
934.56	45.759
934.99	45.574
935.42	45.413
935.85	45.237
936.29	45.030
936.72	44.838
937.15	44.662
937.58	44.481
938.01	44.332
938.44	44.154
938.87	44.001
939.31	43.821
939.74	43.643
940.17	43.461
940.60	43.309
941.03	43.138
941.46	42.923
941.89	42.717
942.32	42.559
942.75	42.373
943.18	42.198
943.62	42.006
944.05	41.834
944.48	41.625
944.91	41.397
945.34	41.195
945.77	41.027
946.20	40.832
946.63	40.639
947.06	40.420
947.49	40.224
947.92	40.048
948.35	39.839
948.78	39.603
949.22	39.405
949.65	39.175
950.08	38.948
950.51	38.742
950.94	38.548
951.37	38.347
951.80	38.168
952.23	37.957
952.66	37.813
953.09	37.678
953.52	37.567
953.95	37.450
954.38	37.347
954.81	37.241
955.24	37.108
955.67	36.953
956.10	36.839
956.53	36.745
956.96	36.611
957.39	36.470
957.82	36.376
958.25	36.280
958.68	36.173
959.11	36.057
959.54	35.938
959.97	35.849
960.40	35.776
960.83	35.679
961.26	35.581
961.69	35.495
962.12	35.347
962.55	35.151
962.98	34.998
963.41	34.879
963.84	34.774
964.27	34.633
964.70	34.544
965.13	34.482
965.56	34.388
965.99	34.272
966.42	34.202
966.84	34.154
967.27	34.115
967.70	34.037
968.13	33.971
968.56	33.967
968.99	33.912
969.42	33.783
969.85	33.689
970.28	33.640
970.71	33.595
971.14	33.566
971.57	33.558
972.00	33.544
972.42	33.500
972.85	33.427
973.28	33.391
973.71	33.357
974.14	33.307
974.57	33.257
975.00	33.230
975.43	33.222
975.86	33.210
976.28	33.168
976.71	33.127
977.14	33.086
977.57	33.064
978.00	33.053
978.43	33.074
978.86	33.114
979.29	33.136
979.71	33.116
980.14	33.129
980.57	33.153
981.00	33.204
981.43	33.231
981.86	33.214
982.28	33.259
982.71	33.272
983.14	33.265
983.57	33.236
984.00	33.247
984.43	33.311
984.85	33.385
985.28	33.448
985.71	33.562
986.14	33.654
986.57	33.710
986.99	33.708
987.42	33.702
987.85	33.782
988.28	33.846
988.71	33.877
989.13	33.965
989.56	34.093
989.99	34.183
990.42	34.255
990.85	34.425
991.27	34.577
991.70	34.651
992.13	34.706
992.56	34.857
992.98	34.983
993.41	35.071
993.84	35.070
994.27	35.122
994.70	35.254
995.12	35.368
995.55	35.424
995.98	35.546
996.41	35.725
996.83	35.826
997.26	35.894
997.69	36.022
998.11	36.169
998.54	36.273
998.97	36.337
999.40	36.463
999.82	36.623
1000.25	36.823
1000.68	37.055
1001.11	37.199
1001.53	37.330
1001.96	37.475
1002.39	37.608
1002.81	37.710
1003.24	37.865
1003.67	37.984
1004.09	38.076
1004.52	38.203
1004.95	38.342
1005.38	38.512
1005.80	38.691
1006.23	38.871
1006.66	38.987
1007.08	39.179
1007.51	39.267
1007.94	39.404
1008.36	39.551
1008.79	39.638
1009.22	39.678
1009.64	39.666
1010.07	39.769
1010.50	39.977
1010.92	40.158
1011.35	40.214
1011.77	40.374
1012.20	40.551
1012.63	40.692
1013.05	40.751
1013.48	40.852
1013.91	41.040
1014.33	41.087
1014.76	41.122
1015.19	41.195
1015.61	41.223
1016.04	41.260
1016.46	41.366
1016.89	41.482
1017.32	41.628
1017.74	41.682
1018.17	41.685
1018.59	41.798
1019.02	42.068
1019.45	42.111
1019.87	41.943
1020.30	42.002
1020.72	42.294
1021.15	42.343
1021.58	42.456
1022.00	42.586
1022.43	42.793
1022.85	42.946
1023.28	42.996
1023.70	42.929
1024.13	43.000
1024.55	43.250
1024.98	43.305
1025.41	43.182
1025.83	43.278
1026.26	43.315
1026.68	43.325
1027.11	43.389
1027.53	43.488
1027.96	43.459
1028.38	43.584
1028.81	43.810
1029.23	43.952
1029.66	44.045
1030.08	44.041
1030.51	43.946
1030.94	44.099
1031.36	44.051
1031.79	44.055
1032.21	44.068
1032.64	44.246
1033.06	44.333
1033.49	44.279
1033.91	44.142
1034.34	44.389
1034.76	44.563
1035.19	44.601
1035.61	44.548
1036.03	44.654
1036.46	44.936
1036.88	44.913
1037.31	44.732
1037.73	44.891
1038.16	45.019
1038.58	44.793
1039.01	44.722
1039.43	44.809
1039.86	45.063
1040.28	45.142
1040.71	45.082
1041.13	45.145
1041.55	45.255
1041.98	45.403
1042.40	45.269
1042.83	45.534
1043.25	45.658
1043.68	45.464
1044.10	45.472
1044.52	45.476
1044.95	45.604
1045.37	45.317
1045.80	45.265
1046.22	45.260
1046.65	45.299
1047.07	45.187
1047.49	45.065
1047.92	45.046
1048.34	45.098
1048.77	44.820
1049.19	44.559
1049.61	44.248
1050.04	44.446
1050.46	44.481
1050.89	44.342
1051.31	44.257
1051.73	44.343
1052.16	44.504
1052.58	44.272
1053.00	44.015
1053.43	44.146
1053.85	44.038
1054.27	44.117
1054.70	43.814
1055.12	44.000
1055.55	43.893
1055.97	43.578
1056.39	43.511
1056.82	43.641
1057.24	43.785
1057.66	43.902
1058.09	43.700
1058.51	44.253
1058.93	44.226
1059.36	43.864
1059.78	43.328
1060.20	43.297
1060.62	43.296
1061.05	42.666
1061.47	42.224
1061.89	42.110
1062.32	42.162
1062.74	42.152
1063.16	41.752
1063.59	42.021
1064.01	42.152
1064.43	42.067
1064.85	41.905
1065.28	41.938
1065.70	42.118
1066.12	41.558
1066.55	41.127
1066.97	41.469
1067.39	40.975
1067.81	40.830
1068.24	39.979
1068.66	40.381
1069.08	40.357
1069.50	39.411
1069.93	39.046
1070.35	39.511
1070.77	39.979
1071.19	39.966
1071.62	38.942
1072.04	39.021
1072.46	39.456
1072.88	39.142
1073.31	38.725
1073.73	38.398
1074.15	38.427
1074.57	38.056
1075.00	37.649
1075.42	36.761
1075.84	36.578
1076.26	35.867
1076.68	34.862
1077.11	35.197
1077.53	34.559
1077.95	34.815
1078.37	34.107
1078.79	34.170
1079.22	33.786
1079.64	32.993
1080.06	32.122
1080.48	31.700
1080.90	30.860
1081.32	29.598
1081.75	27.647
1082.17	27.121
1082.59	27.275
1083.01	26.627
1083.43	25.546
1083.85	24.448
1084.28	24.036
1084.70	23.394
1085.12	22.550
1085.54	21.878
1085.96	21.728
1086.38	21.279
1086.80	20.167
1087.23	19.659
1087.65	18.965
1088.07	19.256
1088.49	17.730
1088.91	15.987
1089.33	16.187
1089.75	15.218
1090.17	14.750
1090.60	13.875
1091.02	13.453
1091.44	14.250
1091.86	13.341
1092.28	10.871
1092.70	10.582
1093.12	11.433
1093.54	10.467
1093.96	8.808
1094.38	7.951
1094.81	6.481
1095.23	5.859
1095.65	3.898
1096.07	3.391
1096.49	1.319
1096.91	-0.608
1097.33	-2.872
1097.75	-3.645
1098.17	-3.337
1098.59	-3.124
1099.01	-4.312
1099.43	-5.006
1099.85	-7.594
1100.27	-11.169
1100.69	-15.473
1101.11	-14.421
1101.53	-14.706
1101.95	-16.557
1102.38	33.575
1102.80	-8.195
1103.22	-1.599
1103.64	-45.406
1104.06	-30.303
1104.48	-12.127
1104.90	-110.061
1105.32	-22.184
1105.74	-12.019
1106.16	-0.320
