188.40	-320.868
188.88	-449.347
189.35	714.763
189.83	1948.696
190.30	-2007.843
190.78	-449.519
191.26	-450.242
191.73	2181.132
192.21	-2778.261
192.68	-278.435
193.16	-1656.821
193.63	-1935.642
194.11	-2070.960
194.58	-1914.019
195.06	-1572.335
195.53	-1030.471
196.01	-851.158
196.48	-770.561
196.96	-640.356
197.43	-541.915
197.91	-494.900
198.38	-449.108
198.86	-375.817
199.33	-319.485
199.81	-306.283
200.28	-293.350
200.76	-261.311
201.23	-238.439
201.71	-220.761
202.18	-210.600
202.66	-192.358
203.13	-180.116
203.61	-174.888
204.08	-165.146
204.55	-153.061
205.03	-142.785
205.50	-142.210
205.98	-143.499
206.45	-138.386
206.93	-133.915
207.40	-134.222
207.88	-134.601
208.35	-132.662
208.82	-134.833
209.30	-136.389
209.77	-137.473
210.25	-135.515
210.72	-136.468
211.20	-138.681
211.67	-137.857
212.14	-137.306
212.62	-134.422
213.09	-133.365
213.57	-127.791
214.04	-126.465
214.52	-123.860
214.99	-121.144
215.46	-125.200
215.94	-125.313
216.41	-121.553
216.89	-119.044
217.36	-118.729
217.83	-119.440
218.31	-117.694
218.78	-114.338
219.25	-114.647
219.73	-114.952
220.20	-116.381
220.68	-112.004
221.15	-112.193
221.62	-114.082
222.10	-111.686
222.57	-110.226
223.04	-109.794
223.52	-114.648
223.99	-115.160
224.47	-115.583
224.94	-121.559
225.41	-120.404
225.89	-120.545
226.36	-122.853
226.83	-127.742
227.31	-130.038
227.78	-127.312
228.25	-124.720
228.73	-127.091
229.20	-127.493
229.67	-127.854
230.15	-124.921
230.62	-125.942
231.09	-130.199
231.57	-130.474
232.04	-129.071
232.51	-130.584
232.98	-134.481
233.46	-131.124
233.93	-130.465
234.40	-129.564
234.88	-127.843
235.35	-127.424
235.82	-121.880
236.30	-119.359
236.77	-120.305
237.24	-121.739
237.71	-120.652
238.19	-121.655
238.66	-120.123
239.13	-120.672
239.61	-119.468
240.08	-119.448
240.55	-120.553
241.02	-115.617
241.50	-111.029
241.97	-110.319
242.44	-111.737
242.91	-109.978
243.39	-109.160
243.86	-106.254
244.33	-107.051
244.80	-107.296
245.28	-106.800
245.75	-107.224
246.22	-111.325
246.69	-109.682
247.17	-105.924
247.64	-107.427
248.11	-108.067
248.58	-109.121
249.05	-108.296
249.53	-105.513
250.00	-107.232
250.47	-108.967
250.94	-111.527
251.42	-112.128
251.89	-111.029
252.36	-109.853
252.83	-106.973
253.30	-105.140
253.78	-105.966
254.25	-106.238
254.72	-105.433
255.19	-105.568
255.66	-105.760
256.13	-106.548
256.61	-104.443
257.08	-104.968
257.55	-103.905
258.02	-103.854
258.49	-103.704
258.97	-104.785
259.44	-107.882
259.91	-106.338
260.38	-104.288
260.85	-102.617
261.32	-104.156
261.79	-104.473
262.27	-103.911
262.74	-104.649
263.21	-104.184
263.68	-107.583
264.15	-107.872
264.62	-108.804
265.09	-109.923
265.57	-111.569
266.04	-109.757
266.51	-109.973
266.98	-110.995
267.45	-111.685
267.92	-111.874
268.39	-111.265
268.86	-110.658
269.34	-106.050
269.81	-105.987
270.28	-106.683
270.75	-102.548
271.22	-101.752
271.69	-99.747
272.16	-99.193
272.63	-99.117
273.10	-100.217
273.57	-98.585
274.05	-97.256
274.52	-95.245
274.99	-94.192
275.46	-93.042
275.93	-92.137
276.40	-93.902
276.87	-92.048
277.34	-92.280
277.81	-92.249
278.28	-92.425
278.75	-92.543
279.22	-94.450
279.69	-94.776
280.16	-94.057
280.63	-94.859
281.11	-96.771
281.58	-99.398
282.05	-98.181
282.52	-97.588
282.99	-95.797
283.46	-96.746
283.93	-96.882
284.40	-98.235
284.87	-97.183
285.34	-96.917
285.81	-98.318
286.28	-95.989
286.75	-92.693
287.22	-91.168
287.69	-90.687
288.16	-88.495
288.63	-86.882
289.10	-85.849
289.57	-84.239
290.04	-82.912
290.51	-83.606
290.98	-82.081
291.45	-82.089
291.92	-83.942
292.39	-84.184
292.86	-86.067
293.33	-84.619
293.80	-83.718
294.27	-83.657
294.74	-85.568
295.21	-85.357
295.68	-84.133
296.15	-85.539
296.62	-88.468
297.09	-88.920
297.56	-88.038
298.03	-88.520
298.49	-87.800
298.96	-88.251
299.43	-87.424
299.90	-88.381
300.37	-87.623
300.84	-86.628
301.31	-85.082
301.78	-83.815
302.25	-83.158
302.72	-81.871
303.19	-81.433
303.66	-79.932
304.13	-77.988
304.60	-77.438
305.07	-77.822
305.53	-75.540
306.00	-74.051
306.47	-74.807
306.94	-73.813
307.41	-72.543
307.88	-72.810
308.35	-73.942
308.82	-73.723
309.29	-73.734
309.76	-72.655
310.22	-72.442
310.69	-74.766
311.16	-73.974
311.63	-71.858
312.10	-73.056
312.57	-73.044
313.04	-72.498
313.51	-71.937
313.97	-72.333
314.44	-70.654
314.91	-69.297
315.38	-68.800
315.85	-68.290
316.32	-66.136
316.79	-64.682
317.25	-65.044
317.72	-64.549
318.19	-64.362
318.66	-62.852
319.13	-60.368
319.60	-60.818
320.07	-60.376
320.53	-57.011
321.00	-56.959
321.47	-56.699
321.94	-55.939
322.41	-55.481
322.87	-53.524
323.34	-54.033
323.81	-53.364
324.28	-53.455
324.75	-53.236
325.22	-52.278
325.68	-52.611
326.15	-52.570
326.62	-51.597
327.09	-50.507
327.56	-50.030
328.02	-48.237
328.49	-47.999
328.96	-48.879
329.43	-48.593
329.89	-49.383
330.36	-48.718
330.83	-48.007
331.30	-48.709
331.77	-48.256
332.23	-46.620
332.70	-46.265
333.17	-46.512
333.64	-46.998
334.10	-44.883
334.57	-43.180
335.04	-44.354
335.51	-44.431
335.97	-42.888
336.44	-42.615
336.91	-43.430
337.38	-43.135
337.84	-43.174
338.31	-41.810
338.78	-41.598
339.24	-40.668
339.71	-37.688
340.18	-35.936
340.65	-35.180
341.11	-33.934
341.58	-32.298
342.05	-31.134
342.52	-30.819
342.98	-29.874
343.45	-27.875
343.92	-26.992
344.38	-27.656
344.85	-26.608
345.32	-24.719
345.78	-23.863
346.25	-23.274
346.72	-22.586
347.18	-21.406
347.65	-20.387
348.12	-20.326
348.58	-19.859
349.05	-19.147
349.52	-18.927
349.99	-19.102
350.45	-18.706
350.92	-18.025
351.38	-16.920
351.85	-16.610
352.32	-16.220
352.78	-15.581
353.25	-14.501
353.72	-14.177
354.18	-13.588
354.65	-12.915
355.12	-12.362
355.58	-11.828
356.05	-11.859
356.52	-11.204
356.98	-10.439
357.45	-9.688
357.91	-9.490
358.38	-9.045
358.85	-8.405
359.31	-8.055
359.78	-7.763
360.25	-7.423
360.71	-6.919
361.18	-6.915
361.64	-7.079
362.11	-6.769
362.58	-6.362
363.04	-6.254
363.51	-6.035
363.97	-5.642
364.44	-5.253
364.91	-5.023
365.37	-5.166
365.84	-4.773
366.30	-4.393
366.77	-4.268
367.23	-4.291
367.70	-4.037
368.17	-3.660
368.63	-3.390
369.10	-3.330
369.56	-3.098
370.03	-2.819
370.49	-2.626
370.96	-2.674
371.42	-2.362
371.89	-2.046
372.36	-1.714
372.82	-1.795
373.29	-1.678
373.75	-1.404
374.22	-1.142
374.68	-1.028
375.15	-0.854
375.61	-0.632
376.08	-0.383
376.54	-0.316
377.01	-0.164
377.47	0.032
377.94	0.166
378.40	0.195
378.87	0.213
379.33	0.366
379.80	0.546
380.26	0.605
380.73	0.772
381.19	0.903
381.66	0.999
382.12	1.010
382.59	1.075
383.05	1.164
383.52	1.257
383.98	1.262
384.45	1.309
384.91	1.335
385.38	1.493
385.84	1.475
386.31	1.426
386.77	1.473
387.24	1.604
387.70	1.693
388.16	1.721
388.63	1.861
389.09	1.974
389.56	2.024
390.02	2.021
390.49	2.119
390.95	2.200
391.42	2.280
391.88	2.312
392.34	2.395
392.81	2.577
393.27	2.690
393.74	2.728
394.20	2.822
394.67	3.062
395.13	3.182
395.59	3.268
396.06	3.376
396.52	3.493
396.99	3.629
397.45	3.612
397.91	3.673
398.38	3.697
398.84	3.710
399.31	3.720
399.77	3.759
400.23	3.851
400.70	3.910
401.16	3.864
401.63	3.871
402.09	3.943
402.55	3.916
403.02	3.823
403.48	3.762
403.94	3.764
404.41	3.711
404.87	3.607
405.33	3.539
405.80	3.574
406.26	3.542
406.73	3.475
407.19	3.475
407.65	3.548
408.12	3.649
408.58	3.689
409.04	3.747
409.51	3.856
409.97	3.975
410.43	4.051
410.90	4.199
411.36	4.420
411.82	4.606
412.29	4.788
412.75	4.989
413.21	5.225
413.67	5.490
414.14	5.704
414.60	5.918
415.06	6.211
415.53	6.466
415.99	6.725
416.45	6.958
416.92	7.204
417.38	7.429
417.84	7.592
418.30	7.738
418.77	7.885
419.23	8.030
419.69	8.079
420.16	8.151
420.62	8.191
421.08	8.190
421.54	8.136
422.01	8.060
422.47	8.014
422.93	7.969
423.39	7.832
423.86	7.709
424.32	7.591
424.78	7.457
425.24	7.282
425.71	7.102
426.17	6.937
426.63	6.803
427.09	6.644
427.56	6.476
428.02	6.324
428.48	6.229
428.94	6.068
429.41	5.892
429.87	5.774
430.33	5.815
430.79	5.879
431.25	5.999
431.72	6.153
432.18	6.335
432.64	6.535
433.10	6.768
433.56	7.037
434.03	7.363
434.49	7.704
434.95	8.050
435.41	8.433
435.87	8.851
436.34	9.260
436.80	9.675
437.26	10.133
437.72	10.611
438.18	11.066
438.64	11.536
439.11	12.025
439.57	12.511
440.03	12.889
440.49	13.209
440.95	13.505
441.41	13.781
441.88	14.040
442.34	14.267
442.80	14.443
443.26	14.589
443.72	14.691
444.18	14.736
444.64	14.773
445.11	14.770
445.57	14.721
446.03	14.649
446.49	14.522
446.95	14.378
447.41	14.210
447.87	13.999
448.33	13.793
448.79	13.573
449.26	13.330
449.72	13.064
450.18	12.816
450.64	12.589
451.10	12.344
451.56	12.097
452.02	11.864
452.48	11.663
452.94	11.481
453.40	11.325
453.87	11.187
454.33	11.100
454.79	11.057
455.25	11.016
455.71	11.012
456.17	11.077
456.63	11.192
457.09	11.322
457.55	11.507
458.01	11.735
458.47	12.008
458.93	12.311
459.39	12.659
459.85	13.040
460.31	13.438
460.77	13.863
461.24	14.309
461.70	14.797
462.16	15.305
462.62	15.818
463.08	16.337
463.54	16.877
464.00	17.421
464.46	17.934
464.92	18.457
465.38	18.958
465.84	19.459
466.30	19.925
466.76	20.365
467.22	20.779
467.68	21.175
468.14	21.531
468.60	21.851
469.06	22.144
469.52	22.386
469.98	22.591
470.44	22.770
470.90	22.910
471.36	23.008
471.82	23.060
472.28	23.063
472.74	23.030
473.20	22.965
473.66	22.858
474.12	22.716
474.58	22.531
475.04	22.338
475.50	22.099
475.95	21.835
476.41	21.556
476.87	21.258
477.33	20.936
477.79	20.612
478.25	20.278
478.71	19.936
479.17	19.595
479.63	19.256
480.09	18.922
480.55	18.597
481.01	18.289
481.47	17.996
481.93	17.733
482.39	17.499
482.84	17.283
483.30	17.095
483.76	16.952
484.22	16.843
484.68	16.765
485.14	16.723
485.60	16.726
486.06	16.773
486.52	16.858
486.98	16.980
487.44	17.146
487.89	17.352
488.35	17.602
488.81	17.883
489.27	18.201
489.73	18.560
490.19	18.951
490.65	19.366
491.11	19.817
491.56	20.289
492.02	20.783
492.48	21.292
492.94	21.814
493.40	22.346
493.86	22.886
494.32	23.427
494.77	23.980
495.23	24.529
495.69	25.076
496.15	25.607
496.61	26.135
497.07	26.641
497.52	27.139
497.98	27.611
498.44	28.070
498.90	28.508
499.36	28.915
499.82	29.285
500.27	29.630
500.73	29.941
501.19	30.225
501.65	30.469
502.11	30.689
502.56	30.881
503.02	31.031
503.48	31.146
503.94	31.234
504.40	31.281
504.85	31.286
505.31	31.259
505.77	31.213
506.23	31.129
506.69	31.022
507.14	30.880
507.60	30.706
508.06	30.501
508.52	30.265
508.97	30.006
509.43	29.732
509.89	29.426
510.35	29.109
510.80	28.781
511.26	28.444
511.72	28.092
512.18	27.726
512.63	27.357
513.09	26.984
513.55	26.607
514.01	26.235
514.46	25.875
514.92	25.516
515.38	25.164
515.84	24.826
516.29	24.498
516.75	24.182
517.21	23.893
517.66	23.623
518.12	23.383
518.58	23.165
519.04	22.982
519.49	22.834
519.95	22.713
520.41	22.616
520.86	22.554
521.32	22.529
521.78	22.541
522.23	22.583
522.69	22.668
523.15	22.792
523.61	22.948
524.06	23.139
524.52	23.365
524.98	23.620
525.43	23.905
525.89	24.219
526.35	24.562
526.80	24.930
527.26	25.327
527.72	25.742
528.17	26.179
528.63	26.633
529.09	27.102
529.54	27.583
530.00	28.077
530.45	28.579
530.91	29.086
531.37	29.593
531.82	30.102
532.28	30.611
532.74	31.109
533.19	31.601
533.65	32.081
534.10	32.550
534.56	33.004
535.02	33.439
535.47	33.860
535.93	34.269
536.39	34.662
536.84	35.034
537.30	35.385
537.75	35.707
538.21	36.001
538.67	36.270
539.12	36.519
539.58	36.745
540.03	36.944
540.49	37.121
540.94	37.275
541.40	37.401
541.86	37.493
542.31	37.564
542.77	37.610
543.22	37.631
543.68	37.627
544.13	37.597
544.59	37.548
545.05	37.471
545.50	37.368
545.96	37.232
546.41	37.072
546.87	36.898
547.32	36.701
547.78	36.489
548.23	36.253
548.69	36.000
549.14	35.726
549.60	35.430
550.06	35.118
550.51	34.793
550.97	34.460
551.42	34.112
551.88	33.755
552.33	33.384
552.79	33.010
553.24	32.628
553.70	32.254
554.15	31.883
554.61	31.519
555.06	31.151
555.52	30.792
555.97	30.442
556.43	30.099
556.88	29.769
557.34	29.451
557.79	29.155
558.25	28.878
558.70	28.616
559.15	28.375
559.61	28.159
560.06	27.965
560.52	27.791
560.97	27.646
561.43	27.527
561.88	27.445
562.34	27.385
562.79	27.351
563.25	27.348
563.70	27.365
564.16	27.415
564.61	27.499
565.06	27.615
565.52	27.756
565.97	27.925
566.43	28.125
566.88	28.350
567.34	28.600
567.79	28.870
568.24	29.170
568.70	29.496
569.15	29.835
569.61	30.194
570.06	30.573
570.51	30.970
570.97	31.386
571.42	31.806
571.88	32.252
572.33	32.708
572.78	33.170
573.24	33.643
573.69	34.110
574.15	34.589
574.60	35.066
575.05	35.554
575.51	36.042
575.96	36.533
576.42	37.028
576.87	37.518
577.32	38.003
577.78	38.474
578.23	38.945
578.68	39.405
579.14	39.855
579.59	40.287
580.04	40.709
580.50	41.111
580.95	41.504
581.40	41.877
581.86	42.235
582.31	42.574
582.76	42.904
583.22	43.216
583.67	43.507
584.12	43.780
584.58	44.027
585.03	44.249
585.48	44.434
585.94	44.595
586.39	44.725
586.84	44.844
587.30	44.949
587.75	45.023
588.20	45.086
588.66	45.124
589.11	45.146
589.56	45.144
590.01	45.126
590.47	45.079
590.92	45.014
591.37	44.930
591.83	44.820
592.28	44.681
592.73	44.534
593.18	44.363
593.64	44.176
594.09	43.965
594.54	43.749
594.99	43.527
595.45	43.284
595.90	43.028
596.35	42.756
596.80	42.466
597.26	42.164
597.71	41.840
598.16	41.510
598.61	41.168
599.07	40.811
599.52	40.440
599.97	40.066
600.42	39.684
600.88	39.296
601.33	38.907
601.78	38.521
602.23	38.125
602.69	37.727
603.14	37.331
603.59	36.931
604.04	36.530
604.49	36.134
604.95	35.741
605.40	35.364
605.85	34.999
606.30	34.641
606.75	34.292
607.21	33.963
607.66	33.641
608.11	33.333
608.56	33.041
609.01	32.772
609.46	32.518
609.92	32.284
610.37	32.070
610.82	31.875
611.27	31.702
611.72	31.556
612.17	31.431
612.63	31.318
613.08	31.237
613.53	31.176
613.98	31.146
614.43	31.142
614.88	31.154
615.34	31.179
615.79	31.225
616.24	31.291
616.69	31.379
617.14	31.493
617.59	31.626
618.04	31.781
618.49	31.960
618.95	32.155
619.40	32.367
619.85	32.603
620.30	32.850
620.75	33.109
621.20	33.384
621.65	33.672
622.10	33.980
622.55	34.297
623.00	34.631
623.46	34.964
623.91	35.310
624.36	35.667
624.81	36.029
625.26	36.404
625.71	36.782
626.16	37.179
626.61	37.576
627.06	37.975
627.51	38.384
627.96	38.785
628.41	39.189
628.86	39.584
629.32	39.982
629.77	40.383
630.22	40.778
630.67	41.163
631.12	41.552
631.57	41.944
632.02	42.327
632.47	42.694
632.92	43.061
633.37	43.429
633.82	43.784
634.27	44.123
634.72	44.452
635.17	44.770
635.62	45.063
636.07	45.349
636.52	45.621
636.97	45.879
637.42	46.122
637.87	46.350
638.32	46.572
638.77	46.782
639.22	46.975
639.67	47.155
640.12	47.326
640.57	47.485
641.02	47.621
641.47	47.737
641.92	47.847
642.37	47.936
642.82	47.990
643.27	48.024
643.72	48.059
644.17	48.082
644.62	48.096
645.07	48.088
645.52	48.074
645.97	48.046
646.42	47.996
646.87	47.940
647.32	47.889
647.77	47.830
648.22	47.743
648.66	47.638
649.11	47.510
649.56	47.364
650.01	47.204
650.46	47.032
650.91	46.861
651.36	46.667
651.81	46.463
652.26	46.262
652.71	46.047
653.16	45.810
653.61	45.554
654.06	45.290
654.50	45.020
654.95	44.737
655.40	44.453
655.85	44.159
656.30	43.855
656.75	43.525
657.20	43.186
657.65	42.849
658.10	42.501
658.55	42.170
658.99	41.842
659.44	41.506
659.89	41.167
660.34	40.822
660.79	40.478
661.24	40.131
661.69	39.783
662.13	39.445
662.58	39.104
663.03	38.774
663.48	38.447
663.93	38.119
664.38	37.790
664.83	37.466
665.27	37.143
665.72	36.822
666.17	36.515
666.62	36.211
667.07	35.911
667.52	35.634
667.96	35.345
668.41	35.059
668.86	34.789
669.31	34.533
669.76	34.297
670.21	34.065
670.65	33.849
671.10	33.643
671.55	33.451
672.00	33.277
672.45	33.113
672.89	32.959
673.34	32.818
673.79	32.697
674.24	32.585
674.68	32.488
675.13	32.413
675.58	32.351
676.03	32.309
676.48	32.271
676.92	32.246
677.37	32.246
677.82	32.261
678.27	32.280
678.71	32.313
679.16	32.357
679.61	32.422
680.06	32.502
680.50	32.594
680.95	32.707
681.40	32.830
681.85	32.955
682.29	33.097
682.74	33.252
683.19	33.418
683.64	33.595
684.08	33.796
684.53	33.998
684.98	34.219
685.43	34.450
685.87	34.696
686.32	34.950
686.77	35.196
687.21	35.446
687.66	35.722
688.11	36.009
688.55	36.286
689.00	36.565
689.45	36.866
689.90	37.175
690.34	37.479
690.79	37.784
691.24	38.106
691.68	38.433
692.13	38.747
692.58	39.054
693.02	39.381
693.47	39.701
693.92	40.012
694.36	40.308
694.81	40.623
695.26	40.931
695.70	41.227
696.15	41.529
696.60	41.846
697.04	42.154
697.49	42.436
697.94	42.709
698.38	43.004
698.83	43.287
699.27	43.564
699.72	43.817
700.17	44.078
700.61	44.329
701.06	44.571
701.51	44.820
701.95	45.078
702.40	45.320
702.84	45.544
703.29	45.770
703.74	45.991
704.18	46.200
704.63	46.400
705.07	46.596
705.52	46.787
705.97	46.955
706.41	47.107
706.86	47.260
707.30	47.423
707.75	47.570
708.20	47.700
708.64	47.808
709.09	47.909
709.53	47.998
709.98	48.092
710.42	48.154
710.87	48.201
711.32	48.235
711.76	48.251
712.21	48.273
712.65	48.291
713.10	48.303
713.54	48.291
713.99	48.284
714.43	48.267
714.88	48.224
715.33	48.160
715.77	48.105
716.22	48.048
716.66	47.977
717.11	47.892
717.55	47.812
718.00	47.721
718.44	47.627
718.89	47.509
719.33	47.389
719.78	47.277
720.22	47.163
720.67	47.041
721.11	46.911
721.56	46.766
722.00	46.600
722.45	46.422
722.89	46.242
723.34	46.047
723.78	45.872
724.23	45.694
724.67	45.519
725.12	45.322
725.56	45.116
726.01	44.906
726.45	44.685
726.90	44.443
727.34	44.210
727.78	43.986
728.23	43.756
728.67	43.501
729.12	43.238
729.56	42.979
730.01	42.699
730.45	42.412
730.90	42.123
731.34	41.858
731.79	41.597
732.23	41.322
732.67	41.039
733.12	40.740
733.56	40.470
734.01	40.197
734.45	39.912
734.89	39.632
735.34	39.370
735.78	39.107
736.23	38.835
736.67	38.553
737.12	38.270
737.56	38.001
738.00	37.739
738.45	37.487
738.89	37.235
739.34	37.013
739.78	36.814
740.22	36.605
740.67	36.374
741.11	36.142
741.55	35.927
742.00	35.718
742.44	35.507
742.89	35.284
743.33	35.079
743.77	34.900
744.22	34.723
744.66	34.528
745.10	34.338
745.55	34.158
745.99	34.006
746.43	33.864
746.88	33.723
747.32	33.578
747.76	33.451
748.21	33.346
748.65	33.223
749.09	33.090
749.54	32.968
749.98	32.876
750.42	32.807
750.87	32.728
751.31	32.655
751.75	32.612
752.20	32.593
752.64	32.578
753.08	32.556
753.53	32.529
753.97	32.532
754.41	32.550
754.85	32.578
755.30	32.598
755.74	32.633
756.18	32.701
756.63	32.794
757.07	32.891
757.51	32.967
757.95	33.061
758.40	33.179
758.84	33.298
759.28	33.421
759.72	33.543
760.17	33.681
760.61	33.832
761.05	33.978
761.50	34.120
761.94	34.259
762.38	34.407
762.82	34.588
763.26	34.765
763.71	34.936
764.15	35.113
764.59	35.298
765.03	35.477
765.48	35.645
765.92	35.801
766.36	35.956
766.80	36.140
767.25	36.339
767.69	36.538
768.13	36.761
768.57	36.995
769.01	37.235
769.46	37.472
769.90	37.708
770.34	37.938
770.78	38.159
771.22	38.408
771.67	38.682
772.11	38.939
772.55	39.194
772.99	39.433
773.43	39.671
773.87	39.931
774.32	40.189
774.76	40.446
775.20	40.702
775.64	40.963
776.08	41.240
776.52	41.496
776.97	41.745
777.41	41.982
777.85	42.213
778.29	42.440
778.73	42.690
779.17	42.949
779.62	43.206
780.06	43.459
780.50	43.701
780.94	43.928
781.38	44.151
781.82	44.369
782.26	44.605
782.70	44.848
783.15	45.079
783.59	45.317
784.03	45.540
784.47	45.755
784.91	45.953
785.35	46.135
785.79	46.320
786.23	46.502
786.67	46.670
787.11	46.823
787.56	46.973
788.00	47.105
788.44	47.245
788.88	47.389
789.32	47.532
789.76	47.671
790.20	47.804
790.64	47.944
791.08	48.088
791.52	48.223
791.96	48.335
792.40	48.437
792.84	48.548
793.28	48.672
793.73	48.802
794.17	48.918
794.61	49.009
795.05	49.108
795.49	49.187
795.93	49.258
796.37	49.312
796.81	49.369
797.25	49.436
797.69	49.467
798.13	49.481
798.57	49.490
799.01	49.499
799.45	49.473
799.89	49.430
800.33	49.386
800.77	49.363
801.21	49.342
801.65	49.299
802.09	49.227
802.53	49.157
802.97	49.081
803.41	49.019
803.85	48.969
804.29	48.906
804.73	48.869
805.17	48.805
805.61	48.741
806.05	48.676
806.49	48.573
806.93	48.485
807.37	48.403
807.81	48.350
808.25	48.259
808.69	48.166
809.13	48.064
809.57	47.966
810.01	47.836
810.44	47.699
810.88	47.562
811.32	47.444
811.76	47.319
812.20	47.176
812.64	47.022
813.08	46.866
813.52	46.685
813.96	46.483
814.40	46.312
814.84	46.154
815.28	45.983
815.72	45.826
816.16	45.648
816.59	45.481
817.03	45.280
817.47	45.091
817.91	44.937
818.35	44.786
818.79	44.617
819.23	44.439
819.67	44.249
820.11	44.073
820.54	43.860
820.98	43.627
821.42	43.410
821.86	43.189
822.30	42.963
822.74	42.753
823.18	42.541
823.62	42.325
824.05	42.100
824.49	41.895
824.93	41.685
825.37	41.495
825.81	41.283
826.25	41.059
826.69	40.813
827.12	40.541
827.56	40.287
828.00	40.042
828.44	39.819
828.88	39.609
829.32	39.381
829.75	39.158
830.19	38.940
830.63	38.712
831.07	38.488
831.51	38.263
831.94	38.029
832.38	37.812
832.82	37.611
833.26	37.424
833.70	37.218
834.13	37.021
834.57	36.811
835.01	36.601
835.45	36.412
835.89	36.253
836.32	36.114
836.76	35.949
837.20	35.770
837.64	35.605
838.08	35.451
838.51	35.320
838.95	35.191
839.39	35.069
839.83	34.954
840.26	34.851
840.70	34.752
841.14	34.657
841.58	34.560
842.01	34.471
842.45	34.377
842.89	34.272
843.33	34.168
843.76	34.082
844.20	34.006
844.64	33.935
845.08	33.854
845.51	33.762
845.95	33.686
846.39	33.625
846.82	33.561
847.26	33.489
847.70	33.404
848.14	33.340
848.57	33.299
849.01	33.263
849.45	33.213
849.88	33.169
850.32	33.152
850.76	33.142
851.19	33.129
851.63	33.121
852.07	33.143
852.50	33.160
852.94	33.152
853.38	33.141
853.81	33.154
854.25	33.191
854.69	33.234
855.12	33.289
855.56	33.353
856.00	33.419
856.43	33.507
856.87	33.600
857.31	33.708
857.74	33.806
858.18	33.883
858.62	33.982
859.05	34.072
859.49	34.149
859.93	34.234
860.36	34.320
860.80	34.422
861.24	34.517
861.67	34.604
862.11	34.715
862.54	34.840
862.98	34.979
863.42	35.116
863.85	35.260
864.29	35.407
864.72	35.563
865.16	35.691
865.60	35.823
866.03	35.971
866.47	36.097
866.90	36.229
867.34	36.390
867.78	36.568
868.21	36.777
868.65	37.005
869.08	37.221
869.52	37.427
869.95	37.619
870.39	37.806
870.83	38.013
871.26	38.246
871.70	38.495
872.13	38.713
872.57	38.920
873.00	39.130
873.44	39.328
873.87	39.501
874.31	39.696
874.75	39.881
875.18	40.072
875.62	40.270
876.05	40.465
876.49	40.672
876.92	40.913
877.36	41.150
877.79	41.347
878.23	41.545
878.66	41.760
879.10	41.986
879.53	42.216
879.97	42.442
880.40	42.639
880.84	42.832
881.27	43.007
881.71	43.196
882.14	43.381
882.58	43.580
883.01	43.786
883.45	43.992
883.88	44.213
884.32	44.415
884.75	44.613
885.19	44.814
885.62	45.032
886.06	45.204
886.49	45.379
886.92	45.571
887.36	45.771
887.79	45.950
888.23	46.100
888.66	46.262
889.10	46.418
889.53	46.576
889.97	46.714
890.40	46.853
890.83	47.002
891.27	47.139
891.70	47.282
892.14	47.443
892.57	47.627
893.01	47.809
893.44	47.963
893.87	48.132
894.31	48.333
894.74	48.487
895.18	48.616
895.61	48.710
896.04	48.803
896.48	48.884
896.91	48.954
897.35	49.022
897.78	49.091
898.21	49.187
898.65	49.283
899.08	49.392
899.52	49.508
899.95	49.606
900.38	49.729
900.82	49.846
901.25	49.963
901.68	50.068
902.12	50.159
902.55	50.276
902.99	50.401
903.42	50.494
903.85	50.588
904.29	50.687
904.72	50.806
905.15	50.924
905.59	51.037
906.02	51.158
906.45	51.294
906.89	51.420
907.32	51.521
907.75	51.619
908.19	51.685
908.62	51.753
909.05	51.803
909.49	51.810
909.92	51.822
910.35	51.816
910.78	51.781
911.22	51.711
911.65	51.645
912.08	51.589
912.52	51.517
912.95	51.461
913.38	51.390
913.82	51.331
914.25	51.279
914.68	51.196
915.11	51.145
915.55	51.091
915.98	51.031
916.41	50.944
916.84	50.852
917.28	50.801
917.71	50.757
918.14	50.725
918.58	50.678
919.01	50.598
919.44	50.523
919.87	50.460
920.31	50.446
920.74	50.452
921.17	50.378
921.60	50.314
922.03	50.243
922.47	50.174
922.90	50.046
923.33	49.900
923.76	49.804
924.20	49.703
924.63	49.592
925.06	49.467
925.49	49.332
925.92	49.228
926.36	49.084
926.79	48.914
927.22	48.745
927.65	48.614
928.08	48.484
928.52	48.341
928.95	48.181
929.38	48.022
929.81	47.840
930.24	47.696
930.68	47.521
931.11	47.373
931.54	47.201
931.97	47.067
932.40	46.942
932.83	46.824
933.27	46.671
933.70	46.485
934.13	46.314
934.56	46.175
934.99	46.003
935.42	45.837
935.85	45.656
936.29	45.500
936.72	45.360
937.15	45.223
937.58	45.076
938.01	44.940
938.44	44.753
938.87	44.575
939.31	44.365
939.74	44.197
940.17	44.005
940.60	43.815
941.03	43.638
941.46	43.467
941.89	43.286
942.32	43.099
942.75	42.909
943.18	42.726
943.62	42.547
944.05	42.314
944.48	42.074
944.91	41.878
945.34	41.675
945.77	41.427
946.20	41.171
946.63	40.950
947.06	40.760
947.49	40.535
947.92	40.295
948.35	40.066
948.78	39.824
949.22	39.579
949.65	39.333
950.08	39.080
950.51	38.845
950.94	38.564
951.37	38.309
951.80	38.122
952.23	37.943
952.66	37.763
953.09	37.609
953.52	37.453
953.95	37.312
954.38	37.117
954.81	36.916
955.24	36.755
955.67	36.593
956.10	36.386
956.53	36.239
956.96	36.101
957.39	36.006
957.82	35.888
958.25	35.749
958.68	35.632
959.11	35.532
959.54	35.373
959.97	35.262
960.40	35.156
960.83	35.030
961.26	34.890
961.69	34.718
962.12	34.560
962.55	34.403
962.98	34.217
963.41	34.054
963.84	33.959
964.27	33.849
964.70	33.707
965.13	33.564
965.56	33.435
965.99	33.343
966.42	33.209
966.84	33.066
967.27	32.923
967.70	32.812
968.13	32.698
968.56	32.604
968.99	32.495
969.42	32.362
969.85	32.242
970.28	32.080
970.71	31.978
971.14	31.890
971.57	31.827
972.00	31.716
972.42	31.640
972.85	31.515
973.28	31.427
973.71	31.287
974.14	31.189
974.57	31.117
975.00	30.994
975.43	30.883
975.86	30.811
976.28	30.743
976.71	30.704
977.14	30.613
977.57	30.474
978.00	30.400
978.43	30.395
978.86	30.316
979.29	30.273
979.71	30.195
980.14	30.195
980.57	30.114
981.00	30.068
981.43	30.042
981.86	30.049
982.28	30.012
982.71	29.980
983.14	29.944
983.57	29.920
984.00	29.855
984.43	29.800
984.85	29.812
985.28	29.884
985.71	29.906
986.14	29.904
986.57	29.987
986.99	30.042
987.42	29.969
987.85	30.002
988.28	30.010
988.71	30.092
989.13	30.051
989.56	30.076
989.99	30.157
990.42	30.260
990.85	30.291
991.27	30.253
991.70	30.282
992.13	30.365
992.56	30.451
992.98	30.464
993.41	30.534
993.84	30.608
994.27	30.617
994.70	30.627
995.12	30.667
995.55	30.761
995.98	30.787
996.41	30.784
996.83	30.796
997.26	30.961
997.69	31.029
998.11	30.970
998.54	31.019
998.97	31.093
999.40	31.186
999.82	31.259
1000.25	31.358
1000.68	31.572
1001.11	31.630
1001.53	31.633
1001.96	31.713
1002.39	31.871
1002.81	31.932
1003.24	31.932
1003.67	31.948
1004.09	32.101
1004.52	32.177
1004.95	32.188
1005.38	32.308
1005.80	32.467
1006.23	32.542
1006.66	32.549
1007.08	32.681
1007.51	32.769
1007.94	32.854
1008.36	32.790
1008.79	32.738
1009.22	32.735
1009.64	32.728
1010.07	32.719
1010.50	32.659
1010.92	32.797
1011.35	32.917
1011.77	32.902
1012.20	32.852
1012.63	32.931
1013.05	33.014
1013.48	33.043
1013.91	33.087
1014.33	33.197
1014.76	33.354
1015.19	33.336
1015.61	33.265
1016.04	33.362
1016.46	33.482
1016.89	33.535
1017.32	33.521
1017.74	33.627
1018.17	33.856
1018.59	33.942
1019.02	33.993
1019.45	34.125
1019.87	34.105
1020.30	34.051
1020.72	34.031
1021.15	34.199
1021.58	34.399
1022.00	34.348
1022.43	34.324
1022.85	34.385
1023.28	34.619
1023.70	34.480
1024.13	34.386
1024.55	34.430
1024.98	34.547
1025.41	34.593
1025.83	34.410
1026.26	34.388
1026.68	34.582
1027.11	34.539
1027.53	34.345
1027.96	34.326
1028.38	34.398
1028.81	34.496
1029.23	34.369
1029.66	34.282
1030.08	34.282
1030.51	34.142
1030.94	34.028
1031.36	33.858
1031.79	33.955
1032.21	33.709
1032.64	33.497
1033.06	33.421
1033.49	33.542
1033.91	33.519
1034.34	33.356
1034.76	33.371
1035.19	33.510
1035.61	33.387
1036.03	33.237
1036.46	33.207
1036.88	33.320
1037.31	33.352
1037.73	33.105
1038.16	33.018
1038.58	33.202
1039.01	33.480
1039.43	33.453
1039.86	33.331
1040.28	33.453
1040.71	33.541
1041.13	33.512
1041.55	33.351
1041.98	33.453
1042.40	33.521
1042.83	33.193
1043.25	32.778
1043.68	32.678
1044.10	32.677
1044.52	32.488
1044.95	32.245
1045.37	32.304
1045.80	32.061
1046.22	31.803
1046.65	31.649
1047.07	31.586
1047.49	31.483
1047.92	30.846
1048.34	30.356
1048.77	30.424
1049.19	30.307
1049.61	29.759
1050.04	29.211
1050.46	28.930
1050.89	29.008
1051.31	28.715
1051.73	28.418
1052.16	28.431
1052.58	28.393
1053.00	27.990
1053.43	27.366
1053.85	27.124
1054.27	27.026
1054.70	26.872
1055.12	26.470
1055.55	26.144
1055.97	26.045
1056.39	25.905
1056.82	25.620
1057.24	25.505
1057.66	25.320
1058.09	24.993
1058.51	24.356
1058.93	23.991
1059.36	24.440
1059.78	23.615
1060.20	22.539
1060.62	22.349
1061.05	22.451
1061.47	22.038
1061.89	21.052
1062.32	20.722
1062.74	20.515
1063.16	20.139
1063.59	19.179
1064.01	18.522
1064.43	18.568
1064.85	18.089
1065.28	17.292
1065.70	16.533
1066.12	16.034
1066.55	15.559
1066.97	14.613
1067.39	14.055
1067.81	13.377
1068.24	12.301
1068.66	11.681
1069.08	11.180
1069.50	10.234
1069.93	9.158
1070.35	8.178
1070.77	7.596
1071.19	6.941
1071.62	6.776
1072.04	5.313
1072.46	4.416
1072.88	3.933
1073.31	3.605
1073.73	2.176
1074.15	0.368
1074.57	-0.447
1075.00	-0.988
1075.42	-2.614
1075.84	-4.077
1076.26	-4.791
1076.68	-4.653
1077.11	-5.686
1077.53	-7.529
1077.95	-8.328
1078.37	-8.992
1078.79	-10.147
1079.22	-12.024
1079.64	-12.974
1080.06	-13.126
1080.48	-15.933
1080.90	-17.832
1081.32	-19.611
1081.75	-21.440
1082.17	-24.607
1082.59	-26.546
1083.01	-28.017
1083.43	-29.540
1083.85	-31.361
1084.28	-34.230
1084.70	-35.933
1085.12	-37.097
1085.54	-40.736
1085.96	-44.158
1086.38	-45.747
1086.80	-46.161
1087.23	-47.394
1087.65	-49.934
1088.07	-53.352
1088.49	-54.635
1088.91	-58.897
1089.33	-60.998
1089.75	-64.473
1090.17	-64.802
1090.60	-66.467
1091.02	-70.733
1091.44	-72.917
1091.86	-73.739
1092.28	-77.070
1092.70	-82.679
1093.12	-86.278
1093.54	-87.792
1093.96	-90.514
1094.38	-93.773
1094.81	-98.137
1095.23	-98.623
1095.65	-103.199
1096.07	-108.272
1096.49	-114.412
1096.91	-114.197
1097.33	-118.228
1097.75	-124.642
1098.17	-130.011
1098.59	-130.595
1099.01	-131.095
1099.43	-135.774
1099.85	-140.938
1100.27	-145.918
1100.69	-149.971
1101.11	-153.325
1101.53	-156.655
1101.95	-159.383
1102.38	-160.789
1102.80	-237.132
1103.22	-84.302
1103.64	-161.909
1104.06	-309.447
1104.48	-193.628
1104.90	-215.092
1105.32	-226.322
1105.74	-183.099
1106.16	-305.920
