188.40	-470.785
188.88	-566.841
189.35	772.702
189.83	2133.043
190.30	-1433.333
190.78	-447.596
191.26	-623.188
191.73	2049.057
192.21	-2250.725
192.68	-313.931
193.16	-1750.534
193.63	-2005.540
194.11	-2144.123
194.58	-1957.897
195.06	-1579.167
195.53	-1044.372
196.01	-873.116
196.48	-772.270
196.96	-637.264
197.43	-546.876
197.91	-500.121
198.38	-447.970
198.86	-373.102
199.33	-316.988
199.81	-310.899
200.28	-295.851
200.76	-262.468
201.23	-238.125
201.71	-224.267
202.18	-213.942
202.66	-194.445
203.13	-182.908
203.61	-176.951
204.08	-166.744
204.55	-153.694
205.03	-145.835
205.50	-147.369
205.98	-148.836
206.45	-143.141
206.93	-138.581
207.40	-140.009
207.88	-139.804
208.35	-136.728
208.82	-138.459
209.30	-142.900
209.77	-141.964
210.25	-136.183
210.72	-136.539
211.20	-143.607
211.67	-139.845
212.14	-136.363
212.62	-134.188
213.09	-133.450
213.57	-131.791
214.04	-128.450
214.52	-127.158
214.99	-125.372
215.46	-128.365
215.94	-125.400
216.41	-124.511
216.89	-125.477
217.36	-125.642
217.83	-124.426
218.31	-122.315
218.78	-121.590
219.25	-120.471
219.73	-118.277
220.20	-120.423
220.68	-117.326
221.15	-116.865
221.62	-116.281
222.10	-114.822
222.57	-114.182
223.04	-114.927
223.52	-117.278
223.99	-116.355
224.47	-116.209
224.94	-121.660
225.41	-119.728
225.89	-119.422
226.36	-121.913
226.83	-125.377
227.31	-124.526
227.78	-122.981
228.25	-121.402
228.73	-122.734
229.20	-122.779
229.67	-123.574
230.15	-121.649
230.62	-124.962
231.09	-126.641
231.57	-127.736
232.04	-127.027
232.51	-129.968
232.98	-131.779
233.46	-126.838
233.93	-127.664
234.40	-129.390
234.88	-126.399
235.35	-126.804
235.82	-125.283
236.30	-123.063
236.77	-123.744
237.24	-124.266
237.71	-123.942
238.19	-125.062
238.66	-124.296
239.13	-121.999
239.61	-123.366
240.08	-125.031
240.55	-123.922
241.02	-118.732
241.50	-114.816
241.97	-114.547
242.44	-113.527
242.91	-111.194
243.39	-111.307
243.86	-111.733
244.33	-111.761
244.80	-112.895
245.28	-112.595
245.75	-112.169
246.22	-115.603
246.69	-111.717
247.17	-109.712
247.64	-110.543
248.11	-112.983
248.58	-112.666
249.05	-114.204
249.53	-112.290
250.00	-114.098
250.47	-114.517
250.94	-117.337
251.42	-120.970
251.89	-118.817
252.36	-116.398
252.83	-115.830
253.30	-115.083
253.78	-115.463
254.25	-115.392
254.72	-113.982
255.19	-115.830
255.66	-116.107
256.13	-114.254
256.61	-112.169
257.08	-113.007
257.55	-114.907
258.02	-112.518
258.49	-112.735
258.97	-113.624
259.44	-114.505
259.91	-112.066
260.38	-110.249
260.85	-106.917
261.32	-107.657
261.79	-106.913
262.27	-107.273
262.74	-106.280
263.21	-105.497
263.68	-106.059
264.15	-105.533
264.62	-108.254
265.09	-109.087
265.57	-107.486
266.04	-106.436
266.51	-108.612
266.98	-110.811
267.45	-108.580
267.92	-107.960
268.39	-106.988
268.86	-107.741
269.34	-103.270
269.81	-102.892
270.28	-105.130
270.75	-103.782
271.22	-103.203
271.69	-101.055
272.16	-99.836
272.63	-101.297
273.10	-99.789
273.57	-97.531
274.05	-97.147
274.52	-94.852
274.99	-92.196
275.46	-91.215
275.93	-89.960
276.40	-92.821
276.87	-89.066
277.34	-88.149
277.81	-89.437
278.28	-91.269
278.75	-90.910
279.22	-91.910
279.69	-91.960
280.16	-92.182
280.63	-93.075
281.11	-92.563
281.58	-96.158
282.05	-97.320
282.52	-97.139
282.99	-96.680
283.46	-99.588
283.93	-99.877
284.40	-101.889
284.87	-99.704
285.34	-101.655
285.81	-103.067
286.28	-99.365
286.75	-96.780
287.22	-96.562
287.69	-96.847
288.16	-95.309
288.63	-92.395
289.10	-92.687
289.57	-92.423
290.04	-90.118
290.51	-87.974
290.98	-87.260
291.45	-87.071
291.92	-88.316
292.39	-84.972
292.86	-86.610
293.33	-84.635
293.80	-85.047
294.27	-81.314
294.74	-83.130
295.21	-82.832
295.68	-82.667
296.15	-83.215
296.62	-84.665
297.09	-85.936
297.56	-85.358
298.03	-82.267
298.49	-82.636
298.96	-84.556
299.43	-85.080
299.90	-84.673
300.37	-85.166
300.84	-85.783
301.31	-85.618
301.78	-82.735
302.25	-83.179
302.72	-83.134
303.19	-84.924
303.66	-80.500
304.13	-80.360
304.60	-81.123
305.07	-82.588
305.53	-79.042
306.00	-77.915
306.47	-78.967
306.94	-78.324
307.41	-76.661
307.88	-76.595
308.35	-77.255
308.82	-74.809
309.29	-71.917
309.76	-70.613
310.22	-72.040
310.69	-73.119
311.16	-70.156
311.63	-67.751
312.10	-69.419
312.57	-69.899
313.04	-67.248
313.51	-67.883
313.97	-68.686
314.44	-68.093
314.91	-65.721
315.38	-65.970
315.85	-66.354
316.32	-65.923
316.79	-63.257
317.25	-62.436
317.72	-63.579
318.19	-64.838
318.66	-64.643
319.13	-63.603
319.60	-64.802
320.07	-64.492
320.53	-61.170
321.00	-60.185
321.47	-61.089
321.94	-60.820
322.41	-59.553
322.87	-57.515
323.34	-57.975
323.81	-57.816
324.28	-56.771
324.75	-55.556
325.22	-55.603
325.68	-56.646
326.15	-56.113
326.62	-55.183
327.09	-54.522
327.56	-54.901
328.02	-53.897
328.49	-53.205
328.96	-54.091
329.43	-54.222
329.89	-54.798
330.36	-53.853
330.83	-55.068
331.30	-56.833
331.77	-55.994
332.23	-53.362
332.70	-52.623
333.17	-52.878
333.64	-53.118
334.10	-50.255
334.57	-48.443
335.04	-49.095
335.51	-48.235
335.97	-46.290
336.44	-45.266
336.91	-46.384
337.38	-46.257
337.84	-43.942
338.31	-42.258
338.78	-41.628
339.24	-41.219
339.71	-38.423
340.18	-36.914
340.65	-35.823
341.11	-34.460
341.58	-32.339
342.05	-31.833
342.52	-31.859
342.98	-31.161
343.45	-29.106
343.92	-28.488
344.38	-29.152
344.85	-28.663
345.32	-26.808
345.78	-25.251
346.25	-24.938
346.72	-24.216
347.18	-22.353
347.65	-21.121
348.12	-20.722
348.58	-20.565
349.05	-19.334
349.52	-18.490
349.99	-18.706
350.45	-18.744
350.92	-17.463
351.38	-16.446
351.85	-16.290
352.32	-15.938
352.78	-14.964
353.25	-13.574
353.72	-13.449
354.18	-13.232
354.65	-12.078
355.12	-11.319
355.58	-11.356
356.05	-11.421
356.52	-10.865
356.98	-10.238
357.45	-10.096
357.91	-10.342
358.38	-9.707
358.85	-8.847
359.31	-8.483
359.78	-8.338
360.25	-7.916
360.71	-7.397
361.18	-7.281
361.64	-7.224
362.11	-6.925
362.58	-6.365
363.04	-6.370
363.51	-6.201
363.97	-5.861
364.44	-5.434
364.91	-5.241
365.37	-5.362
365.84	-5.155
366.30	-4.580
366.77	-4.489
367.23	-4.493
367.70	-4.215
368.17	-3.740
368.63	-3.451
369.10	-3.512
369.56	-3.420
370.03	-2.938
370.49	-2.811
370.96	-2.832
371.42	-2.708
371.89	-2.423
372.36	-2.203
372.82	-2.178
373.29	-2.040
373.75	-1.557
374.22	-1.349
374.68	-1.216
375.15	-1.041
375.61	-0.678
376.08	-0.522
376.54	-0.466
377.01	-0.445
377.47	-0.194
377.94	-0.052
378.40	-0.174
378.87	-0.124
379.33	0.214
379.80	0.354
380.26	0.359
380.73	0.378
381.19	0.638
381.66	0.863
382.12	0.819
382.59	0.785
383.05	0.977
383.52	1.067
383.98	1.096
384.45	1.054
384.91	1.195
385.38	1.304
385.84	1.295
386.31	1.259
386.77	1.422
387.24	1.598
387.70	1.617
388.16	1.673
388.63	1.819
389.09	1.978
389.56	2.039
390.02	2.057
390.49	2.163
390.95	2.307
391.42	2.327
391.88	2.383
392.34	2.554
392.81	2.720
393.27	2.762
393.74	2.736
394.20	2.837
394.67	3.002
395.13	3.114
395.59	3.213
396.06	3.359
396.52	3.532
396.99	3.630
397.45	3.600
397.91	3.688
398.38	3.733
398.84	3.718
399.31	3.683
399.77	3.730
400.23	3.848
400.70	3.861
401.16	3.828
401.63	3.826
402.09	3.874
402.55	3.863
403.02	3.773
403.48	3.732
403.94	3.813
404.41	3.791
404.87	3.681
405.33	3.585
405.80	3.625
406.26	3.568
406.73	3.475
407.19	3.486
407.65	3.556
408.12	3.643
408.58	3.684
409.04	3.737
409.51	3.857
409.97	3.989
410.43	4.051
410.90	4.162
411.36	4.371
411.82	4.544
412.29	4.676
412.75	4.861
413.21	5.150
413.67	5.355
414.14	5.552
414.60	5.755
415.06	6.083
415.53	6.349
415.99	6.588
416.45	6.821
416.92	7.080
417.38	7.298
417.84	7.470
418.30	7.596
418.77	7.782
419.23	7.941
419.69	7.967
420.16	8.015
420.62	8.092
421.08	8.116
421.54	8.085
422.01	8.005
422.47	7.986
422.93	7.926
423.39	7.784
423.86	7.638
424.32	7.547
424.78	7.414
425.24	7.251
425.71	7.067
426.17	6.920
426.63	6.782
427.09	6.618
427.56	6.435
428.02	6.303
428.48	6.199
428.94	6.023
429.41	5.847
429.87	5.734
430.33	5.767
430.79	5.813
431.25	5.879
431.72	6.031
432.18	6.215
432.64	6.400
433.10	6.629
433.56	6.908
434.03	7.226
434.49	7.551
434.95	7.870
435.41	8.265
435.87	8.682
436.34	9.093
436.80	9.475
437.26	9.935
437.72	10.405
438.18	10.848
438.64	11.319
439.11	11.827
439.57	12.341
440.03	12.726
440.49	13.059
440.95	13.384
441.41	13.684
441.88	13.939
442.34	14.164
442.80	14.366
443.26	14.536
443.72	14.655
444.18	14.724
444.64	14.759
445.11	14.775
445.57	14.735
446.03	14.672
446.49	14.585
446.95	14.474
447.41	14.320
447.87	14.125
448.33	13.903
448.79	13.677
449.26	13.441
449.72	13.173
450.18	12.924
450.64	12.700
451.10	12.459
451.56	12.207
452.02	11.960
452.48	11.758
452.94	11.564
453.40	11.395
453.87	11.244
454.33	11.152
454.79	11.077
455.25	11.023
455.71	10.990
456.17	11.030
456.63	11.111
457.09	11.223
457.55	11.374
458.01	11.596
458.47	11.862
458.93	12.145
459.39	12.466
459.85	12.831
460.31	13.221
460.77	13.628
461.24	14.074
461.70	14.571
462.16	15.065
462.62	15.583
463.08	16.091
463.54	16.619
464.00	17.160
464.46	17.682
464.92	18.195
465.38	18.716
465.84	19.219
466.30	19.697
466.76	20.153
467.22	20.592
467.68	21.011
468.14	21.376
468.60	21.696
469.06	22.018
469.52	22.286
469.98	22.508
470.44	22.700
470.90	22.848
471.36	22.957
471.82	23.022
472.28	23.045
472.74	23.035
473.20	22.995
473.66	22.908
474.12	22.778
474.58	22.621
475.04	22.439
475.50	22.217
475.95	21.956
476.41	21.676
476.87	21.389
477.33	21.076
477.79	20.748
478.25	20.421
478.71	20.082
479.17	19.737
479.63	19.392
480.09	19.047
480.55	18.719
481.01	18.404
481.47	18.104
481.93	17.826
482.39	17.581
482.84	17.353
483.30	17.154
483.76	16.994
484.22	16.867
484.68	16.772
485.14	16.714
485.60	16.700
486.06	16.727
486.52	16.789
486.98	16.890
487.44	17.035
487.89	17.227
488.35	17.452
488.81	17.714
489.27	18.017
489.73	18.366
490.19	18.745
490.65	19.149
491.11	19.585
491.56	20.048
492.02	20.532
492.48	21.029
492.94	21.546
493.40	22.079
493.86	22.621
494.32	23.163
494.77	23.708
495.23	24.257
495.69	24.810
496.15	25.345
496.61	25.878
497.07	26.397
497.52	26.904
497.98	27.385
498.44	27.850
498.90	28.296
499.36	28.716
499.82	29.104
500.27	29.460
500.73	29.789
501.19	30.086
501.65	30.352
502.11	30.591
502.56	30.798
503.02	30.966
503.48	31.095
503.94	31.198
504.40	31.266
504.85	31.298
505.31	31.291
505.77	31.257
506.23	31.192
506.69	31.097
507.14	30.961
507.60	30.802
508.06	30.616
508.52	30.399
508.97	30.149
509.43	29.880
509.89	29.589
510.35	29.285
510.80	28.960
511.26	28.624
511.72	28.271
512.18	27.910
512.63	27.540
513.09	27.162
513.55	26.780
514.01	26.406
514.46	26.032
514.92	25.661
515.38	25.302
515.84	24.951
516.29	24.619
516.75	24.299
517.21	23.997
517.66	23.716
518.12	23.456
518.58	23.228
519.04	23.030
519.49	22.864
519.95	22.723
520.41	22.611
520.86	22.530
521.32	22.492
521.78	22.486
522.23	22.511
522.69	22.577
523.15	22.687
523.61	22.829
524.06	23.002
524.52	23.213
524.98	23.461
525.43	23.739
525.89	24.037
526.35	24.363
526.80	24.722
527.26	25.103
527.72	25.516
528.17	25.940
528.63	26.384
529.09	26.848
529.54	27.326
530.00	27.817
530.45	28.318
530.91	28.822
531.37	29.329
531.82	29.840
532.28	30.356
532.74	30.857
533.19	31.352
533.65	31.839
534.10	32.315
534.56	32.768
535.02	33.201
535.47	33.628
535.93	34.046
536.39	34.452
536.84	34.838
537.30	35.196
537.75	35.533
538.21	35.841
538.67	36.123
539.12	36.385
539.58	36.629
540.03	36.843
540.49	37.039
540.94	37.207
541.40	37.351
541.86	37.457
542.31	37.536
542.77	37.596
543.22	37.634
543.68	37.642
544.13	37.628
544.59	37.601
545.05	37.541
545.50	37.457
545.96	37.332
546.41	37.182
546.87	37.024
547.32	36.841
547.78	36.639
548.23	36.413
548.69	36.162
549.14	35.890
549.60	35.600
550.06	35.288
550.51	34.966
550.97	34.633
551.42	34.288
551.88	33.936
552.33	33.564
552.79	33.192
553.24	32.816
553.70	32.440
554.15	32.057
554.61	31.688
555.06	31.311
555.52	30.941
555.97	30.585
556.43	30.231
556.88	29.889
557.34	29.563
557.79	29.255
558.25	28.967
558.70	28.694
559.15	28.441
559.61	28.211
560.06	28.004
560.52	27.818
560.97	27.662
561.43	27.532
561.88	27.438
562.34	27.361
562.79	27.307
563.25	27.283
563.70	27.289
564.16	27.322
564.61	27.390
565.06	27.494
565.52	27.623
565.97	27.776
566.43	27.960
566.88	28.170
567.34	28.407
567.79	28.666
568.24	28.952
568.70	29.261
569.15	29.589
569.61	29.938
570.06	30.303
570.51	30.693
570.97	31.098
571.42	31.513
571.88	31.954
572.33	32.404
572.78	32.861
573.24	33.332
573.69	33.803
574.15	34.279
574.60	34.755
575.05	35.236
575.51	35.722
575.96	36.207
576.42	36.701
576.87	37.193
577.32	37.683
577.78	38.158
578.23	38.636
578.68	39.106
579.14	39.561
579.59	40.001
580.04	40.422
580.50	40.837
580.95	41.237
581.40	41.612
581.86	41.980
582.31	42.335
582.76	42.676
583.22	42.996
583.67	43.303
584.12	43.594
584.58	43.858
585.03	44.092
585.48	44.303
585.94	44.482
586.39	44.629
586.84	44.763
587.30	44.892
587.75	44.986
588.20	45.062
588.66	45.114
589.11	45.150
589.56	45.168
590.01	45.159
590.47	45.121
590.92	45.073
591.37	45.007
591.83	44.909
592.28	44.784
592.73	44.646
593.18	44.487
593.64	44.305
594.09	44.104
594.54	43.898
594.99	43.683
595.45	43.448
595.90	43.198
596.35	42.926
596.80	42.631
597.26	42.330
597.71	42.007
598.16	41.682
598.61	41.343
599.07	40.995
599.52	40.628
599.97	40.264
600.42	39.890
600.88	39.508
601.33	39.122
601.78	38.735
602.23	38.338
602.69	37.938
603.14	37.537
603.59	37.141
604.04	36.740
604.49	36.341
604.95	35.942
605.40	35.563
605.85	35.196
606.30	34.834
606.75	34.479
607.21	34.143
607.66	33.813
608.11	33.498
608.56	33.194
609.01	32.909
609.46	32.644
609.92	32.397
610.37	32.163
610.82	31.952
611.27	31.762
611.72	31.598
612.17	31.452
612.63	31.328
613.08	31.225
613.53	31.149
613.98	31.103
614.43	31.081
614.88	31.077
615.34	31.091
615.79	31.124
616.24	31.177
616.69	31.253
617.14	31.358
617.59	31.474
618.04	31.613
618.49	31.782
618.95	31.960
619.40	32.154
619.85	32.375
620.30	32.614
620.75	32.862
621.20	33.134
621.65	33.418
622.10	33.717
622.55	34.032
623.00	34.361
623.46	34.695
623.91	35.039
624.36	35.390
624.81	35.748
625.26	36.116
625.71	36.493
626.16	36.883
626.61	37.271
627.06	37.668
627.51	38.076
627.96	38.481
628.41	38.887
628.86	39.285
629.32	39.681
629.77	40.079
630.22	40.479
630.67	40.868
631.12	41.259
631.57	41.653
632.02	42.039
632.47	42.408
632.92	42.774
633.37	43.151
633.82	43.512
634.27	43.861
634.72	44.202
635.17	44.532
635.62	44.846
636.07	45.148
636.52	45.431
636.97	45.702
637.42	45.959
637.87	46.200
638.32	46.436
638.77	46.669
639.22	46.883
639.67	47.080
640.12	47.261
640.57	47.432
641.02	47.582
641.47	47.713
641.92	47.833
642.37	47.933
642.82	47.996
643.27	48.046
643.72	48.084
644.17	48.111
644.62	48.122
645.07	48.115
645.52	48.101
645.97	48.080
646.42	48.035
646.87	47.983
647.32	47.937
647.77	47.886
648.22	47.803
648.66	47.703
649.11	47.576
649.56	47.436
650.01	47.282
650.46	47.126
650.91	46.963
651.36	46.776
651.81	46.575
652.26	46.377
652.71	46.157
653.16	45.931
653.61	45.687
654.06	45.440
654.50	45.175
654.95	44.898
655.40	44.614
655.85	44.328
656.30	44.020
656.75	43.693
657.20	43.351
657.65	43.015
658.10	42.666
658.55	42.336
658.99	42.010
659.44	41.675
659.89	41.327
660.34	40.968
660.79	40.620
661.24	40.272
661.69	39.921
662.13	39.583
662.58	39.236
663.03	38.903
663.48	38.561
663.93	38.229
664.38	37.901
664.83	37.578
665.27	37.251
665.72	36.930
666.17	36.620
666.62	36.314
667.07	36.008
667.52	35.726
667.96	35.432
668.41	35.141
668.86	34.861
669.31	34.593
669.76	34.349
670.21	34.113
670.65	33.894
671.10	33.681
671.55	33.483
672.00	33.304
672.45	33.129
672.89	32.973
673.34	32.829
673.79	32.696
674.24	32.572
674.68	32.459
675.13	32.370
675.58	32.299
676.03	32.243
676.48	32.193
676.92	32.157
677.37	32.149
677.82	32.157
678.27	32.168
678.71	32.194
679.16	32.234
679.61	32.288
680.06	32.348
680.50	32.431
680.95	32.538
681.40	32.651
681.85	32.767
682.29	32.898
682.74	33.045
683.19	33.203
683.64	33.371
684.08	33.570
684.53	33.774
684.98	33.990
685.43	34.216
685.87	34.461
686.32	34.709
686.77	34.951
687.21	35.190
687.66	35.464
688.11	35.749
688.55	36.025
689.00	36.305
689.45	36.609
689.90	36.922
690.34	37.226
690.79	37.530
691.24	37.850
691.68	38.177
692.13	38.489
692.58	38.795
693.02	39.122
693.47	39.440
693.92	39.748
694.36	40.041
694.81	40.355
695.26	40.664
695.70	40.964
696.15	41.262
696.60	41.581
697.04	41.889
697.49	42.178
697.94	42.453
698.38	42.744
698.83	43.035
699.27	43.312
699.72	43.565
700.17	43.832
700.61	44.090
701.06	44.342
701.51	44.601
701.95	44.862
702.40	45.121
702.84	45.358
703.29	45.595
703.74	45.824
704.18	46.042
704.63	46.248
705.07	46.446
705.52	46.644
705.97	46.829
706.41	46.988
706.86	47.140
707.30	47.311
707.75	47.473
708.20	47.614
708.64	47.733
709.09	47.841
709.53	47.944
709.98	48.042
710.42	48.109
710.87	48.157
711.32	48.205
711.76	48.224
712.21	48.247
712.65	48.267
713.10	48.286
713.54	48.280
713.99	48.274
714.43	48.261
714.88	48.231
715.33	48.175
715.77	48.126
716.22	48.083
716.66	48.021
717.11	47.940
717.55	47.852
718.00	47.765
718.44	47.678
718.89	47.566
719.33	47.457
719.78	47.353
720.22	47.247
720.67	47.125
721.11	46.997
721.56	46.864
722.00	46.703
722.45	46.536
722.89	46.368
723.34	46.192
723.78	46.034
724.23	45.867
724.67	45.695
725.12	45.504
725.56	45.300
726.01	45.095
726.45	44.878
726.90	44.642
727.34	44.402
727.78	44.180
728.23	43.942
728.67	43.683
729.12	43.420
729.56	43.164
730.01	42.890
730.45	42.604
730.90	42.311
731.34	42.053
731.79	41.790
732.23	41.511
732.67	41.211
733.12	40.899
733.56	40.620
734.01	40.340
734.45	40.053
734.89	39.773
735.34	39.507
735.78	39.237
736.23	38.964
736.67	38.694
737.12	38.411
737.56	38.143
738.00	37.875
738.45	37.621
738.89	37.364
739.34	37.132
739.78	36.931
740.22	36.722
740.67	36.484
741.11	36.244
741.55	36.024
742.00	35.817
742.44	35.600
742.89	35.370
743.33	35.160
743.77	34.972
744.22	34.793
744.66	34.588
745.10	34.392
745.55	34.210
745.99	34.048
746.43	33.895
746.88	33.740
747.32	33.592
747.76	33.459
748.21	33.348
748.65	33.227
749.09	33.092
749.54	32.962
749.98	32.863
750.42	32.781
750.87	32.695
751.31	32.616
751.75	32.566
752.20	32.539
752.64	32.520
753.08	32.495
753.53	32.454
753.97	32.448
754.41	32.463
754.85	32.487
755.30	32.508
755.74	32.538
756.18	32.604
756.63	32.690
757.07	32.773
757.51	32.837
757.95	32.920
758.40	33.020
758.84	33.137
759.28	33.252
759.72	33.373
760.17	33.508
760.61	33.660
761.05	33.806
761.50	33.944
761.94	34.082
762.38	34.225
762.82	34.410
763.26	34.595
763.71	34.770
764.15	34.937
764.59	35.107
765.03	35.278
765.48	35.453
765.92	35.610
766.36	35.766
766.80	35.953
767.25	36.156
767.69	36.353
768.13	36.571
768.57	36.800
769.01	37.027
769.46	37.252
769.90	37.480
770.34	37.706
770.78	37.939
771.22	38.185
771.67	38.453
772.11	38.707
772.55	38.958
772.99	39.196
773.43	39.435
773.87	39.699
774.32	39.970
774.76	40.226
775.20	40.476
775.64	40.743
776.08	41.031
776.52	41.293
776.97	41.552
777.41	41.796
777.85	42.037
778.29	42.285
778.73	42.541
779.17	42.805
779.62	43.067
780.06	43.319
780.50	43.564
780.94	43.797
781.38	44.023
781.82	44.243
782.26	44.483
782.70	44.733
783.15	44.970
783.59	45.197
784.03	45.416
784.47	45.637
784.91	45.834
785.35	46.012
785.79	46.195
786.23	46.379
786.67	46.549
787.11	46.710
787.56	46.857
788.00	47.005
788.44	47.145
788.88	47.294
789.32	47.439
789.76	47.577
790.20	47.715
790.64	47.862
791.08	48.007
791.52	48.133
791.96	48.238
792.40	48.343
792.84	48.459
793.28	48.582
793.73	48.716
794.17	48.841
794.61	48.938
795.05	49.036
795.49	49.115
795.93	49.189
796.37	49.236
796.81	49.296
797.25	49.370
797.69	49.421
798.13	49.442
798.57	49.455
799.01	49.483
799.45	49.471
799.89	49.438
800.33	49.409
800.77	49.400
801.21	49.402
801.65	49.368
802.09	49.315
802.53	49.262
802.97	49.201
803.41	49.146
803.85	49.095
804.29	49.044
804.73	49.021
805.17	48.964
805.61	48.909
806.05	48.851
806.49	48.745
806.93	48.655
807.37	48.575
807.81	48.511
808.25	48.414
808.69	48.315
809.13	48.212
809.57	48.110
810.01	47.997
810.44	47.856
810.88	47.716
811.32	47.591
811.76	47.470
812.20	47.326
812.64	47.164
813.08	46.999
813.52	46.819
813.96	46.609
814.40	46.436
814.84	46.272
815.28	46.102
815.72	45.941
816.16	45.752
816.59	45.582
817.03	45.392
817.47	45.210
817.91	45.048
818.35	44.888
818.79	44.727
819.23	44.546
819.67	44.355
820.11	44.182
820.54	43.983
820.98	43.754
821.42	43.539
821.86	43.323
822.30	43.105
822.74	42.898
823.18	42.689
823.62	42.467
824.05	42.255
824.49	42.050
824.93	41.842
825.37	41.654
825.81	41.446
826.25	41.228
826.69	40.967
827.12	40.702
827.56	40.451
828.00	40.199
828.44	39.966
828.88	39.750
829.32	39.520
829.75	39.297
830.19	39.080
830.63	38.851
831.07	38.642
831.51	38.422
831.94	38.187
832.38	37.964
832.82	37.764
833.26	37.570
833.70	37.365
834.13	37.156
834.57	36.947
835.01	36.742
835.45	36.556
835.89	36.396
836.32	36.244
836.76	36.073
837.20	35.883
837.64	35.694
838.08	35.536
838.51	35.409
838.95	35.272
839.39	35.129
839.83	35.006
840.26	34.894
840.70	34.785
841.14	34.679
841.58	34.592
842.01	34.499
842.45	34.401
842.89	34.293
843.33	34.194
843.76	34.103
844.20	34.025
844.64	33.932
845.08	33.852
845.51	33.778
845.95	33.715
846.39	33.661
846.82	33.605
847.26	33.532
847.70	33.437
848.14	33.355
848.57	33.310
849.01	33.273
849.45	33.218
849.88	33.168
850.32	33.141
850.76	33.114
851.19	33.098
851.63	33.081
852.07	33.088
852.50	33.110
852.94	33.093
853.38	33.070
853.81	33.078
854.25	33.111
854.69	33.144
855.12	33.185
855.56	33.239
856.00	33.317
856.43	33.403
856.87	33.495
857.31	33.594
857.74	33.690
858.18	33.765
858.62	33.847
859.05	33.933
859.49	34.025
859.93	34.106
860.36	34.193
860.80	34.291
861.24	34.392
861.67	34.483
862.11	34.589
862.54	34.712
862.98	34.841
863.42	34.977
863.85	35.121
864.29	35.248
864.72	35.397
865.16	35.525
865.60	35.649
866.03	35.781
866.47	35.924
866.90	36.059
867.34	36.209
867.78	36.383
868.21	36.599
868.65	36.813
869.08	37.028
869.52	37.229
869.95	37.417
870.39	37.610
870.83	37.804
871.26	38.030
871.70	38.282
872.13	38.513
872.57	38.717
873.00	38.897
873.44	39.104
873.87	39.294
874.31	39.480
874.75	39.669
875.18	39.871
875.62	40.075
876.05	40.258
876.49	40.473
876.92	40.718
877.36	40.950
877.79	41.159
878.23	41.348
878.66	41.556
879.10	41.792
879.53	42.011
879.97	42.228
880.40	42.437
880.84	42.635
881.27	42.820
881.71	42.988
882.14	43.198
882.58	43.401
883.01	43.598
883.45	43.803
883.88	44.017
884.32	44.223
884.75	44.412
885.19	44.626
885.62	44.822
886.06	45.015
886.49	45.193
886.92	45.379
887.36	45.587
887.79	45.798
888.23	45.970
888.66	46.132
889.10	46.296
889.53	46.455
889.97	46.593
890.40	46.722
890.83	46.878
891.27	47.022
891.70	47.183
892.14	47.353
892.57	47.527
893.01	47.745
893.44	47.924
893.87	48.093
894.31	48.291
894.74	48.478
895.18	48.610
895.61	48.709
896.04	48.795
896.48	48.885
896.91	48.961
897.35	49.023
897.78	49.092
898.21	49.202
898.65	49.316
899.08	49.418
899.52	49.527
899.95	49.653
900.38	49.782
900.82	49.903
901.25	50.012
901.68	50.140
902.12	50.218
902.55	50.317
902.99	50.429
903.42	50.527
903.85	50.615
904.29	50.722
904.72	50.822
905.15	50.951
905.59	51.054
906.02	51.147
906.45	51.256
906.89	51.386
907.32	51.481
907.75	51.565
908.19	51.612
908.62	51.690
909.05	51.740
909.49	51.741
909.92	51.713
910.35	51.695
910.78	51.657
911.22	51.592
911.65	51.500
912.08	51.451
912.52	51.409
912.95	51.357
913.38	51.261
913.82	51.210
914.25	51.185
914.68	51.145
915.11	51.096
915.55	51.042
915.98	50.999
916.41	50.928
916.84	50.827
917.28	50.784
917.71	50.753
918.14	50.703
918.58	50.650
919.01	50.592
919.44	50.547
919.87	50.494
920.31	50.443
920.74	50.438
921.17	50.361
921.60	50.271
922.03	50.176
922.47	50.103
922.90	50.019
923.33	49.871
923.76	49.735
924.20	49.624
924.63	49.539
925.06	49.419
925.49	49.266
925.92	49.152
926.36	49.052
926.79	48.887
927.22	48.745
927.65	48.620
928.08	48.513
928.52	48.389
928.95	48.221
929.38	48.076
929.81	47.943
930.24	47.824
930.68	47.653
931.11	47.502
931.54	47.364
931.97	47.238
932.40	47.095
932.83	46.980
933.27	46.846
933.70	46.678
934.13	46.503
934.56	46.361
934.99	46.225
935.42	46.053
935.85	45.869
936.29	45.677
936.72	45.527
937.15	45.402
937.58	45.229
938.01	45.087
938.44	44.925
938.87	44.748
939.31	44.534
939.74	44.345
940.17	44.175
940.60	44.004
941.03	43.779
941.46	43.575
941.89	43.397
942.32	43.227
942.75	43.037
943.18	42.814
943.62	42.634
944.05	42.427
944.48	42.191
944.91	41.961
945.34	41.756
945.77	41.555
946.20	41.308
946.63	41.064
947.06	40.840
947.49	40.621
947.92	40.369
948.35	40.122
948.78	39.914
949.22	39.681
949.65	39.420
950.08	39.155
950.51	38.930
950.94	38.688
951.37	38.421
951.80	38.190
952.23	38.011
952.66	37.852
953.09	37.674
953.52	37.480
953.95	37.339
954.38	37.209
954.81	37.010
955.24	36.802
955.67	36.638
956.10	36.490
956.53	36.333
956.96	36.146
957.39	36.008
957.82	35.883
958.25	35.757
958.68	35.575
959.11	35.441
959.54	35.315
959.97	35.184
960.40	35.063
960.83	34.921
961.26	34.834
961.69	34.668
962.12	34.458
962.55	34.289
962.98	34.134
963.41	33.960
963.84	33.823
964.27	33.657
964.70	33.524
965.13	33.404
965.56	33.249
965.99	33.137
966.42	33.051
966.84	32.916
967.27	32.750
967.70	32.644
968.13	32.599
968.56	32.522
968.99	32.393
969.42	32.233
969.85	32.154
970.28	32.008
970.71	31.873
971.14	31.786
971.57	31.741
972.00	31.660
972.42	31.544
972.85	31.419
973.28	31.388
973.71	31.304
974.14	31.179
974.57	31.083
975.00	30.989
975.43	30.944
975.86	30.837
976.28	30.750
976.71	30.703
977.14	30.619
977.57	30.517
978.00	30.368
978.43	30.338
978.86	30.317
979.29	30.246
979.71	30.170
980.14	30.123
980.57	30.075
981.00	30.026
981.43	29.944
981.86	29.873
982.28	29.853
982.71	29.838
983.14	29.736
983.57	29.660
984.00	29.690
984.43	29.592
984.85	29.554
985.28	29.576
985.71	29.641
986.14	29.609
986.57	29.551
986.99	29.612
987.42	29.626
987.85	29.613
988.28	29.562
988.71	29.592
989.13	29.691
989.56	29.749
989.99	29.733
990.42	29.762
990.85	29.954
991.27	29.960
991.70	29.876
992.13	29.936
992.56	30.064
992.98	30.121
993.41	30.145
993.84	30.175
994.27	30.281
994.70	30.333
995.12	30.307
995.55	30.324
995.98	30.411
996.41	30.513
996.83	30.491
997.26	30.576
997.69	30.699
998.11	30.698
998.54	30.616
998.97	30.607
999.40	30.846
999.82	30.929
1000.25	31.015
1000.68	31.126
1001.11	31.236
1001.53	31.389
1001.96	31.375
1002.39	31.414
1002.81	31.551
1003.24	31.635
1003.67	31.572
1004.09	31.596
1004.52	31.805
1004.95	31.966
1005.38	31.974
1005.80	32.001
1006.23	32.100
1006.66	32.168
1007.08	32.232
1007.51	32.286
1007.94	32.532
1008.36	32.540
1008.79	32.438
1009.22	32.317
1009.64	32.454
1010.07	32.558
1010.50	32.483
1010.92	32.453
1011.35	32.584
1011.77	32.690
1012.20	32.559
1012.63	32.559
1013.05	32.697
1013.48	32.806
1013.91	32.764
1014.33	32.724
1014.76	32.815
1015.19	33.012
1015.61	32.929
1016.04	32.928
1016.46	33.050
1016.89	33.100
1017.32	33.121
1017.74	33.065
1018.17	33.237
1018.59	33.451
1019.02	33.413
1019.45	33.358
1019.87	33.380
1020.30	33.540
1020.72	33.671
1021.15	33.714
1021.58	33.880
1022.00	34.147
1022.43	34.044
1022.85	34.042
1023.28	34.143
1023.70	34.229
1024.13	34.101
1024.55	34.067
1024.98	33.996
1025.41	34.112
1025.83	34.133
1026.26	33.969
1026.68	34.014
1027.11	34.037
1027.53	33.871
1027.96	33.686
1028.38	33.750
1028.81	34.008
1029.23	33.933
1029.66	33.732
1030.08	33.686
1030.51	33.883
1030.94	33.819
1031.36	33.704
1031.79	33.498
1032.21	33.595
1032.64	33.800
1033.06	33.638
1033.49	33.434
1033.91	33.691
1034.34	33.835
1034.76	33.610
1035.19	33.589
1035.61	33.732
1036.03	33.896
1036.46	33.686
1036.88	33.649
1037.31	33.689
1037.73	33.700
1038.16	33.533
1038.58	33.277
1039.01	33.382
1039.43	33.297
1039.86	32.981
1040.28	32.610
1040.71	32.689
1041.13	32.872
1041.55	32.396
1041.98	32.261
1042.40	32.383
1042.83	32.170
1043.25	31.545
1043.68	31.296
1044.10	31.284
1044.52	31.174
1044.95	30.810
1045.37	30.456
1045.80	30.543
1046.22	30.761
1046.65	30.348
1047.07	29.775
1047.49	29.790
1047.92	29.851
1048.34	29.403
1048.77	29.095
1049.19	29.016
1049.61	29.020
1050.04	28.403
1050.46	27.847
1050.89	27.771
1051.31	27.912
1051.73	27.707
1052.16	27.438
1052.58	26.974
1053.00	26.969
1053.43	26.665
1053.85	26.060
1054.27	26.031
1054.70	25.911
1055.12	25.297
1055.55	24.893
1055.97	24.707
1056.39	24.703
1056.82	24.492
1057.24	23.824
1057.66	23.607
1058.09	23.948
1058.51	23.793
1058.93	22.941
1059.36	22.701
1059.78	22.463
1060.20	21.961
1060.62	21.071
1061.05	20.836
1061.47	21.141
1061.89	20.835
1062.32	20.252
1062.74	19.514
1063.16	19.315
1063.59	19.193
1064.01	18.343
1064.43	17.658
1064.85	17.812
1065.28	17.684
1065.70	16.606
1066.12	15.564
1066.55	15.325
1066.97	14.903
1067.39	13.795
1067.81	13.119
1068.24	13.026
1068.66	12.481
1069.08	11.192
1069.50	10.034
1069.93	9.505
1070.35	9.439
1070.77	8.099
1071.19	7.152
1071.62	7.477
1072.04	7.295
1072.46	5.586
1072.88	4.212
1073.31	3.900
1073.73	3.586
1074.15	1.459
1074.57	-0.724
1075.00	-0.551
1075.42	-1.406
1075.84	-2.928
1076.26	-4.953
1076.68	-5.692
1077.11	-6.361
1077.53	-7.900
1077.95	-9.621
1078.37	-9.867
1078.79	-10.314
1079.22	-12.653
1079.64	-14.901
1080.06	-16.450
1080.48	-17.541
1080.90	-19.825
1081.32	-21.563
1081.75	-22.783
1082.17	-23.924
1082.59	-27.364
1083.01	-30.274
1083.43	-31.521
1083.85	-31.878
1084.28	-34.142
1084.70	-37.972
1085.12	-39.351
1085.54	-40.039
1085.96	-42.417
1086.38	-45.883
1086.80	-46.439
1087.23	-46.226
1087.65	-48.027
1088.07	-52.563
1088.49	-54.378
1088.91	-55.222
1089.33	-57.583
1089.75	-61.908
1090.17	-64.574
1090.60	-64.688
1091.02	-67.948
1091.44	-70.964
1091.86	-73.587
1092.28	-73.329
1092.70	-77.549
1093.12	-83.940
1093.54	-87.152
1093.96	-88.215
1094.38	-90.699
1094.81	-97.203
1095.23	-101.148
1095.65	-102.921
1096.07	-105.477
1096.49	-114.099
1096.91	-118.418
1097.33	-121.306
1097.75	-125.933
1098.17	-133.408
1098.59	-138.124
1099.01	-137.704
1099.43	-140.583
1099.85	-149.510
1100.27	-155.480
1100.69	-156.420
1101.11	-158.725
1101.53	-164.337
1101.95	-170.129
1102.38	-159.984
1102.80	-337.516
1103.22	-114.971
1103.64	-91.258
1104.06	-346.168
1104.48	-244.810
1104.90	-260.736
1105.32	-122.874
1105.74	-156.620
1106.16	-447.680
