898.66	221.442
900.28	221.753
901.90	221.569
903.52	221.041
905.14	220.431
906.76	221.282
908.38	218.565
910.00	217.005
911.62	214.083
913.24	213.225
914.86	203.037
916.48	200.337
918.10	197.510
919.72	194.513
921.34	191.239
922.96	187.905
924.58	184.395
926.20	180.932
927.82	177.409
929.44	173.874
931.06	170.326
932.67	166.718
934.29	163.113
935.91	159.469
937.53	155.784
939.15	152.016
940.77	148.298
942.38	144.638
944.00	141.176
945.62	137.846
947.24	134.771
948.86	132.001
950.47	129.458
952.09	127.210
953.71	125.280
955.33	123.824
956.94	122.706
958.56	122.018
960.18	121.630
961.79	121.589
963.41	121.959
965.03	122.712
966.64	123.873
968.26	125.410
969.88	127.389
971.49	129.803
973.11	132.691
974.73	135.931
976.34	139.540
977.96	143.419
979.57	147.595
981.19	151.991
982.80	156.639
984.42	161.600
986.03	166.750
987.65	172.234
989.26	177.813
990.88	183.603
992.49	189.510
994.11	195.472
995.72	201.637
997.34	207.804
998.95	213.974
1000.57	220.251
1002.18	226.513
1003.79	232.618
1005.41	238.672
1007.02	244.681
1008.64	250.543
1010.25	256.245
1011.86	261.796
1013.48	267.406
1015.09	272.812
1016.70	277.902
1018.31	282.715
1019.93	287.354
1021.54	291.748
1023.15	295.781
1024.76	299.707
1026.38	303.442
1027.99	307.085
1029.60	310.427
1031.21	313.542
1032.82	316.488
1034.44	319.075
1036.05	321.467
1037.66	323.655
1039.27	325.548
1040.88	327.181
1042.49	328.632
1044.10	329.815
1045.71	330.796
1047.32	331.467
1048.93	332.018
1050.54	332.335
1052.15	332.460
1053.76	332.471
1055.37	332.196
1056.98	331.800
1058.59	331.253
1060.20	330.362
1061.81	329.467
1063.42	328.271
1065.03	326.839
1066.64	325.111
1068.25	323.150
1069.86	321.177
1071.47	319.132
1073.08	316.982
1074.68	314.700
1076.29	312.382
1077.90	309.912
1079.51	307.311
1081.12	304.548
1082.72	301.716
1084.33	299.009
1085.94	296.253
1087.55	293.174
1089.15	289.928
1090.76	286.780
1092.37	283.494
1093.97	280.349
1095.58	277.035
1097.19	273.738
1098.79	270.415
1100.40	267.259
1102.00	264.251
1103.61	261.115
1105.22	257.962
1106.82	254.754
1108.43	251.509
1110.03	248.355
1111.64	245.286
1113.24	242.335
1114.85	239.421
1116.45	236.560
1118.06	233.530
1119.66	230.533
1121.27	227.793
1122.87	225.186
1124.47	222.535
1126.08	219.963
1127.68	217.391
1129.28	214.829
1130.89	212.311
1132.49	209.996
1134.09	207.634
1135.70	205.307
1137.30	202.971
1138.90	200.688
1140.51	198.506
1142.11	196.493
1143.71	194.380
1145.31	192.344
1146.91	190.352
1148.52	188.412
1150.12	186.516
1151.72	184.696
1153.32	182.988
1154.92	181.323
1156.52	179.772
1158.12	178.382
1159.72	177.086
1161.33	175.958
1162.93	175.181
1164.53	174.743
1166.13	174.657
1167.73	175.090
1169.33	175.965
1170.93	177.343
1172.53	179.340
1174.12	181.685
1175.72	184.377
1177.32	187.370
1178.92	190.757
1180.52	194.166
1182.12	197.967
1183.72	201.951
1185.32	206.235
1186.91	210.679
1188.51	215.353
1190.11	220.024
1191.71	224.553
1193.30	228.843
1194.90	232.962
1196.50	237.084
1198.10	241.337
1199.69	245.424
1201.29	249.234
1202.89	252.868
1204.48	256.409
1206.08	259.616
1207.67	262.726
1209.27	265.845
1210.87	268.679
1212.46	271.292
1214.06	274.005
1215.65	276.413
1217.25	278.671
1218.84	280.889
1220.44	282.903
1222.03	284.690
1223.63	286.406
1225.22	287.961
1226.81	289.719
1228.41	291.401
1230.00	292.829
1231.59	293.926
1233.19	295.014
1234.78	296.097
1236.37	297.174
1237.97	298.242
1239.56	299.442
1241.15	300.394
1242.74	301.095
1244.34	301.735
1245.93	302.167
1247.52	302.441
1249.11	303.003
1250.70	303.302
1252.30	303.465
1253.89	303.527
1255.48	303.532
1257.07	303.434
1258.66	303.344
1260.25	302.911
1261.84	302.443
1263.43	302.093
1265.02	301.853
1266.61	301.530
1268.20	301.000
1269.79	300.361
1271.38	299.590
1272.97	298.620
1274.56	297.717
1276.14	296.806
1277.73	295.891
1279.32	295.175
1280.91	294.366
1282.50	293.059
1284.08	291.911
1285.67	290.590
1287.26	289.332
1288.85	288.156
1290.43	287.041
1292.02	285.812
1293.61	284.615
1295.19	283.357
1296.78	281.901
1298.37	280.258
1299.95	278.351
1301.54	276.520
1303.12	274.488
1304.71	272.453
1306.30	270.383
1307.88	268.321
1309.46	266.171
1311.05	264.084
1312.63	261.804
1314.22	259.351
1315.80	257.195
1317.39	254.854
1318.97	252.354
1320.55	249.722
1322.14	246.830
1323.72	243.694
1325.30	240.525
1326.89	237.211
1328.47	233.757
1330.05	230.153
1331.63	226.491
1333.22	222.856
1334.80	219.039
1336.38	215.202
1337.96	211.109
1339.54	206.821
1341.12	202.336
1342.70	197.678
1344.29	192.665
1345.87	187.483
1347.45	182.328
1349.03	176.826
1350.61	171.539
1352.19	166.631
1353.77	161.994
1355.34	157.886
1356.92	154.418
1358.50	151.554
1360.08	149.064
1361.66	146.917
1363.24	145.007
1364.82	143.191
1366.40	141.416
1367.97	139.675
1369.55	137.872
1371.13	136.110
1372.71	134.383
1374.28	132.599
1375.86	130.745
1377.44	128.879
1379.01	126.920
1380.59	125.096
1382.16	123.405
1383.74	121.713
1385.32	120.068
1386.89	118.404
1388.47	116.652
1390.04	114.834
1391.62	112.933
1393.19	111.044
1394.77	109.154
1396.34	107.367
1397.91	105.592
1399.49	103.958
1401.06	102.439
1402.63	101.067
1404.21	99.728
1405.78	98.548
1407.35	97.380
1408.93	96.269
1410.50	95.279
1412.07	94.376
1413.64	93.529
1415.21	92.748
1416.79	92.086
1418.36	91.541
1419.93	91.110
1421.50	90.819
1423.07	90.638
1424.64	90.518
1426.21	90.464
1427.78	90.478
1429.35	90.538
1430.92	90.669
1432.49	90.754
1434.06	90.855
1435.63	90.917
1437.20	91.034
1438.77	91.149
1440.33	91.172
1441.90	91.224
1443.47	91.220
1445.04	91.255
1446.60	91.336
1448.17	91.507
1449.74	91.695
1451.31	91.908
1452.87	92.134
1454.44	92.405
1456.01	92.763
1457.57	93.114
1459.14	93.520
1460.70	93.946
1462.27	94.529
1463.83	95.132
1465.40	95.816
1466.96	96.528
1468.53	97.313
1470.09	98.141
1471.66	99.038
1473.22	100.176
1474.78	101.403
1476.35	102.703
1477.91	104.077
1479.47	105.406
1481.04	106.651
1482.60	107.899
1484.16	109.117
1485.72	110.302
1487.28	111.574
1488.85	112.909
1490.41	114.354
1491.97	115.706
1493.53	117.130
1495.09	118.316
1496.65	119.482
1498.21	120.682
1499.77	121.721
1501.33	122.842
1502.89	123.964
1504.45	125.121
1506.01	126.326
1507.57	127.472
1509.13	128.554
1510.68	129.566
1512.24	130.527
1513.80	131.446
1515.36	132.407
1516.92	133.443
1518.47	134.548
1520.03	135.646
1521.59	136.730
1523.14	137.724
1524.70	138.779
1526.26	139.769
1527.81	140.910
1529.37	142.022
1530.92	143.152
1532.48	144.529
1534.03	145.897
1535.59	147.283
1537.14	148.563
1538.70	149.734
1540.25	150.799
1541.80	151.921
1543.36	152.994
1544.91	154.012
1546.46	155.055
1548.02	156.198
1549.57	157.340
1551.12	158.429
1552.67	159.365
1554.23	160.162
1555.78	160.927
1557.33	161.703
1558.88	162.425
1560.43	163.084
1561.98	163.909
1563.53	164.665
1565.08	165.234
1566.63	165.797
1568.18	166.354
1569.73	166.815
1571.28	167.142
1572.83	167.598
1574.38	168.083
1575.93	168.650
1577.48	169.489
1579.02	170.294
1580.57	170.927
1582.12	171.398
1583.67	171.877
1585.21	172.557
1586.76	173.101
1588.31	173.602
1589.85	173.997
1591.40	174.252
1592.94	174.461
1594.49	174.505
1596.04	174.589
1597.58	174.890
1599.13	175.031
1600.67	174.902
1602.21	174.985
1603.76	175.016
1605.30	174.912
1606.85	174.649
1608.39	174.396
1609.93	173.832
1611.48	173.217
1613.02	172.622
1614.56	172.070
1616.10	171.427
1617.64	170.496
1619.19	169.659
1620.73	168.841
1622.27	168.040
1623.81	167.409
1625.35	166.680
1626.89	165.927
1628.43	164.944
1629.97	163.623
1631.51	162.174
1633.05	160.874
1634.59	159.365
1636.13	157.901
1637.66	156.511
1639.20	155.275
1640.74	153.781
1642.28	152.367
1643.82	151.144
1645.35	149.561
1646.89	148.049
1648.43	146.530
1649.96	145.040
1651.50	143.611
1653.04	142.173
1654.57	140.692
1656.11	139.229
1657.64	137.872
1659.18	136.652
1660.71	135.502
1662.25	134.647
1663.78	134.298
1665.31	134.536
1666.85	135.383
1668.38	137.091
1669.91	139.010
1671.45	141.302
1672.98	143.549
1674.51	146.240
1676.04	148.582
1677.58	151.512
1679.11	153.853
1680.64	156.148
1682.17	158.235
1683.70	160.548
1685.23	162.480
1686.76	164.355
1688.29	166.194
1689.82	167.983
1691.35	169.349
1692.88	178.917
1694.41	175.391
1695.94	171.813
1697.46	172.835
1698.99	181.257
1700.52	176.992
1702.05	175.956
1703.57	179.477
1705.10	182.398
1706.63	179.363
