898.66	221.501
900.28	221.811
901.90	221.460
903.52	221.023
905.14	220.036
906.76	221.669
908.38	218.843
910.00	216.852
911.62	214.317
913.24	213.757
914.86	203.334
916.48	200.654
918.10	197.829
919.72	194.834
921.34	191.569
922.96	188.256
924.58	184.733
926.20	181.245
927.82	177.712
929.44	174.158
931.06	170.568
932.67	166.921
934.29	163.269
935.91	159.592
937.53	155.853
939.15	152.047
940.77	148.276
942.38	144.557
944.00	141.016
945.62	137.648
947.24	134.529
948.86	131.680
950.47	129.067
952.09	126.755
953.71	124.759
955.33	123.224
956.94	122.039
958.56	121.291
960.18	120.849
961.79	120.762
963.41	121.085
965.03	121.795
966.64	122.894
968.26	124.400
969.88	126.355
971.49	128.754
973.11	131.584
974.73	134.806
976.34	138.425
977.96	142.329
979.57	146.481
981.19	150.891
982.80	155.618
984.42	160.627
986.03	165.779
987.65	171.294
989.26	176.940
990.88	182.774
992.49	188.704
994.11	194.703
995.72	200.955
997.34	207.189
998.95	213.397
1000.57	219.759
1002.18	226.137
1003.79	232.345
1005.41	238.415
1007.02	244.440
1008.64	250.388
1010.25	256.211
1011.86	261.799
1013.48	267.437
1015.09	272.920
1016.70	278.065
1018.31	282.947
1019.93	287.643
1021.54	292.105
1023.15	296.251
1024.76	300.275
1026.38	304.050
1027.99	307.730
1029.60	311.105
1031.21	314.327
1032.82	317.350
1034.44	319.953
1036.05	322.390
1037.66	324.658
1039.27	326.682
1040.88	328.427
1042.49	329.920
1044.10	331.152
1045.71	332.250
1047.32	333.014
1048.93	333.526
1050.54	333.857
1052.15	334.041
1053.76	334.141
1055.37	333.844
1056.98	333.418
1058.59	332.916
1060.20	332.143
1061.81	331.304
1063.42	330.053
1065.03	328.550
1066.64	326.909
1068.25	325.075
1069.86	323.070
1071.47	320.907
1073.08	318.750
1074.68	316.532
1076.29	314.202
1077.90	311.598
1079.51	308.875
1081.12	306.121
1082.72	303.423
1084.33	300.713
1085.94	297.823
1087.55	294.641
1089.15	291.466
1090.76	288.347
1092.37	284.975
1093.97	281.688
1095.58	278.325
1097.19	275.103
1098.79	271.813
1100.40	268.542
1102.00	265.353
1103.61	262.136
1105.22	258.996
1106.82	255.752
1108.43	252.425
1110.03	249.194
1111.64	246.127
1113.24	243.230
1114.85	240.298
1116.45	237.288
1118.06	234.141
1119.66	231.136
1121.27	228.441
1122.87	225.798
1124.47	223.049
1126.08	220.399
1127.68	217.829
1129.28	215.274
1130.89	212.708
1132.49	210.311
1134.09	207.906
1135.70	205.575
1137.30	203.258
1138.90	200.953
1140.51	198.720
1142.11	196.649
1143.71	194.528
1145.31	192.482
1146.91	190.431
1148.52	188.424
1150.12	186.515
1151.72	184.733
1153.32	183.065
1154.92	181.353
1156.52	179.716
1158.12	178.315
1159.72	177.075
1161.33	175.972
1162.93	175.140
1164.53	174.618
1166.13	174.520
1167.73	174.977
1169.33	175.892
1170.93	177.266
1172.53	179.265
1174.12	181.641
1175.72	184.389
1177.32	187.442
1178.92	190.807
1180.52	194.204
1182.12	198.064
1183.72	202.149
1185.32	206.495
1186.91	210.888
1188.51	215.452
1190.11	220.059
1191.71	224.599
1193.30	229.000
1194.90	233.244
1196.50	237.358
1198.10	241.583
1199.69	245.669
1201.29	249.585
1202.89	253.333
1204.48	256.911
1206.08	260.050
1207.67	263.088
1209.27	266.200
1210.87	269.133
1212.46	271.944
1214.06	274.779
1215.65	277.195
1217.25	279.422
1218.84	281.666
1220.44	283.808
1222.03	285.804
1223.63	287.602
1225.22	289.202
1226.81	290.905
1228.41	292.537
1230.00	294.032
1231.59	295.261
1233.19	296.414
1234.78	297.434
1236.37	298.428
1237.97	299.452
1239.56	300.764
1241.15	301.829
1242.74	302.629
1244.34	303.244
1245.93	303.561
1247.52	303.700
1249.11	304.229
1250.70	304.584
1252.30	304.823
1253.89	304.900
1255.48	304.838
1257.07	304.679
1258.66	304.518
1260.25	304.121
1261.84	303.755
1263.43	303.446
1265.02	303.127
1266.61	302.710
1268.20	302.128
1269.79	301.504
1271.38	300.854
1272.97	299.950
1274.56	299.073
1276.14	298.120
1277.73	297.153
1279.32	296.380
1280.91	295.628
1282.50	294.406
1284.08	293.322
1285.67	292.017
1287.26	290.732
1288.85	289.475
1290.43	288.312
1292.02	287.110
1293.61	285.961
1295.19	284.722
1296.78	283.257
1298.37	281.601
1299.95	279.702
1301.54	277.897
1303.12	275.891
1304.71	273.857
1306.30	271.742
1307.88	269.655
1309.46	267.476
1311.05	265.340
1312.63	263.063
1314.22	260.606
1315.80	258.437
1317.39	256.039
1318.97	253.466
1320.55	250.783
1322.14	247.916
1323.72	244.855
1325.30	241.696
1326.89	238.302
1328.47	234.735
1330.05	231.065
1331.63	227.403
1333.22	223.806
1334.80	220.039
1336.38	216.194
1337.96	211.982
1339.54	207.587
1341.12	203.009
1342.70	198.332
1344.29	193.435
1345.87	188.337
1347.45	183.152
1349.03	177.483
1350.61	172.050
1352.19	167.049
1353.77	162.410
1355.34	158.332
1356.92	154.858
1358.50	151.946
1360.08	149.422
1361.66	147.205
1363.24	145.235
1364.82	143.421
1366.40	141.654
1367.97	139.904
1369.55	138.078
1371.13	136.253
1372.71	134.448
1374.28	132.588
1375.86	130.706
1377.44	128.854
1379.01	126.924
1380.59	125.123
1382.16	123.424
1383.74	121.662
1385.32	119.952
1386.89	118.246
1388.47	116.491
1390.04	114.722
1391.62	112.866
1393.19	111.001
1394.77	109.063
1396.34	107.250
1397.91	105.444
1399.49	103.810
1401.06	102.322
1402.63	100.974
1404.21	99.671
1405.78	98.500
1407.35	97.295
1408.93	96.149
1410.50	95.119
1412.07	94.216
1413.64	93.367
1415.21	92.622
1416.79	91.995
1418.36	91.453
1419.93	91.015
1421.50	90.685
1423.07	90.471
1424.64	90.350
1426.21	90.309
1427.78	90.382
1429.35	90.467
1430.92	90.587
1432.49	90.630
1434.06	90.668
1435.63	90.698
1437.20	90.796
1438.77	90.938
1440.33	91.031
1441.90	91.140
1443.47	91.179
1445.04	91.197
1446.60	91.225
1448.17	91.321
1449.74	91.449
1451.31	91.667
1452.87	91.916
1454.44	92.249
1456.01	92.629
1457.57	92.980
1459.14	93.340
1460.70	93.678
1462.27	94.175
1463.83	94.735
1465.40	95.431
1466.96	96.223
1468.53	97.121
1470.09	98.008
1471.66	98.876
1473.22	99.936
1474.78	101.051
1476.35	102.228
1477.91	103.536
1479.47	104.893
1481.04	106.234
1482.60	107.587
1484.16	108.868
1485.72	110.056
1487.28	111.245
1488.85	112.496
1490.41	113.867
1491.97	115.183
1493.53	116.641
1495.09	117.924
1496.65	119.209
1498.21	120.486
1499.77	121.539
1501.33	122.589
1502.89	123.615
1504.45	124.711
1506.01	125.886
1507.57	127.074
1509.13	128.274
1510.68	129.412
1512.24	130.450
1513.80	131.402
1515.36	132.331
1516.92	133.267
1518.47	134.283
1520.03	135.333
1521.59	136.437
1523.14	137.505
1524.70	138.656
1526.26	139.743
1527.81	140.942
1529.37	142.032
1530.92	143.081
1532.48	144.363
1534.03	145.638
1535.59	147.015
1537.14	148.363
1538.70	149.627
1540.25	150.780
1541.80	151.939
1543.36	153.018
1544.91	154.003
1546.46	154.961
1548.02	156.010
1549.57	157.103
1551.12	158.194
1552.67	159.179
1554.23	160.033
1555.78	160.855
1557.33	161.673
1558.88	162.395
1560.43	163.000
1561.98	163.773
1563.53	164.495
1565.08	165.037
1566.63	165.607
1568.18	166.163
1569.73	166.646
1571.28	166.983
1572.83	167.424
1574.38	167.886
1575.93	168.415
1577.48	169.209
1579.02	169.969
1580.57	170.585
1582.12	171.082
1583.67	171.570
1585.21	172.289
1586.76	172.880
1588.31	173.406
1589.85	173.801
1591.40	174.018
1592.94	174.201
1594.49	174.232
1596.04	174.337
1597.58	174.671
1599.13	174.870
1600.67	174.789
1602.21	174.841
1603.76	174.859
1605.30	174.746
1606.85	174.485
1608.39	174.223
1609.93	173.678
1611.48	173.119
1613.02	172.610
1614.56	172.114
1616.10	171.539
1617.64	170.608
1619.19	169.690
1620.73	168.713
1622.27	167.777
1623.81	167.073
1625.35	166.325
1626.89	165.588
1628.43	164.676
1629.97	163.440
1631.51	162.069
1633.05	160.830
1634.59	159.342
1636.13	157.822
1637.66	156.317
1639.20	154.943
1640.74	153.350
1642.28	151.889
1643.82	150.689
1645.35	149.190
1646.89	147.846
1648.43	146.432
1649.96	145.024
1651.50	143.619
1653.04	142.175
1654.57	140.663
1656.11	139.111
1657.64	137.679
1659.18	136.444
1660.71	135.296
1662.25	134.502
1663.78	134.230
1665.31	134.547
1666.85	135.440
1668.38	137.119
1669.91	139.027
1671.45	141.279
1672.98	143.568
1674.51	146.342
1676.04	148.628
1677.58	151.622
1679.11	153.794
1680.64	156.232
1682.17	158.201
1683.70	160.500
1685.23	162.417
1686.76	164.227
1688.29	165.999
1689.82	167.807
1691.35	169.126
1692.88	181.380
1694.41	173.206
1695.94	175.735
1697.46	170.895
1698.99	180.731
1700.52	176.008
1702.05	175.853
1703.57	177.784
1705.10	183.068
1706.63	178.989
