898.66	221.506
900.28	221.816
901.90	221.750
903.52	221.446
905.14	220.272
906.76	222.087
908.38	219.156
910.00	217.320
911.62	214.334
913.24	214.197
914.86	203.669
916.48	200.979
918.10	198.155
919.72	195.163
921.34	191.898
922.96	188.584
924.58	185.051
926.20	181.557
927.82	178.015
929.44	174.465
931.06	170.863
932.67	167.198
934.29	163.533
935.91	159.840
937.53	156.083
939.15	152.250
940.77	148.455
942.38	144.716
944.00	141.143
945.62	137.738
947.24	134.588
948.86	131.701
950.47	129.066
952.09	126.733
953.71	124.714
955.33	123.148
956.94	121.931
958.56	121.159
960.18	120.697
961.79	120.575
963.41	120.867
965.03	121.558
966.64	122.640
968.26	124.122
969.88	126.053
971.49	128.442
973.11	131.264
974.73	134.470
976.34	138.077
977.96	142.005
979.57	146.182
981.19	150.571
982.80	155.290
984.42	160.323
986.03	165.512
987.65	171.019
989.26	176.661
990.88	182.532
992.49	188.486
994.11	194.468
995.72	200.706
997.34	206.986
998.95	213.222
1000.57	219.585
1002.18	225.972
1003.79	232.213
1005.41	238.325
1007.02	244.363
1008.64	250.323
1010.25	256.186
1011.86	261.802
1013.48	267.419
1015.09	272.923
1016.70	278.132
1018.31	283.076
1019.93	287.801
1021.54	292.269
1023.15	296.442
1024.76	300.506
1026.38	304.320
1027.99	308.041
1029.60	311.442
1031.21	314.669
1032.82	317.751
1034.44	320.411
1036.05	322.855
1037.66	325.143
1039.27	327.207
1040.88	328.999
1042.49	330.522
1044.10	331.734
1045.71	332.862
1047.32	333.722
1048.93	334.260
1050.54	334.545
1052.15	334.680
1053.76	334.809
1055.37	334.592
1056.98	334.179
1058.59	333.617
1060.20	332.828
1061.81	332.051
1063.42	330.857
1065.03	329.307
1066.64	327.615
1068.25	325.827
1069.86	323.911
1071.47	321.745
1073.08	319.532
1074.68	317.314
1076.29	315.038
1077.90	312.485
1079.51	309.703
1081.12	306.870
1082.72	304.190
1084.33	301.545
1085.94	298.660
1087.55	295.388
1089.15	292.130
1090.76	289.024
1092.37	285.703
1093.97	282.421
1095.58	278.973
1097.19	275.691
1098.79	272.469
1100.40	269.229
1102.00	265.984
1103.61	262.666
1105.22	259.466
1106.82	256.239
1108.43	252.917
1110.03	249.649
1111.64	246.523
1113.24	243.622
1114.85	240.712
1116.45	237.704
1118.06	234.516
1119.66	231.490
1121.27	228.802
1122.87	226.188
1124.47	223.430
1126.08	220.746
1127.68	218.141
1129.28	215.598
1130.89	213.065
1132.49	210.645
1134.09	208.192
1135.70	205.837
1137.30	203.539
1138.90	201.289
1140.51	199.029
1142.11	196.912
1143.71	194.751
1145.31	192.700
1146.91	190.645
1148.52	188.607
1150.12	186.663
1151.72	184.855
1153.32	183.200
1154.92	181.511
1156.52	179.874
1158.12	178.442
1159.72	177.190
1161.33	176.089
1162.93	175.266
1164.53	174.722
1166.13	174.577
1167.73	175.033
1169.33	175.972
1170.93	177.371
1172.53	179.372
1174.12	181.757
1175.72	184.522
1177.32	187.639
1178.92	191.038
1180.52	194.432
1182.12	198.249
1183.72	202.323
1185.32	206.696
1186.91	211.115
1188.51	215.661
1190.11	220.207
1191.71	224.677
1193.30	229.090
1194.90	233.407
1196.50	237.608
1198.10	241.839
1199.69	245.870
1201.29	249.746
1202.89	253.511
1204.48	257.165
1206.08	260.353
1207.67	263.385
1209.27	266.434
1210.87	269.311
1212.46	272.181
1214.06	275.115
1215.65	277.618
1217.25	279.864
1218.84	282.085
1220.44	284.201
1222.03	286.247
1223.63	288.140
1225.22	289.809
1226.81	291.521
1228.41	293.104
1230.00	294.517
1231.59	295.766
1233.19	296.996
1234.78	298.075
1236.37	299.071
1237.97	300.034
1239.56	301.263
1241.15	302.288
1242.74	303.156
1244.34	303.850
1245.93	304.162
1247.52	304.230
1249.11	304.699
1250.70	305.023
1252.30	305.284
1253.89	305.427
1255.48	305.387
1257.07	305.203
1258.66	305.017
1260.25	304.579
1261.84	304.207
1263.43	303.959
1265.02	303.687
1266.61	303.284
1268.20	302.669
1269.79	302.003
1271.38	301.349
1272.97	300.515
1274.56	299.743
1276.14	298.834
1277.73	297.845
1279.32	297.031
1280.91	296.257
1282.50	295.030
1284.08	293.990
1285.67	292.740
1287.26	291.468
1288.85	290.185
1290.43	288.961
1292.02	287.705
1293.61	286.565
1295.19	285.380
1296.78	283.961
1298.37	282.294
1299.95	280.364
1301.54	278.525
1303.12	276.512
1304.71	274.504
1306.30	272.423
1307.88	270.338
1309.46	268.141
1311.05	266.005
1312.63	263.711
1314.22	261.260
1315.80	259.089
1317.39	256.671
1318.97	254.073
1320.55	251.366
1322.14	248.501
1323.72	245.486
1325.30	242.383
1326.89	239.012
1328.47	235.406
1330.05	231.665
1331.63	227.954
1333.22	224.350
1334.80	220.643
1336.38	216.847
1337.96	212.630
1339.54	208.157
1341.12	203.476
1342.70	198.726
1344.29	193.780
1345.87	188.726
1347.45	183.580
1349.03	177.958
1350.61	172.496
1352.19	167.397
1353.77	162.684
1355.34	158.570
1356.92	155.109
1358.50	152.230
1360.08	149.704
1361.66	147.466
1363.24	145.464
1364.82	143.636
1366.40	141.863
1367.97	140.115
1369.55	138.299
1371.13	136.483
1372.71	134.674
1374.28	132.781
1375.86	130.847
1377.44	128.965
1379.01	127.054
1380.59	125.269
1382.16	123.595
1383.74	121.832
1385.32	120.098
1386.89	118.346
1388.47	116.583
1390.04	114.789
1391.62	112.942
1393.19	111.088
1394.77	109.186
1396.34	107.359
1397.91	105.527
1399.49	103.849
1401.06	102.333
1402.63	100.988
1404.21	99.700
1405.78	98.544
1407.35	97.369
1408.93	96.217
1410.50	95.190
1412.07	94.240
1413.64	93.399
1415.21	92.665
1416.79	92.058
1418.36	91.552
1419.93	91.114
1421.50	90.752
1423.07	90.511
1424.64	90.348
1426.21	90.290
1427.78	90.350
1429.35	90.449
1430.92	90.589
1432.49	90.640
1434.06	90.677
1435.63	90.656
1437.20	90.708
1438.77	90.825
1440.33	90.900
1441.90	91.033
1443.47	91.093
1445.04	91.146
1446.60	91.181
1448.17	91.252
1449.74	91.343
1451.31	91.504
1452.87	91.729
1454.44	92.077
1456.01	92.483
1457.57	92.879
1459.14	93.283
1460.70	93.623
1462.27	94.098
1463.83	94.599
1465.40	95.251
1466.96	96.027
1468.53	96.962
1470.09	97.910
1471.66	98.837
1473.22	99.925
1474.78	101.027
1476.35	102.147
1477.91	103.386
1479.47	104.685
1481.04	106.017
1482.60	107.398
1484.16	108.737
1485.72	109.983
1487.28	111.191
1488.85	112.437
1490.41	113.760
1491.97	115.000
1493.53	116.415
1495.09	117.702
1496.65	119.038
1498.21	120.377
1499.77	121.489
1501.33	122.564
1502.89	123.575
1504.45	124.616
1506.01	125.736
1507.57	126.886
1509.13	128.090
1510.68	129.261
1512.24	130.373
1513.80	131.394
1515.36	132.366
1516.92	133.316
1518.47	134.301
1520.03	135.304
1521.59	136.365
1523.14	137.420
1524.70	138.589
1526.26	139.718
1527.81	140.967
1529.37	142.080
1530.92	143.133
1532.48	144.393
1534.03	145.638
1535.59	146.967
1537.14	148.291
1538.70	149.544
1540.25	150.723
1541.80	151.926
1543.36	153.049
1544.91	154.057
1546.46	155.015
1548.02	156.041
1549.57	157.072
1551.12	158.118
1552.67	159.081
1554.23	159.929
1555.78	160.762
1557.33	161.628
1558.88	162.388
1560.43	162.993
1561.98	163.777
1563.53	164.503
1565.08	165.037
1566.63	165.573
1568.18	166.116
1569.73	166.612
1571.28	166.971
1572.83	167.424
1574.38	167.898
1575.93	168.434
1577.48	169.211
1579.02	169.933
1580.57	170.503
1582.12	170.988
1583.67	171.463
1585.21	172.185
1586.76	172.791
1588.31	173.342
1589.85	173.741
1591.40	173.948
1592.94	174.127
1594.49	174.138
1596.04	174.210
1597.58	174.531
1599.13	174.763
1600.67	174.716
1602.21	174.779
1603.76	174.814
1605.30	174.716
1606.85	174.442
1608.39	174.168
1609.93	173.592
1611.48	173.024
1613.02	172.551
1614.56	172.095
1616.10	171.586
1617.64	170.719
1619.19	169.827
1620.73	168.858
1622.27	167.873
1623.81	167.113
1625.35	166.294
1626.89	165.510
1628.43	164.585
1629.97	163.351
1631.51	161.998
1633.05	160.792
1634.59	159.352
1636.13	157.868
1637.66	156.362
1639.20	154.951
1640.74	153.283
1642.28	151.765
1643.82	150.501
1645.35	148.970
1646.89	147.622
1648.43	146.254
1649.96	144.882
1651.50	143.556
1653.04	142.147
1654.57	140.657
1656.11	139.117
1657.64	137.653
1659.18	136.392
1660.71	135.237
1662.25	134.488
1663.78	134.220
1665.31	134.598
1666.85	135.576
1668.38	137.304
1669.91	139.217
1671.45	141.442
1672.98	143.677
1674.51	146.475
1676.04	148.837
1677.58	151.688
1679.11	153.975
1680.64	156.297
1682.17	158.399
1683.70	160.717
1685.23	162.650
1686.76	164.552
1688.29	166.300
1689.82	168.163
1691.35	169.540
1692.88	177.390
1694.41	175.925
1695.94	172.843
1697.46	173.880
1698.99	180.889
1700.52	176.837
1702.05	176.267
1703.57	178.313
1705.10	183.292
1706.63	180.540
