898.66	221.442
900.28	221.758
901.90	221.536
903.52	221.065
905.14	220.458
906.76	221.323
908.38	218.612
910.00	216.992
911.62	213.988
913.24	213.245
914.86	203.064
916.48	200.357
918.10	197.527
919.72	194.536
921.34	191.268
922.96	187.929
924.58	184.420
926.20	180.948
927.82	177.426
929.44	173.898
931.06	170.350
932.67	166.744
934.29	163.132
935.91	159.489
937.53	155.796
939.15	152.026
940.77	148.297
942.38	144.643
944.00	141.177
945.62	137.846
947.24	134.775
948.86	131.999
950.47	129.462
952.09	127.211
953.71	125.279
955.33	123.815
956.94	122.702
958.56	122.013
960.18	121.626
961.79	121.588
963.41	121.952
965.03	122.706
966.64	123.863
968.26	125.407
969.88	127.380
971.49	129.796
973.11	132.674
974.73	135.920
976.34	139.522
977.96	143.404
979.57	147.574
981.19	151.968
982.80	156.614
984.42	161.573
986.03	166.726
987.65	172.210
989.26	177.792
990.88	183.583
992.49	189.494
994.11	195.463
995.72	201.622
997.34	207.790
998.95	213.960
1000.57	220.239
1002.18	226.494
1003.79	232.604
1005.41	238.658
1007.02	244.676
1008.64	250.538
1010.25	256.247
1011.86	261.803
1013.48	267.418
1015.09	272.819
1016.70	277.912
1018.31	282.729
1019.93	287.370
1021.54	291.763
1023.15	295.794
1024.76	299.720
1026.38	303.447
1027.99	307.083
1029.60	310.428
1031.21	313.548
1032.82	316.489
1034.44	319.064
1036.05	321.454
1037.66	323.638
1039.27	325.535
1040.88	327.165
1042.49	328.617
1044.10	329.793
1045.71	330.772
1047.32	331.444
1048.93	332.006
1050.54	332.327
1052.15	332.453
1053.76	332.462
1055.37	332.189
1056.98	331.797
1058.59	331.246
1060.20	330.360
1061.81	329.478
1063.42	328.287
1065.03	326.848
1066.64	325.123
1068.25	323.173
1069.86	321.215
1071.47	319.166
1073.08	317.019
1074.68	314.734
1076.29	312.409
1077.90	309.943
1079.51	307.338
1081.12	304.576
1082.72	301.741
1084.33	299.032
1085.94	296.273
1087.55	293.197
1089.15	289.947
1090.76	286.797
1092.37	283.510
1093.97	280.368
1095.58	277.040
1097.19	273.741
1098.79	270.414
1100.40	267.262
1102.00	264.248
1103.61	261.105
1105.22	257.957
1106.82	254.741
1108.43	251.503
1110.03	248.358
1111.64	245.292
1113.24	242.345
1114.85	239.426
1116.45	236.563
1118.06	233.533
1119.66	230.538
1121.27	227.800
1122.87	225.200
1124.47	222.548
1126.08	219.979
1127.68	217.400
1129.28	214.845
1130.89	212.328
1132.49	210.018
1134.09	207.658
1135.70	205.327
1137.30	202.998
1138.90	200.712
1140.51	198.534
1142.11	196.517
1143.71	194.397
1145.31	192.352
1146.91	190.357
1148.52	188.424
1150.12	186.528
1151.72	184.711
1153.32	183.001
1154.92	181.331
1156.52	179.771
1158.12	178.384
1159.72	177.083
1161.33	175.960
1162.93	175.188
1164.53	174.743
1166.13	174.658
1167.73	175.081
1169.33	175.964
1170.93	177.335
1172.53	179.328
1174.12	181.681
1175.72	184.368
1177.32	187.369
1178.92	190.757
1180.52	194.177
1182.12	197.974
1183.72	201.953
1185.32	206.233
1186.91	210.673
1188.51	215.343
1190.11	220.010
1191.71	224.545
1193.30	228.837
1194.90	232.951
1196.50	237.064
1198.10	241.315
1199.69	245.409
1201.29	249.216
1202.89	252.858
1204.48	256.399
1206.08	259.600
1207.67	262.699
1209.27	265.817
1210.87	268.646
1212.46	271.262
1214.06	273.979
1215.65	276.388
1217.25	278.653
1218.84	280.871
1220.44	282.885
1222.03	284.673
1223.63	286.397
1225.22	287.950
1226.81	289.703
1228.41	291.380
1230.00	292.808
1231.59	293.909
1233.19	294.990
1234.78	296.076
1236.37	297.150
1237.97	298.221
1239.56	299.434
1241.15	300.390
1242.74	301.091
1244.34	301.738
1245.93	302.175
1247.52	302.439
1249.11	303.008
1250.70	303.308
1252.30	303.471
1253.89	303.536
1255.48	303.537
1257.07	303.441
1258.66	303.353
1260.25	302.925
1261.84	302.457
1263.43	302.110
1265.02	301.870
1266.61	301.551
1268.20	301.026
1269.79	300.386
1271.38	299.614
1272.97	298.638
1274.56	297.736
1276.14	296.825
1277.73	295.910
1279.32	295.187
1280.91	294.380
1282.50	293.065
1284.08	291.912
1285.67	290.595
1287.26	289.335
1288.85	288.157
1290.43	287.037
1292.02	285.803
1293.61	284.615
1295.19	283.365
1296.78	281.916
1298.37	280.273
1299.95	278.369
1301.54	276.537
1303.12	274.512
1304.71	272.475
1306.30	270.409
1307.88	268.352
1309.46	266.205
1311.05	264.118
1312.63	261.840
1314.22	259.390
1315.80	257.231
1317.39	254.888
1318.97	252.394
1320.55	249.765
1322.14	246.882
1323.72	243.751
1325.30	240.588
1326.89	237.267
1328.47	233.814
1330.05	230.202
1331.63	226.539
1333.22	222.895
1334.80	219.078
1336.38	215.234
1337.96	211.143
1339.54	206.853
1341.12	202.363
1342.70	197.701
1344.29	192.691
1345.87	187.511
1347.45	182.354
1349.03	176.855
1350.61	171.576
1352.19	166.656
1353.77	162.018
1355.34	157.906
1356.92	154.428
1358.50	151.559
1360.08	149.070
1361.66	146.924
1363.24	145.016
1364.82	143.208
1366.40	141.433
1367.97	139.689
1369.55	137.885
1371.13	136.115
1372.71	134.395
1374.28	132.600
1375.86	130.760
1377.44	128.875
1379.01	126.916
1380.59	125.089
1382.16	123.414
1383.74	121.710
1385.32	120.068
1386.89	118.394
1388.47	116.629
1390.04	114.807
1391.62	112.907
1393.19	111.019
1394.77	109.121
1396.34	107.340
1397.91	105.568
1399.49	103.935
1401.06	102.413
1402.63	101.049
1404.21	99.717
1405.78	98.520
1407.35	97.358
1408.93	96.236
1410.50	95.258
1412.07	94.360
1413.64	93.511
1415.21	92.716
1416.79	92.061
1418.36	91.506
1419.93	91.076
1421.50	90.799
1423.07	90.615
1424.64	90.497
1426.21	90.436
1427.78	90.451
1429.35	90.505
1430.92	90.625
1432.49	90.720
1434.06	90.832
1435.63	90.893
1437.20	91.010
1438.77	91.130
1440.33	91.159
1441.90	91.212
1443.47	91.202
1445.04	91.233
1446.60	91.316
1448.17	91.492
1449.74	91.677
1451.31	91.897
1452.87	92.120
1454.44	92.390
1456.01	92.748
1457.57	93.096
1459.14	93.500
1460.70	93.929
1462.27	94.517
1463.83	95.125
1465.40	95.802
1466.96	96.511
1468.53	97.294
1470.09	98.122
1471.66	99.017
1473.22	100.153
1474.78	101.383
1476.35	102.684
1477.91	104.059
1479.47	105.390
1481.04	106.634
1482.60	107.884
1484.16	109.102
1485.72	110.292
1487.28	111.562
1488.85	112.902
1490.41	114.349
1491.97	115.710
1493.53	117.134
1495.09	118.312
1496.65	119.474
1498.21	120.675
1499.77	121.713
1501.33	122.831
1502.89	123.951
1504.45	125.108
1506.01	126.314
1507.57	127.456
1509.13	128.533
1510.68	129.537
1512.24	130.493
1513.80	131.414
1515.36	132.376
1516.92	133.407
1518.47	134.510
1520.03	135.606
1521.59	136.689
1523.14	137.680
1524.70	138.728
1526.26	139.721
1527.81	140.869
1529.37	141.981
1530.92	143.116
1532.48	144.488
1534.03	145.863
1535.59	147.249
1537.14	148.533
1538.70	149.694
1540.25	150.761
1541.80	151.886
1543.36	152.963
1544.91	153.986
1546.46	155.024
1548.02	156.165
1549.57	157.315
1551.12	158.404
1552.67	159.347
1554.23	160.146
1555.78	160.907
1557.33	161.687
1558.88	162.409
1560.43	163.066
1561.98	163.893
1563.53	164.646
1565.08	165.223
1566.63	165.783
1568.18	166.341
1569.73	166.797
1571.28	167.131
1572.83	167.587
1574.38	168.071
1575.93	168.641
1577.48	169.481
1579.02	170.296
1580.57	170.940
1582.12	171.409
1583.67	171.891
1585.21	172.569
1586.76	173.113
1588.31	173.622
1589.85	174.016
1591.40	174.267
1592.94	174.481
1594.49	174.524
1596.04	174.603
1597.58	174.906
1599.13	175.046
1600.67	174.923
1602.21	175.004
1603.76	175.046
1605.30	174.941
1606.85	174.677
1608.39	174.435
1609.93	173.865
1611.48	173.240
1613.02	172.637
1614.56	172.080
1616.10	171.440
1617.64	170.509
1619.19	169.678
1620.73	168.858
1622.27	168.044
1623.81	167.413
1625.35	166.680
1626.89	165.921
1628.43	164.944
1629.97	163.607
1631.51	162.157
1633.05	160.836
1634.59	159.344
1636.13	157.867
1637.66	156.474
1639.20	155.230
1640.74	153.717
1642.28	152.310
1643.82	151.076
1645.35	149.484
1646.89	147.971
1648.43	146.437
1649.96	144.923
1651.50	143.475
1653.04	142.012
1654.57	140.546
1656.11	139.081
1657.64	137.699
1659.18	136.480
1660.71	135.305
1662.25	134.451
1663.78	134.053
1665.31	134.312
1666.85	135.120
1668.38	136.784
1669.91	138.712
1671.45	140.999
1672.98	143.256
1674.51	145.944
1676.04	148.327
1677.58	151.236
1679.11	153.516
1680.64	155.808
1682.17	157.912
1683.70	160.237
1685.23	162.126
1686.76	164.075
1688.29	165.763
1689.82	167.648
1691.35	168.984
1692.88	178.474
1694.41	174.711
1695.94	171.911
1697.46	172.437
1698.99	182.415
1700.52	175.593
1702.05	177.304
1703.57	177.149
1705.10	183.571
1706.63	178.454
