898.66	221.258
900.28	221.554
901.90	220.785
903.52	220.251
905.14	219.513
906.76	221.201
908.38	218.447
910.00	217.043
911.62	214.005
913.24	213.385
914.86	202.918
916.48	200.236
918.10	197.412
919.72	194.426
921.34	191.180
922.96	187.871
924.58	184.359
926.20	180.882
927.82	177.346
929.44	173.793
931.06	170.211
932.67	166.584
934.29	162.956
935.91	159.296
937.53	155.579
939.15	151.793
940.77	148.022
942.38	144.306
944.00	140.785
945.62	137.434
947.24	134.333
948.86	131.498
950.47	128.903
952.09	126.606
953.71	124.622
955.33	123.096
956.94	121.920
958.56	121.174
960.18	120.734
961.79	120.640
963.41	120.961
965.03	121.666
966.64	122.767
968.26	124.275
969.88	126.234
971.49	128.632
973.11	131.461
974.73	134.693
976.34	138.309
977.96	142.194
979.57	146.320
981.19	150.703
982.80	155.406
984.42	160.395
986.03	165.531
987.65	171.033
989.26	176.664
990.88	182.460
992.49	188.338
994.11	194.297
995.72	200.525
997.34	206.742
998.95	212.928
1000.57	219.245
1002.18	225.584
1003.79	231.738
1005.41	237.759
1007.02	243.761
1008.64	249.666
1010.25	255.437
1011.86	260.978
1013.48	266.575
1015.09	272.042
1016.70	277.182
1018.31	282.046
1019.93	286.728
1021.54	291.174
1023.15	295.309
1024.76	299.337
1026.38	303.145
1027.99	306.841
1029.60	310.222
1031.21	313.420
1032.82	316.453
1034.44	319.099
1036.05	321.556
1037.66	323.830
1039.27	325.844
1040.88	327.578
1042.49	329.071
1044.10	330.313
1045.71	331.418
1047.32	332.188
1048.93	332.706
1050.54	333.042
1052.15	333.204
1053.76	333.271
1055.37	332.935
1056.98	332.490
1058.59	331.964
1060.20	331.157
1061.81	330.289
1063.42	329.041
1065.03	327.557
1066.64	325.910
1068.25	324.036
1069.86	321.992
1071.47	319.839
1073.08	317.701
1074.68	315.487
1076.29	313.164
1077.90	310.582
1079.51	307.896
1081.12	305.165
1082.72	302.449
1084.33	299.731
1085.94	296.863
1087.55	293.732
1089.15	290.606
1090.76	287.501
1092.37	284.149
1093.97	280.896
1095.58	277.575
1097.19	274.345
1098.79	271.065
1100.40	267.814
1102.00	264.653
1103.61	261.472
1105.22	258.339
1106.82	255.112
1108.43	251.794
1110.03	248.594
1111.64	245.535
1113.24	242.633
1114.85	239.695
1116.45	236.717
1118.06	233.587
1119.66	230.606
1121.27	227.899
1122.87	225.253
1124.47	222.510
1126.08	219.895
1127.68	217.342
1129.28	214.793
1130.89	212.249
1132.49	209.854
1134.09	207.437
1135.70	205.114
1137.30	202.804
1138.90	200.531
1140.51	198.302
1142.11	196.251
1143.71	194.122
1145.31	192.088
1146.91	190.049
1148.52	188.068
1150.12	186.169
1151.72	184.389
1153.32	182.717
1154.92	181.020
1156.52	179.395
1158.12	178.020
1159.72	176.775
1161.33	175.668
1162.93	174.822
1164.53	174.301
1166.13	174.208
1167.73	174.672
1169.33	175.582
1170.93	176.947
1172.53	178.924
1174.12	181.295
1175.72	184.018
1177.32	187.070
1178.92	190.405
1180.52	193.772
1182.12	197.610
1183.72	201.651
1185.32	205.933
1186.91	210.304
1188.51	214.881
1190.11	219.487
1191.71	224.014
1193.30	228.389
1194.90	232.595
1196.50	236.712
1198.10	240.918
1199.69	244.994
1201.29	248.868
1202.89	252.583
1204.48	256.144
1206.08	259.280
1207.67	262.339
1209.27	265.442
1210.87	268.341
1212.46	271.112
1214.06	273.913
1215.65	276.302
1217.25	278.534
1218.84	280.830
1220.44	282.981
1222.03	284.936
1223.63	286.682
1225.22	288.260
1226.81	289.976
1228.41	291.628
1230.00	293.100
1231.59	294.305
1233.19	295.434
1234.78	296.460
1236.37	297.456
1237.97	298.464
1239.56	299.764
1241.15	300.789
1242.74	301.582
1244.34	302.186
1245.93	302.493
1247.52	302.671
1249.11	303.203
1250.70	303.523
1252.30	303.709
1253.89	303.750
1255.48	303.705
1257.07	303.558
1258.66	303.403
1260.25	303.001
1261.84	302.632
1263.43	302.316
1265.02	301.993
1266.61	301.611
1268.20	301.074
1269.79	300.494
1271.38	299.843
1272.97	298.931
1274.56	298.061
1276.14	297.122
1277.73	296.163
1279.32	295.428
1280.91	294.648
1282.50	293.438
1284.08	292.341
1285.67	291.030
1287.26	289.752
1288.85	288.503
1290.43	287.397
1292.02	286.241
1293.61	285.072
1295.19	283.803
1296.78	282.344
1298.37	280.705
1299.95	278.800
1301.54	276.970
1303.12	274.929
1304.71	272.901
1306.30	270.775
1307.88	268.689
1309.46	266.511
1311.05	264.394
1312.63	262.130
1314.22	259.706
1315.80	257.545
1317.39	255.199
1318.97	252.670
1320.55	250.021
1322.14	247.158
1323.72	244.069
1325.30	240.889
1326.89	237.530
1328.47	233.999
1330.05	230.357
1331.63	226.720
1333.22	223.139
1334.80	219.379
1336.38	215.557
1337.96	211.388
1339.54	207.056
1341.12	202.514
1342.70	197.852
1344.29	192.967
1345.87	187.869
1347.45	182.691
1349.03	177.060
1350.61	171.663
1352.19	166.688
1353.77	162.069
1355.34	157.999
1356.92	154.544
1358.50	151.620
1360.08	149.106
1361.66	146.910
1363.24	144.961
1364.82	143.178
1366.40	141.405
1367.97	139.681
1369.55	137.861
1371.13	136.058
1372.71	134.277
1374.28	132.439
1375.86	130.579
1377.44	128.728
1379.01	126.809
1380.59	124.991
1382.16	123.288
1383.74	121.530
1385.32	119.814
1386.89	118.108
1388.47	116.367
1390.04	114.587
1391.62	112.740
1393.19	110.872
1394.77	108.952
1396.34	107.137
1397.91	105.331
1399.49	103.695
1401.06	102.174
1402.63	100.818
1404.21	99.495
1405.78	98.333
1407.35	97.141
1408.93	96.021
1410.50	95.025
1412.07	94.129
1413.64	93.313
1415.21	92.583
1416.79	91.961
1418.36	91.431
1419.93	90.989
1421.50	90.671
1423.07	90.459
1424.64	90.329
1426.21	90.278
1427.78	90.330
1429.35	90.402
1430.92	90.506
1432.49	90.550
1434.06	90.597
1435.63	90.641
1437.20	90.764
1438.77	90.899
1440.33	90.995
1441.90	91.090
1443.47	91.122
1445.04	91.150
1446.60	91.173
1448.17	91.278
1449.74	91.425
1451.31	91.647
1452.87	91.897
1454.44	92.213
1456.01	92.587
1457.57	92.937
1459.14	93.295
1460.70	93.637
1462.27	94.148
1463.83	94.715
1465.40	95.416
1466.96	96.211
1468.53	97.103
1470.09	97.974
1471.66	98.840
1473.22	99.887
1474.78	100.998
1476.35	102.183
1477.91	103.496
1479.47	104.854
1481.04	106.182
1482.60	107.514
1484.16	108.764
1485.72	109.935
1487.28	111.118
1488.85	112.378
1490.41	113.744
1491.97	115.067
1493.53	116.525
1495.09	117.796
1496.65	119.072
1498.21	120.320
1499.77	121.344
1501.33	122.381
1502.89	123.411
1504.45	124.520
1506.01	125.708
1507.57	126.901
1509.13	128.098
1510.68	129.225
1512.24	130.250
1513.80	131.184
1515.36	132.104
1516.92	133.057
1518.47	134.096
1520.03	135.167
1521.59	136.267
1523.14	137.337
1524.70	138.481
1526.26	139.557
1527.81	140.732
1529.37	141.789
1530.92	142.855
1532.48	144.175
1534.03	145.473
1535.59	146.863
1537.14	148.218
1538.70	149.484
1540.25	150.629
1541.80	151.768
1543.36	152.828
1544.91	153.801
1546.46	154.761
1548.02	155.809
1549.57	156.890
1551.12	157.959
1552.67	158.937
1554.23	159.797
1555.78	160.624
1557.33	161.434
1558.88	162.145
1560.43	162.769
1561.98	163.581
1563.53	164.316
1565.08	164.855
1566.63	165.428
1568.18	165.978
1569.73	166.439
1571.28	166.771
1572.83	167.218
1574.38	167.693
1575.93	168.249
1577.48	169.062
1579.02	169.839
1580.57	170.455
1582.12	170.957
1583.67	171.459
1585.21	172.164
1586.76	172.727
1588.31	173.217
1589.85	173.600
1591.40	173.813
1592.94	173.985
1594.49	173.996
1596.04	174.068
1597.58	174.380
1599.13	174.557
1600.67	174.448
1602.21	174.483
1603.76	174.480
1605.30	174.345
1606.85	174.050
1608.39	173.745
1609.93	173.177
1611.48	172.610
1613.02	172.121
1614.56	171.639
1616.10	171.052
1617.64	170.133
1619.19	169.236
1620.73	168.317
1622.27	167.407
1623.81	166.738
1625.35	166.016
1626.89	165.316
1628.43	164.441
1629.97	163.208
1631.51	161.835
1633.05	160.620
1634.59	159.143
1636.13	157.644
1637.66	156.176
1639.20	154.859
1640.74	153.321
1642.28	151.917
1643.82	150.727
1645.35	149.247
1646.89	147.884
1648.43	146.487
1649.96	145.065
1651.50	143.659
1653.04	142.197
1654.57	140.700
1656.11	139.170
1657.64	137.714
1659.18	136.452
1660.71	135.278
1662.25	134.512
1663.78	134.227
1665.31	134.513
1666.85	135.444
1668.38	137.078
1669.91	138.933
1671.45	141.153
1672.98	143.389
1674.51	146.099
1676.04	148.361
1677.58	151.263
1679.11	153.465
1680.64	155.789
1682.17	157.815
1683.70	160.119
1685.23	161.941
1686.76	163.805
1688.29	165.540
1689.82	167.382
1691.35	168.746
1692.88	179.459
1694.41	173.449
1695.94	173.137
1697.46	172.189
1698.99	181.099
1700.52	174.920
1702.05	176.267
1703.57	177.414
1705.10	182.174
1706.63	179.791
