898.66	221.492
900.28	221.836
901.90	221.075
903.52	220.604
905.14	219.818
906.76	221.192
908.38	218.621
910.00	217.201
911.62	213.721
913.24	213.037
914.86	202.788
916.48	200.073
918.10	197.233
919.72	194.240
921.34	190.984
922.96	187.659
924.58	184.151
926.20	180.675
927.82	177.138
929.44	173.613
931.06	170.061
932.67	166.467
934.29	162.872
935.91	159.238
937.53	155.564
939.15	151.810
940.77	148.085
942.38	144.428
944.00	140.981
945.62	137.680
947.24	134.644
948.86	131.883
950.47	129.362
952.09	127.126
953.71	125.214
955.33	123.759
956.94	122.656
958.56	121.980
960.18	121.626
961.79	121.602
963.41	121.967
965.03	122.727
966.64	123.892
968.26	125.438
969.88	127.418
971.49	129.863
973.11	132.757
974.73	136.012
976.34	139.630
977.96	143.508
979.57	147.669
981.19	152.056
982.80	156.719
984.42	161.688
986.03	166.845
987.65	172.332
989.26	177.905
990.88	183.691
992.49	189.570
994.11	195.473
995.72	201.596
997.34	207.762
998.95	213.925
1000.57	220.172
1002.18	226.407
1003.79	232.486
1005.41	238.495
1007.02	244.476
1008.64	250.300
1010.25	255.988
1011.86	261.511
1013.48	267.072
1015.09	272.461
1016.70	277.503
1018.31	282.302
1019.93	286.912
1021.54	291.277
1023.15	295.329
1024.76	299.270
1026.38	303.038
1027.99	306.707
1029.60	310.067
1031.21	313.176
1032.82	316.124
1034.44	318.748
1036.05	321.162
1037.66	323.359
1039.27	325.260
1040.88	326.912
1042.49	328.368
1044.10	329.536
1045.71	330.525
1047.32	331.233
1048.93	331.772
1050.54	332.096
1052.15	332.192
1053.76	332.227
1055.37	331.938
1056.98	331.513
1058.59	330.923
1060.20	329.999
1061.81	329.091
1063.42	327.912
1065.03	326.476
1066.64	324.764
1068.25	322.796
1069.86	320.832
1071.47	318.794
1073.08	316.630
1074.68	314.314
1076.29	312.016
1077.90	309.564
1079.51	306.980
1081.12	304.225
1082.72	301.412
1084.33	298.726
1085.94	295.983
1087.55	292.880
1089.15	289.661
1090.76	286.528
1092.37	283.269
1093.97	280.153
1095.58	276.855
1097.19	273.537
1098.79	270.230
1100.40	267.082
1102.00	264.072
1103.61	260.921
1105.22	257.740
1106.82	254.545
1108.43	251.345
1110.03	248.209
1111.64	245.131
1113.24	242.166
1114.85	239.239
1116.45	236.373
1118.06	233.342
1119.66	230.344
1121.27	227.604
1122.87	225.004
1124.47	222.354
1126.08	219.789
1127.68	217.214
1129.28	214.670
1130.89	212.183
1132.49	209.862
1134.09	207.481
1135.70	205.135
1137.30	202.796
1138.90	200.553
1140.51	198.395
1142.11	196.384
1143.71	194.256
1145.31	192.232
1146.91	190.251
1148.52	188.326
1150.12	186.435
1151.72	184.596
1153.32	182.919
1154.92	181.282
1156.52	179.724
1158.12	178.332
1159.72	177.021
1161.33	175.872
1162.93	175.066
1164.53	174.594
1166.13	174.510
1167.73	174.949
1169.33	175.857
1170.93	177.262
1172.53	179.247
1174.12	181.575
1175.72	184.246
1177.32	187.268
1178.92	190.666
1180.52	194.066
1182.12	197.839
1183.72	201.791
1185.32	206.046
1186.91	210.465
1188.51	215.139
1190.11	219.814
1191.71	224.324
1193.30	228.612
1194.90	232.777
1196.50	236.939
1198.10	241.231
1199.69	245.292
1201.29	249.075
1202.89	252.702
1204.48	256.241
1206.08	259.478
1207.67	262.636
1209.27	265.757
1210.87	268.559
1212.46	271.157
1214.06	273.883
1215.65	276.330
1217.25	278.612
1218.84	280.894
1220.44	282.939
1222.03	284.737
1223.63	286.450
1225.22	288.007
1226.81	289.782
1228.41	291.451
1230.00	292.835
1231.59	293.896
1233.19	294.987
1234.78	296.067
1236.37	297.116
1237.97	298.138
1239.56	299.276
1241.15	300.149
1242.74	300.851
1244.34	301.478
1245.93	301.909
1247.52	302.162
1249.11	302.646
1250.70	302.880
1252.30	303.008
1253.89	303.051
1255.48	303.062
1257.07	302.936
1258.66	302.827
1260.25	302.382
1261.84	301.918
1263.43	301.581
1265.02	301.336
1266.61	301.038
1268.20	300.549
1269.79	299.938
1271.38	299.158
1272.97	298.231
1274.56	297.375
1276.14	296.465
1277.73	295.566
1279.32	294.838
1280.91	293.983
1282.50	292.684
1284.08	291.542
1285.67	290.201
1287.26	288.955
1288.85	287.786
1290.43	286.698
1292.02	285.472
1293.61	284.204
1295.19	282.889
1296.78	281.413
1298.37	279.742
1299.95	277.808
1301.54	275.920
1303.12	273.834
1304.71	271.806
1306.30	269.699
1307.88	267.605
1309.46	265.451
1311.05	263.362
1312.63	261.100
1314.22	258.690
1315.80	256.564
1317.39	254.258
1318.97	251.787
1320.55	249.151
1322.14	246.233
1323.72	243.087
1325.30	239.925
1326.89	236.670
1328.47	233.255
1330.05	229.670
1331.63	226.061
1333.22	222.433
1334.80	218.655
1336.38	214.879
1337.96	210.841
1339.54	206.596
1341.12	202.139
1342.70	197.472
1344.29	192.458
1345.87	187.272
1347.45	182.142
1349.03	176.665
1350.61	171.397
1352.19	166.464
1353.77	161.792
1355.34	157.668
1356.92	154.207
1358.50	151.343
1360.08	148.894
1361.66	146.754
1363.24	144.857
1364.82	143.044
1366.40	141.268
1367.97	139.528
1369.55	137.740
1371.13	135.989
1372.71	134.271
1374.28	132.490
1375.86	130.626
1377.44	128.759
1379.01	126.801
1380.59	124.983
1382.16	123.303
1383.74	121.620
1385.32	119.978
1386.89	118.310
1388.47	116.563
1390.04	114.739
1391.62	112.865
1393.19	110.977
1394.77	109.090
1396.34	107.316
1397.91	105.560
1399.49	103.928
1401.06	102.397
1402.63	101.007
1404.21	99.662
1405.78	98.489
1407.35	97.322
1408.93	96.239
1410.50	95.270
1412.07	94.377
1413.64	93.526
1415.21	92.744
1416.79	92.078
1418.36	91.531
1419.93	91.110
1421.50	90.833
1423.07	90.647
1424.64	90.516
1426.21	90.444
1427.78	90.456
1429.35	90.485
1430.92	90.601
1432.49	90.689
1434.06	90.805
1435.63	90.894
1437.20	91.013
1438.77	91.129
1440.33	91.152
1441.90	91.207
1443.47	91.217
1445.04	91.264
1446.60	91.362
1448.17	91.549
1449.74	91.743
1451.31	91.956
1452.87	92.167
1454.44	92.419
1456.01	92.766
1457.57	93.119
1459.14	93.530
1460.70	93.967
1462.27	94.570
1463.83	95.168
1465.40	95.847
1466.96	96.548
1468.53	97.334
1470.09	98.172
1471.66	99.073
1473.22	100.219
1474.78	101.450
1476.35	102.740
1477.91	104.101
1479.47	105.413
1481.04	106.638
1482.60	107.876
1484.16	109.087
1485.72	110.285
1487.28	111.566
1488.85	112.926
1490.41	114.377
1491.97	115.726
1493.53	117.135
1495.09	118.314
1496.65	119.489
1498.21	120.705
1499.77	121.763
1501.33	122.905
1502.89	124.041
1504.45	125.202
1506.01	126.401
1507.57	127.530
1509.13	128.602
1510.68	129.603
1512.24	130.569
1513.80	131.497
1515.36	132.474
1516.92	133.524
1518.47	134.658
1520.03	135.775
1521.59	136.848
1523.14	137.826
1524.70	138.874
1526.26	139.870
1527.81	141.006
1529.37	142.111
1530.92	143.239
1532.48	144.627
1534.03	145.982
1535.59	147.355
1537.14	148.637
1538.70	149.808
1540.25	150.866
1541.80	151.981
1543.36	153.066
1544.91	154.101
1546.46	155.163
1548.02	156.306
1549.57	157.424
1551.12	158.465
1552.67	159.354
1554.23	160.147
1555.78	160.935
1557.33	161.701
1558.88	162.403
1560.43	163.068
1561.98	163.912
1563.53	164.680
1565.08	165.229
1566.63	165.779
1568.18	166.326
1569.73	166.781
1571.28	167.123
1572.83	167.590
1574.38	168.091
1575.93	168.687
1577.48	169.515
1579.02	170.301
1580.57	170.897
1582.12	171.373
1583.67	171.863
1585.21	172.548
1586.76	173.061
1588.31	173.519
1589.85	173.921
1591.40	174.193
1592.94	174.403
1594.49	174.428
1596.04	174.480
1597.58	174.777
1599.13	174.914
1600.67	174.762
1602.21	174.811
1603.76	174.802
1605.30	174.675
1606.85	174.390
1608.39	174.075
1609.93	173.480
1611.48	172.846
1613.02	172.273
1614.56	171.723
1616.10	171.062
1617.64	170.141
1619.19	169.323
1620.73	168.516
1622.27	167.702
1623.81	167.062
1625.35	166.310
1626.89	165.543
1628.43	164.561
1629.97	163.214
1631.51	161.752
1633.05	160.476
1634.59	159.007
1636.13	157.571
1637.66	156.227
1639.20	155.014
1640.74	153.571
1642.28	152.179
1643.82	150.967
1645.35	149.391
1646.89	147.891
1648.43	146.394
1649.96	144.938
1651.50	143.558
1653.04	142.168
1654.57	140.753
1656.11	139.318
1657.64	137.961
1659.18	136.740
1660.71	135.575
1662.25	134.729
1663.78	134.354
1665.31	134.586
1666.85	135.417
1668.38	137.074
1669.91	138.924
1671.45	141.116
1672.98	143.260
1674.51	145.958
1676.04	148.275
1677.58	151.155
1679.11	153.347
1680.64	155.667
1682.17	157.714
1683.70	159.992
1685.23	161.902
1686.76	163.776
1688.29	165.576
1689.82	167.464
1691.35	168.800
1692.88	178.375
1694.41	172.963
1695.94	173.039
1697.46	172.537
1698.99	180.573
1700.52	177.096
1702.05	175.956
1703.57	178.842
1705.10	183.068
1706.63	178.935
