898.66	221.462
900.28	221.500
901.90	220.961
903.52	220.577
905.14	219.618
906.76	221.422
908.38	218.347
910.00	217.065
911.62	214.013
913.24	213.405
914.86	203.017
916.48	200.326
918.10	197.507
919.72	194.521
921.34	191.263
922.96	187.958
924.58	184.439
926.20	180.965
927.82	177.432
929.44	173.888
931.06	170.309
932.67	166.683
934.29	163.051
935.91	159.382
937.53	155.665
939.15	151.867
940.77	148.098
942.38	144.390
944.00	140.879
945.62	137.518
947.24	134.415
948.86	131.581
950.47	128.994
952.09	126.694
953.71	124.710
955.33	123.190
956.94	122.017
958.56	121.273
960.18	120.829
961.79	120.741
963.41	121.066
965.03	121.770
966.64	122.874
968.26	124.389
969.88	126.345
971.49	128.735
973.11	131.568
974.73	134.795
976.34	138.407
977.96	142.275
979.57	146.411
981.19	150.803
982.80	155.495
984.42	160.467
986.03	165.608
987.65	171.117
989.26	176.733
990.88	182.516
992.49	188.408
994.11	194.381
995.72	200.591
997.34	206.784
998.95	212.972
1000.57	219.301
1002.18	225.619
1003.79	231.758
1005.41	237.786
1007.02	243.797
1008.64	249.701
1010.25	255.461
1011.86	261.009
1013.48	266.618
1015.09	272.086
1016.70	277.212
1018.31	282.078
1019.93	286.761
1021.54	291.203
1023.15	295.324
1024.76	299.327
1026.38	303.109
1027.99	306.808
1029.60	310.196
1031.21	313.379
1032.82	316.384
1034.44	318.999
1036.05	321.451
1037.66	323.717
1039.27	325.698
1040.88	327.422
1042.49	328.926
1044.10	330.168
1045.71	331.255
1047.32	332.010
1048.93	332.539
1050.54	332.888
1052.15	333.044
1053.76	333.092
1055.37	332.762
1056.98	332.347
1058.59	331.846
1060.20	331.023
1061.81	330.131
1063.42	328.886
1065.03	327.427
1066.64	325.779
1068.25	323.892
1069.86	321.867
1071.47	319.743
1073.08	317.638
1074.68	315.405
1076.29	313.049
1077.90	310.471
1079.51	307.804
1081.12	305.073
1082.72	302.325
1084.33	299.588
1085.94	296.734
1087.55	293.621
1089.15	290.468
1090.76	287.330
1092.37	283.963
1093.97	280.739
1095.58	277.438
1097.19	274.201
1098.79	270.902
1100.40	267.652
1102.00	264.520
1103.61	261.350
1105.22	258.207
1106.82	254.960
1108.43	251.647
1110.03	248.476
1111.64	245.434
1113.24	242.533
1114.85	239.587
1116.45	236.621
1118.06	233.527
1119.66	230.559
1121.27	227.848
1122.87	225.206
1124.47	222.480
1126.08	219.884
1127.68	217.329
1129.28	214.768
1130.89	212.223
1132.49	209.849
1134.09	207.457
1135.70	205.144
1137.30	202.829
1138.90	200.552
1140.51	198.327
1142.11	196.292
1143.71	194.159
1145.31	192.115
1146.91	190.064
1148.52	188.084
1150.12	186.189
1151.72	184.400
1153.32	182.712
1154.92	181.010
1156.52	179.403
1158.12	178.044
1159.72	176.807
1161.33	175.690
1162.93	174.852
1164.53	174.345
1166.13	174.256
1167.73	174.711
1169.33	175.600
1170.93	176.963
1172.53	178.962
1174.12	181.349
1175.72	184.067
1177.32	187.101
1178.92	190.434
1180.52	193.835
1182.12	197.689
1183.72	201.728
1185.32	205.991
1186.91	210.363
1188.51	214.944
1190.11	219.570
1191.71	224.093
1193.30	228.442
1194.90	232.614
1196.50	236.730
1198.10	240.963
1199.69	245.073
1201.29	248.949
1202.89	252.648
1204.48	256.194
1206.08	259.320
1207.67	262.387
1209.27	265.496
1210.87	268.381
1212.46	271.115
1214.06	273.882
1215.65	276.278
1217.25	278.540
1218.84	280.837
1220.44	282.966
1222.03	284.889
1223.63	286.620
1225.22	288.196
1226.81	289.928
1228.41	291.608
1230.00	293.076
1231.59	294.247
1233.19	295.337
1234.78	296.351
1236.37	297.360
1237.97	298.391
1239.56	299.700
1241.15	300.701
1242.74	301.445
1244.34	302.039
1245.93	302.378
1247.52	302.587
1249.11	303.131
1250.70	303.437
1252.30	303.616
1253.89	303.658
1255.48	303.626
1257.07	303.515
1258.66	303.386
1260.25	302.983
1261.84	302.593
1263.43	302.256
1265.02	301.942
1266.61	301.582
1268.20	301.074
1269.79	300.493
1271.38	299.837
1272.97	298.904
1274.56	298.025
1276.14	297.108
1277.73	296.173
1279.32	295.447
1280.91	294.670
1282.50	293.440
1284.08	292.322
1285.67	291.000
1287.26	289.716
1288.85	288.479
1290.43	287.363
1292.02	286.188
1293.61	285.011
1295.19	283.736
1296.78	282.276
1298.37	280.643
1299.95	278.750
1301.54	276.929
1303.12	274.899
1304.71	272.852
1306.30	270.734
1307.88	268.661
1309.46	266.490
1311.05	264.388
1312.63	262.131
1314.22	259.700
1315.80	257.534
1317.39	255.188
1318.97	252.668
1320.55	250.042
1322.14	247.193
1323.72	244.094
1325.30	240.918
1326.89	237.571
1328.47	234.066
1330.05	230.447
1331.63	226.813
1333.22	223.210
1334.80	219.422
1336.38	215.587
1337.96	211.433
1339.54	207.115
1341.12	202.599
1342.70	197.961
1344.29	193.059
1345.87	187.925
1347.45	182.735
1349.03	177.131
1350.61	171.785
1352.19	166.835
1353.77	162.209
1355.34	158.111
1356.92	154.637
1358.50	151.720
1360.08	149.203
1361.66	147.009
1363.24	145.067
1364.82	143.273
1366.40	141.507
1367.97	139.757
1369.55	137.929
1371.13	136.113
1372.71	134.346
1374.28	132.521
1375.86	130.664
1377.44	128.810
1379.01	126.879
1380.59	125.052
1382.16	123.345
1383.74	121.581
1385.32	119.877
1386.89	118.183
1388.47	116.430
1390.04	114.635
1391.62	112.761
1393.19	110.897
1394.77	108.972
1396.34	107.188
1397.91	105.393
1399.49	103.767
1401.06	102.264
1402.63	100.901
1404.21	99.585
1405.78	98.395
1407.35	97.208
1408.93	96.077
1410.50	95.089
1412.07	94.192
1413.64	93.373
1415.21	92.617
1416.79	91.981
1418.36	91.438
1419.93	91.011
1421.50	90.705
1423.07	90.503
1424.64	90.383
1426.21	90.335
1427.78	90.377
1429.35	90.433
1430.92	90.541
1432.49	90.585
1434.06	90.645
1435.63	90.693
1437.20	90.813
1438.77	90.960
1440.33	91.035
1441.90	91.128
1443.47	91.131
1445.04	91.158
1446.60	91.185
1448.17	91.307
1449.74	91.471
1451.31	91.702
1452.87	91.945
1454.44	92.245
1456.01	92.608
1457.57	92.945
1459.14	93.297
1460.70	93.663
1462.27	94.195
1463.83	94.780
1465.40	95.477
1466.96	96.253
1468.53	97.116
1470.09	97.968
1471.66	98.825
1473.22	99.883
1474.78	101.016
1476.35	102.231
1477.91	103.565
1479.47	104.927
1481.04	106.237
1482.60	107.538
1484.16	108.773
1485.72	109.934
1487.28	111.128
1488.85	112.401
1490.41	113.795
1491.97	115.142
1493.53	116.606
1495.09	117.862
1496.65	119.107
1498.21	120.343
1499.77	121.365
1501.33	122.416
1502.89	123.469
1504.45	124.597
1506.01	125.806
1507.57	126.993
1509.13	128.167
1510.68	129.252
1512.24	130.250
1513.80	131.171
1515.36	132.096
1516.92	133.066
1518.47	134.119
1520.03	135.207
1521.59	136.317
1523.14	137.375
1524.70	138.488
1526.26	139.534
1527.81	140.689
1529.37	141.754
1530.92	142.819
1532.48	144.146
1534.03	145.466
1535.59	146.867
1537.14	148.220
1538.70	149.465
1540.25	150.598
1541.80	151.732
1543.36	152.799
1544.91	153.781
1546.46	154.751
1548.02	155.822
1549.57	156.917
1551.12	158.007
1552.67	158.983
1554.23	159.834
1555.78	160.642
1557.33	161.443
1558.88	162.149
1560.43	162.780
1561.98	163.592
1563.53	164.345
1565.08	164.901
1566.63	165.478
1568.18	166.022
1569.73	166.465
1571.28	166.775
1572.83	167.210
1574.38	167.676
1575.93	168.225
1577.48	169.034
1579.02	169.839
1580.57	170.469
1582.12	170.974
1583.67	171.471
1585.21	172.181
1586.76	172.742
1588.31	173.240
1589.85	173.619
1591.40	173.837
1592.94	174.016
1594.49	174.030
1596.04	174.112
1597.58	174.412
1599.13	174.585
1600.67	174.474
1602.21	174.524
1603.76	174.537
1605.30	174.416
1606.85	174.139
1608.39	173.871
1609.93	173.324
1611.48	172.740
1613.02	172.218
1614.56	171.708
1616.10	171.097
1617.64	170.147
1619.19	169.241
1620.73	168.324
1622.27	167.441
1623.81	166.789
1625.35	166.057
1626.89	165.351
1628.43	164.440
1629.97	163.187
1631.51	161.785
1633.05	160.531
1634.59	159.047
1636.13	157.541
1637.66	156.086
1639.20	154.784
1640.74	153.253
1642.28	151.851
1643.82	150.660
1645.35	149.160
1646.89	147.782
1648.43	146.337
1649.96	144.873
1651.50	143.451
1653.04	141.975
1654.57	140.483
1656.11	138.961
1657.64	137.586
1659.18	136.370
1660.71	135.230
1662.25	134.466
1663.78	134.142
1665.31	134.445
1666.85	135.299
1668.38	137.007
1669.91	138.873
1671.45	141.117
1672.98	143.345
1674.51	146.038
1676.04	148.373
1677.58	151.288
1679.11	153.459
1680.64	155.789
1682.17	157.824
1683.70	160.056
1685.23	162.021
1686.76	163.878
1688.29	165.674
1689.82	167.498
1691.35	168.778
1692.88	179.754
1694.41	172.866
1695.94	173.039
1697.46	171.393
1698.99	179.573
1700.52	176.992
1702.05	175.387
1703.57	178.207
1705.10	183.180
1706.63	178.240
