898.66	221.740
900.28	221.957
901.90	221.664
903.52	221.241
905.14	220.454
906.76	222.002
908.38	219.452
910.00	217.949
911.62	214.868
913.24	214.410
914.86	203.832
916.48	201.123
918.10	198.297
919.72	195.302
921.34	192.050
922.96	188.728
924.58	185.203
926.20	181.708
927.82	178.149
929.44	174.579
931.06	170.965
932.67	167.294
934.29	163.627
935.91	159.933
937.53	156.170
939.15	152.331
940.77	148.522
942.38	144.761
944.00	141.174
945.62	137.760
947.24	134.608
948.86	131.719
950.47	129.093
952.09	126.753
953.71	124.734
955.33	123.155
956.94	121.925
958.56	121.144
960.18	120.672
961.79	120.548
963.41	120.835
965.03	121.527
966.64	122.629
968.26	124.120
969.88	126.052
971.49	128.450
973.11	131.283
974.73	134.506
976.34	138.128
977.96	142.069
979.57	146.244
981.19	150.626
982.80	155.342
984.42	160.388
986.03	165.580
987.65	171.090
989.26	176.733
990.88	182.613
992.49	188.550
994.11	194.525
995.72	200.776
997.34	207.080
998.95	213.325
1000.57	219.647
1002.18	226.026
1003.79	232.267
1005.41	238.368
1007.02	244.404
1008.64	250.347
1010.25	256.180
1011.86	261.774
1013.48	267.363
1015.09	272.876
1016.70	278.113
1018.31	283.058
1019.93	287.794
1021.54	292.267
1023.15	296.463
1024.76	300.556
1026.38	304.424
1027.99	308.176
1029.60	311.590
1031.21	314.811
1032.82	317.937
1034.44	320.680
1036.05	323.184
1037.66	325.503
1039.27	327.583
1040.88	329.390
1042.49	330.912
1044.10	332.139
1045.71	333.291
1047.32	334.191
1048.93	334.750
1050.54	335.038
1052.15	335.159
1053.76	335.269
1055.37	335.037
1056.98	334.603
1058.59	333.997
1060.20	333.178
1061.81	332.396
1063.42	331.207
1065.03	329.650
1066.64	327.924
1068.25	326.097
1069.86	324.106
1071.47	321.907
1073.08	319.677
1074.68	317.461
1076.29	315.226
1077.90	312.706
1079.51	309.912
1081.12	307.040
1082.72	304.317
1084.33	301.654
1085.94	298.776
1087.55	295.523
1089.15	292.284
1090.76	289.182
1092.37	285.890
1093.97	282.617
1095.58	279.157
1097.19	275.832
1098.79	272.616
1100.40	269.404
1102.00	266.172
1103.61	262.864
1105.22	259.652
1106.82	256.433
1108.43	253.101
1110.03	249.807
1111.64	246.656
1113.24	243.745
1114.85	240.860
1116.45	237.877
1118.06	234.682
1119.66	231.645
1121.27	228.935
1122.87	226.307
1124.47	223.548
1126.08	220.861
1127.68	218.248
1129.28	215.700
1130.89	213.184
1132.49	210.747
1134.09	208.249
1135.70	205.856
1137.30	203.568
1138.90	201.341
1140.51	199.088
1142.11	196.965
1143.71	194.787
1145.31	192.723
1146.91	190.682
1148.52	188.651
1150.12	186.698
1151.72	184.891
1153.32	183.236
1154.92	181.564
1156.52	179.930
1158.12	178.502
1159.72	177.234
1161.33	176.130
1162.93	175.299
1164.53	174.756
1166.13	174.629
1167.73	175.093
1169.33	176.041
1170.93	177.434
1172.53	179.402
1174.12	181.764
1175.72	184.517
1177.32	187.651
1178.92	191.070
1180.52	194.430
1182.12	198.214
1183.72	202.270
1185.32	206.619
1186.91	211.072
1188.51	215.664
1190.11	220.219
1191.71	224.686
1193.30	229.097
1194.90	233.419
1196.50	237.653
1198.10	241.890
1199.69	245.893
1201.29	249.728
1202.89	253.485
1204.48	257.148
1206.08	260.364
1207.67	263.436
1209.27	266.488
1210.87	269.367
1212.46	272.246
1214.06	275.202
1215.65	277.708
1217.25	279.949
1218.84	282.206
1220.44	284.339
1222.03	286.376
1223.63	288.256
1225.22	289.940
1226.81	291.688
1228.41	293.296
1230.00	294.710
1231.59	295.979
1233.19	297.232
1234.78	298.346
1236.37	299.358
1237.97	300.291
1239.56	301.499
1241.15	302.486
1242.74	303.372
1244.34	304.079
1245.93	304.363
1247.52	304.430
1249.11	304.887
1250.70	305.201
1252.30	305.430
1253.89	305.530
1255.48	305.483
1257.07	305.301
1258.66	305.098
1260.25	304.654
1261.84	304.274
1263.43	304.007
1265.02	303.697
1266.61	303.280
1268.20	302.664
1269.79	302.017
1271.38	301.393
1272.97	300.584
1274.56	299.839
1276.14	298.948
1277.73	297.963
1279.32	297.182
1280.91	296.401
1282.50	295.217
1284.08	294.202
1285.67	292.968
1287.26	291.720
1288.85	290.452
1290.43	289.256
1292.02	288.038
1293.61	286.863
1295.19	285.656
1296.78	284.258
1298.37	282.615
1299.95	280.693
1301.54	278.829
1303.12	276.777
1304.71	274.764
1306.30	272.666
1307.88	270.579
1309.46	268.356
1311.05	266.205
1312.63	263.894
1314.22	261.442
1315.80	259.251
1317.39	256.828
1318.97	254.232
1320.55	251.520
1322.14	248.633
1323.72	245.595
1325.30	242.456
1326.89	239.100
1328.47	235.500
1330.05	231.736
1331.63	228.025
1333.22	224.416
1334.80	220.737
1336.38	216.950
1337.96	212.728
1339.54	208.263
1341.12	203.564
1342.70	198.788
1344.29	193.821
1345.87	188.754
1347.45	183.617
1349.03	178.004
1350.61	172.541
1352.19	167.421
1353.77	162.698
1355.34	158.591
1356.92	155.134
1358.50	152.241
1360.08	149.709
1361.66	147.473
1363.24	145.475
1364.82	143.635
1366.40	141.871
1367.97	140.122
1369.55	138.336
1371.13	136.546
1372.71	134.761
1374.28	132.870
1375.86	130.965
1377.44	129.079
1379.01	127.177
1380.59	125.370
1382.16	123.653
1383.74	121.876
1385.32	120.120
1386.89	118.343
1388.47	116.555
1390.04	114.731
1391.62	112.894
1393.19	111.047
1394.77	109.143
1396.34	107.314
1397.91	105.481
1399.49	103.801
1401.06	102.258
1402.63	100.904
1404.21	99.607
1405.78	98.440
1407.35	97.272
1408.93	96.111
1410.50	95.099
1412.07	94.161
1413.64	93.338
1415.21	92.622
1416.79	92.035
1418.36	91.558
1419.93	91.144
1421.50	90.804
1423.07	90.564
1424.64	90.391
1426.21	90.326
1427.78	90.381
1429.35	90.486
1430.92	90.625
1432.49	90.672
1434.06	90.707
1435.63	90.692
1437.20	90.747
1438.77	90.857
1440.33	90.942
1441.90	91.086
1443.47	91.174
1445.04	91.248
1446.60	91.289
1448.17	91.362
1449.74	91.459
1451.31	91.610
1452.87	91.828
1454.44	92.155
1456.01	92.564
1457.57	92.966
1459.14	93.371
1460.70	93.717
1462.27	94.180
1463.83	94.680
1465.40	95.322
1466.96	96.103
1468.53	97.049
1470.09	98.014
1471.66	98.964
1473.22	100.045
1474.78	101.139
1476.35	102.228
1477.91	103.445
1479.47	104.738
1481.04	106.068
1482.60	107.444
1484.16	108.779
1485.72	110.028
1487.28	111.247
1488.85	112.497
1490.41	113.806
1491.97	115.030
1493.53	116.430
1495.09	117.715
1496.65	119.065
1498.21	120.394
1499.77	121.488
1501.33	122.549
1502.89	123.545
1504.45	124.569
1506.01	125.684
1507.57	126.835
1509.13	128.053
1510.68	129.245
1512.24	130.363
1513.80	131.401
1515.36	132.381
1516.92	133.347
1518.47	134.346
1520.03	135.355
1521.59	136.398
1523.14	137.453
1524.70	138.636
1526.26	139.778
1527.81	141.027
1529.37	142.104
1530.92	143.172
1532.48	144.465
1534.03	145.713
1535.59	147.046
1537.14	148.373
1538.70	149.629
1540.25	150.811
1541.80	152.008
1543.36	153.117
1544.91	154.114
1546.46	155.067
1548.02	156.092
1549.57	157.106
1551.12	158.125
1552.67	159.072
1554.23	159.930
1555.78	160.780
1557.33	161.646
1558.88	162.397
1560.43	163.024
1561.98	163.845
1563.53	164.591
1565.08	165.117
1566.63	165.661
1568.18	166.195
1569.73	166.672
1571.28	167.032
1572.83	167.489
1574.38	167.978
1575.93	168.536
1577.48	169.344
1579.02	170.060
1580.57	170.603
1582.12	171.067
1583.67	171.541
1585.21	172.239
1586.76	172.825
1588.31	173.340
1589.85	173.731
1591.40	173.931
1592.94	174.088
1594.49	174.081
1596.04	174.124
1597.58	174.418
1599.13	174.628
1600.67	174.561
1602.21	174.622
1603.76	174.644
1605.30	174.516
1606.85	174.206
1608.39	173.878
1609.93	173.258
1611.48	172.685
1613.02	172.238
1614.56	171.821
1616.10	171.312
1617.64	170.479
1619.19	169.613
1620.73	168.686
1622.27	167.711
1623.81	166.972
1625.35	166.153
1626.89	165.370
1628.43	164.451
1629.97	163.224
1631.51	161.869
1633.05	160.705
1634.59	159.281
1636.13	157.807
1637.66	156.317
1639.20	154.928
1640.74	153.286
1642.28	151.779
1643.82	150.491
1645.35	148.946
1646.89	147.577
1648.43	146.237
1649.96	144.870
1651.50	143.550
1653.04	142.146
1654.57	140.661
1656.11	139.084
1657.64	137.617
1659.18	136.305
1660.71	135.099
1662.25	134.309
1663.78	134.074
1665.31	134.395
1666.85	135.393
1668.38	137.066
1669.91	139.009
1671.45	141.204
1672.98	143.479
1674.51	146.254
1676.04	148.604
1677.58	151.518
1679.11	153.768
1680.64	156.058
1682.17	158.229
1683.70	160.562
1685.23	162.432
1686.76	164.302
1688.29	166.141
1689.82	167.906
1691.35	169.291
1692.88	180.296
1694.41	173.692
1695.94	172.843
1697.46	174.029
1698.99	180.994
1700.52	176.215
1702.05	176.164
1703.57	179.107
1705.10	181.783
1706.63	180.272
