898.66	221.487
900.28	221.797
901.90	221.203
903.52	220.618
905.14	220.154
906.76	221.129
908.38	218.673
910.00	216.950
911.62	213.750
913.24	212.949
914.86	202.806
916.48	200.097
918.10	197.262
919.72	194.272
921.34	191.012
922.96	187.682
924.58	184.179
926.20	180.708
927.82	177.179
929.44	173.652
931.06	170.113
932.67	166.517
934.29	162.920
935.91	159.282
937.53	155.608
939.15	151.854
940.77	148.137
942.38	144.485
944.00	141.036
945.62	137.739
947.24	134.688
948.86	131.921
950.47	129.387
952.09	127.145
953.71	125.228
955.33	123.782
956.94	122.680
958.56	121.997
960.18	121.627
961.79	121.598
963.41	121.968
965.03	122.717
966.64	123.875
968.26	125.418
969.88	127.403
971.49	129.833
973.11	132.718
974.73	135.960
976.34	139.571
977.96	143.453
979.57	147.618
981.19	152.009
982.80	156.663
984.42	161.634
986.03	166.793
987.65	172.273
989.26	177.848
990.88	183.631
992.49	189.525
994.11	195.447
995.72	201.577
997.34	207.736
998.95	213.911
1000.57	220.171
1002.18	226.418
1003.79	232.501
1005.41	238.525
1007.02	244.515
1008.64	250.347
1010.25	256.040
1011.86	261.576
1013.48	267.155
1015.09	272.543
1016.70	277.600
1018.31	282.397
1019.93	287.008
1021.54	291.379
1023.15	295.414
1024.76	299.340
1026.38	303.085
1027.99	306.727
1029.60	310.072
1031.21	313.190
1032.82	316.124
1034.44	318.720
1036.05	321.106
1037.66	323.289
1039.27	325.186
1040.88	326.831
1042.49	328.283
1044.10	329.443
1045.71	330.422
1047.32	331.107
1048.93	331.636
1050.54	331.946
1052.15	332.053
1053.76	332.085
1055.37	331.809
1056.98	331.400
1058.59	330.829
1060.20	329.922
1061.81	329.032
1063.42	327.867
1065.03	326.433
1066.64	324.716
1068.25	322.756
1069.86	320.801
1071.47	318.764
1073.08	316.600
1074.68	314.279
1076.29	311.963
1077.90	309.505
1079.51	306.913
1081.12	304.167
1082.72	301.363
1084.33	298.687
1085.94	295.938
1087.55	292.840
1089.15	289.611
1090.76	286.470
1092.37	283.202
1093.97	280.079
1095.58	276.780
1097.19	273.471
1098.79	270.151
1100.40	267.006
1102.00	263.997
1103.61	260.858
1105.22	257.690
1106.82	254.498
1108.43	251.303
1110.03	248.181
1111.64	245.123
1113.24	242.174
1114.85	239.246
1116.45	236.380
1118.06	233.350
1119.66	230.361
1121.27	227.631
1122.87	225.027
1124.47	222.384
1126.08	219.819
1127.68	217.239
1129.28	214.692
1130.89	212.187
1132.49	209.878
1134.09	207.502
1135.70	205.175
1137.30	202.833
1138.90	200.581
1140.51	198.413
1142.11	196.401
1143.71	194.274
1145.31	192.239
1146.91	190.246
1148.52	188.319
1150.12	186.430
1151.72	184.599
1153.32	182.908
1154.92	181.262
1156.52	179.703
1158.12	178.306
1159.72	177.006
1161.33	175.876
1162.93	175.074
1164.53	174.619
1166.13	174.528
1167.73	174.960
1169.33	175.841
1170.93	177.227
1172.53	179.219
1174.12	181.553
1175.72	184.233
1177.32	187.244
1178.92	190.642
1180.52	194.046
1182.12	197.834
1183.72	201.803
1185.32	206.070
1186.91	210.499
1188.51	215.161
1190.11	219.821
1191.71	224.330
1193.30	228.603
1194.90	232.740
1196.50	236.880
1198.10	241.149
1199.69	245.213
1201.29	249.007
1202.89	252.630
1204.48	256.166
1206.08	259.385
1207.67	262.528
1209.27	265.647
1210.87	268.462
1212.46	271.064
1214.06	273.789
1215.65	276.216
1217.25	278.492
1218.84	280.736
1220.44	282.752
1222.03	284.538
1223.63	286.257
1225.22	287.818
1226.81	289.593
1228.41	291.267
1230.00	292.673
1231.59	293.759
1233.19	294.851
1234.78	295.942
1236.37	297.011
1237.97	298.060
1239.56	299.234
1241.15	300.139
1242.74	300.843
1244.34	301.480
1245.93	301.933
1247.52	302.201
1249.11	302.726
1250.70	302.995
1252.30	303.146
1253.89	303.216
1255.48	303.233
1257.07	303.113
1258.66	303.007
1260.25	302.553
1261.84	302.086
1263.43	301.745
1265.02	301.503
1266.61	301.203
1268.20	300.699
1269.79	300.067
1271.38	299.279
1272.97	298.327
1274.56	297.448
1276.14	296.543
1277.73	295.644
1279.32	294.904
1280.91	294.068
1282.50	292.754
1284.08	291.594
1285.67	290.268
1287.26	289.017
1288.85	287.855
1290.43	286.765
1292.02	285.535
1293.61	284.309
1295.19	283.025
1296.78	281.559
1298.37	279.891
1299.95	277.959
1301.54	276.084
1303.12	274.029
1304.71	272.005
1306.30	269.914
1307.88	267.830
1309.46	265.672
1311.05	263.567
1312.63	261.292
1314.22	258.857
1315.80	256.729
1317.39	254.410
1318.97	251.923
1320.55	249.286
1322.14	246.372
1323.72	243.229
1325.30	240.075
1326.89	236.793
1328.47	233.360
1330.05	229.762
1331.63	226.132
1333.22	222.506
1334.80	218.716
1336.38	214.920
1337.96	210.866
1339.54	206.605
1341.12	202.152
1342.70	197.490
1344.29	192.500
1345.87	187.322
1347.45	182.182
1349.03	176.679
1350.61	171.408
1352.19	166.477
1353.77	161.816
1355.34	157.690
1356.92	154.229
1358.50	151.365
1360.08	148.915
1361.66	146.767
1363.24	144.862
1364.82	143.058
1366.40	141.286
1367.97	139.555
1369.55	137.760
1371.13	135.997
1372.71	134.290
1374.28	132.492
1375.86	130.640
1377.44	128.758
1379.01	126.804
1380.59	124.995
1382.16	123.326
1383.74	121.650
1385.32	120.010
1386.89	118.339
1388.47	116.584
1390.04	114.763
1391.62	112.887
1393.19	110.998
1394.77	109.117
1396.34	107.344
1397.91	105.568
1399.49	103.932
1401.06	102.398
1402.63	101.022
1404.21	99.688
1405.78	98.508
1407.35	97.344
1408.93	96.246
1410.50	95.271
1412.07	94.379
1413.64	93.519
1415.21	92.743
1416.79	92.067
1418.36	91.526
1419.93	91.101
1421.50	90.828
1423.07	90.643
1424.64	90.507
1426.21	90.442
1427.78	90.455
1429.35	90.502
1430.92	90.632
1432.49	90.724
1434.06	90.839
1435.63	90.905
1437.20	91.019
1438.77	91.121
1440.33	91.151
1441.90	91.194
1443.47	91.197
1445.04	91.245
1446.60	91.332
1448.17	91.517
1449.74	91.710
1451.31	91.927
1452.87	92.138
1454.44	92.403
1456.01	92.755
1457.57	93.113
1459.14	93.515
1460.70	93.952
1462.27	94.547
1463.83	95.145
1465.40	95.821
1466.96	96.524
1468.53	97.311
1470.09	98.145
1471.66	99.051
1473.22	100.191
1474.78	101.428
1476.35	102.728
1477.91	104.086
1479.47	105.409
1481.04	106.632
1482.60	107.870
1484.16	109.081
1485.72	110.273
1487.28	111.547
1488.85	112.902
1490.41	114.351
1491.97	115.710
1493.53	117.129
1495.09	118.308
1496.65	119.485
1498.21	120.696
1499.77	121.751
1501.33	122.887
1502.89	124.025
1504.45	125.187
1506.01	126.389
1507.57	127.523
1509.13	128.595
1510.68	129.601
1512.24	130.561
1513.80	131.486
1515.36	132.462
1516.92	133.508
1518.47	134.635
1520.03	135.745
1521.59	136.823
1523.14	137.802
1524.70	138.851
1526.26	139.844
1527.81	140.985
1529.37	142.096
1530.92	143.232
1532.48	144.616
1534.03	145.976
1535.59	147.352
1537.14	148.632
1538.70	149.799
1540.25	150.858
1541.80	151.969
1543.36	153.056
1544.91	154.090
1546.46	155.145
1548.02	156.291
1549.57	157.422
1551.12	158.486
1552.67	159.397
1554.23	160.181
1555.78	160.961
1557.33	161.725
1558.88	162.424
1560.43	163.082
1561.98	163.904
1563.53	164.658
1565.08	165.208
1566.63	165.762
1568.18	166.305
1569.73	166.756
1571.28	167.093
1572.83	167.557
1574.38	168.055
1575.93	168.629
1577.48	169.453
1579.02	170.246
1580.57	170.854
1582.12	171.320
1583.67	171.800
1585.21	172.478
1586.76	173.011
1588.31	173.484
1589.85	173.885
1591.40	174.158
1592.94	174.366
1594.49	174.409
1596.04	174.472
1597.58	174.777
1599.13	174.919
1600.67	174.787
1602.21	174.861
1603.76	174.871
1605.30	174.755
1606.85	174.485
1608.39	174.213
1609.93	173.639
1611.48	173.019
1613.02	172.434
1614.56	171.882
1616.10	171.234
1617.64	170.318
1619.19	169.492
1620.73	168.675
1622.27	167.870
1623.81	167.225
1625.35	166.491
1626.89	165.723
1628.43	164.743
1629.97	163.415
1631.51	161.946
1633.05	160.648
1634.59	159.142
1636.13	157.692
1637.66	156.322
1639.20	155.089
1640.74	153.594
1642.28	152.195
1643.82	150.957
1645.35	149.383
1646.89	147.879
1648.43	146.367
1649.96	144.882
1651.50	143.472
1653.04	142.071
1654.57	140.624
1656.11	139.176
1657.64	137.827
1659.18	136.598
1660.71	135.461
1662.25	134.573
1663.78	134.203
1665.31	134.444
1666.85	135.322
1668.38	137.026
1669.91	138.951
1671.45	141.153
1672.98	143.436
1674.51	146.133
1676.04	148.488
1677.58	151.381
1679.11	153.659
1680.64	155.953
1682.17	157.997
1683.70	160.283
1685.23	162.200
1686.76	164.116
1688.29	165.879
1689.82	167.652
1691.35	169.074
1692.88	178.720
1694.41	174.760
1695.94	172.990
1697.46	172.487
1698.99	180.310
1700.52	176.681
1702.05	177.148
1703.57	177.520
1705.10	182.286
1706.63	180.112
