898.66	221.382
900.28	221.797
901.90	221.702
903.52	221.121
905.14	220.486
906.76	221.813
908.38	218.865
910.00	217.324
911.62	214.465
913.24	214.049
914.86	203.505
916.48	200.821
918.10	197.999
919.72	194.994
921.34	191.734
922.96	188.408
924.58	184.883
926.20	181.397
927.82	177.867
929.44	174.310
931.06	170.713
932.67	167.053
934.29	163.396
935.91	159.717
937.53	155.975
939.15	152.162
940.77	148.385
942.38	144.654
944.00	141.105
945.62	137.724
947.24	134.597
948.86	131.736
950.47	129.126
952.09	126.808
953.71	124.808
955.33	123.262
956.94	122.068
958.56	121.310
960.18	120.856
961.79	120.755
963.41	121.074
965.03	121.788
966.64	122.896
968.26	124.409
969.88	126.363
971.49	128.757
973.11	131.588
974.73	134.808
976.34	138.436
977.96	142.356
979.57	146.512
981.19	150.914
982.80	155.640
984.42	160.644
986.03	165.803
987.65	171.315
989.26	176.964
990.88	182.795
992.49	188.722
994.11	194.726
995.72	200.985
997.34	207.230
998.95	213.440
1000.57	219.794
1002.18	226.162
1003.79	232.379
1005.41	238.449
1007.02	244.476
1008.64	250.431
1010.25	256.243
1011.86	261.818
1013.48	267.439
1015.09	272.935
1016.70	278.113
1018.31	283.016
1019.93	287.724
1021.54	292.190
1023.15	296.338
1024.76	300.381
1026.38	304.178
1027.99	307.885
1029.60	311.282
1031.21	314.505
1032.82	317.553
1034.44	320.192
1036.05	322.654
1037.66	324.930
1039.27	326.956
1040.88	328.701
1042.49	330.195
1044.10	331.427
1045.71	332.544
1047.32	333.335
1048.93	333.858
1050.54	334.178
1052.15	334.350
1053.76	334.444
1055.37	334.161
1056.98	333.732
1058.59	333.213
1060.20	332.437
1061.81	331.602
1063.42	330.327
1065.03	328.806
1066.64	327.138
1068.25	325.291
1069.86	323.261
1071.47	321.080
1073.08	318.927
1074.68	316.732
1076.29	314.419
1077.90	311.840
1079.51	309.094
1081.12	306.318
1082.72	303.603
1084.33	300.886
1085.94	297.991
1087.55	294.807
1089.15	291.616
1090.76	288.496
1092.37	285.123
1093.97	281.829
1095.58	278.443
1097.19	275.216
1098.79	271.949
1100.40	268.689
1102.00	265.502
1103.61	262.286
1105.22	259.154
1106.82	255.914
1108.43	252.560
1110.03	249.307
1111.64	246.217
1113.24	243.331
1114.85	240.417
1116.45	237.421
1118.06	234.271
1119.66	231.275
1121.27	228.577
1122.87	225.943
1124.47	223.193
1126.08	220.560
1127.68	217.985
1129.28	215.424
1130.89	212.864
1132.49	210.449
1134.09	208.022
1135.70	205.677
1137.30	203.368
1138.90	201.069
1140.51	198.809
1142.11	196.745
1143.71	194.614
1145.31	192.571
1146.91	190.515
1148.52	188.493
1150.12	186.579
1151.72	184.795
1153.32	183.120
1154.92	181.404
1156.52	179.768
1158.12	178.375
1159.72	177.132
1161.33	176.037
1162.93	175.216
1164.53	174.700
1166.13	174.616
1167.73	175.079
1169.33	175.989
1170.93	177.354
1172.53	179.340
1174.12	181.736
1175.72	184.483
1177.32	187.556
1178.92	190.919
1180.52	194.303
1182.12	198.167
1183.72	202.238
1185.32	206.579
1186.91	210.989
1188.51	215.571
1190.11	220.173
1191.71	224.708
1193.30	229.109
1194.90	233.335
1196.50	237.460
1198.10	241.669
1199.69	245.749
1201.29	249.653
1202.89	253.402
1204.48	256.991
1206.08	260.135
1207.67	263.167
1209.27	266.267
1210.87	269.195
1212.46	272.020
1214.06	274.874
1215.65	277.299
1217.25	279.528
1218.84	281.771
1220.44	283.916
1222.03	285.908
1223.63	287.702
1225.22	289.302
1226.81	291.017
1228.41	292.667
1230.00	294.157
1231.59	295.400
1233.19	296.550
1234.78	297.581
1236.37	298.581
1237.97	299.604
1239.56	300.916
1241.15	301.980
1242.74	302.783
1244.34	303.399
1245.93	303.698
1247.52	303.835
1249.11	304.371
1250.70	304.726
1252.30	304.944
1253.89	305.003
1255.48	304.932
1257.07	304.789
1258.66	304.645
1260.25	304.248
1261.84	303.861
1263.43	303.542
1265.02	303.218
1266.61	302.814
1268.20	302.240
1269.79	301.623
1271.38	300.988
1272.97	300.088
1274.56	299.224
1276.14	298.291
1277.73	297.327
1279.32	296.579
1280.91	295.834
1282.50	294.620
1284.08	293.553
1285.67	292.284
1287.26	291.010
1288.85	289.760
1290.43	288.594
1292.02	287.392
1293.61	286.254
1295.19	285.048
1296.78	283.617
1298.37	281.987
1299.95	280.091
1301.54	278.281
1303.12	276.280
1304.71	274.252
1306.30	272.159
1307.88	270.088
1309.46	267.903
1311.05	265.774
1312.63	263.485
1314.22	261.016
1315.80	258.831
1317.39	256.419
1318.97	253.840
1320.55	251.164
1322.14	248.304
1323.72	245.239
1325.30	242.071
1326.89	238.667
1328.47	235.088
1330.05	231.394
1331.63	227.702
1333.22	224.093
1334.80	220.325
1336.38	216.456
1337.96	212.211
1339.54	207.779
1341.12	203.166
1342.70	198.480
1344.29	193.569
1345.87	188.463
1347.45	183.271
1349.03	177.606
1350.61	172.171
1352.19	167.156
1353.77	162.507
1355.34	158.412
1356.92	154.952
1358.50	152.036
1360.08	149.494
1361.66	147.254
1363.24	145.291
1364.82	143.484
1366.40	141.730
1367.97	139.984
1369.55	138.166
1371.13	136.348
1372.71	134.561
1374.28	132.699
1375.86	130.824
1377.44	128.963
1379.01	127.045
1380.59	125.226
1382.16	123.506
1383.74	121.722
1385.32	119.992
1386.89	118.269
1388.47	116.512
1390.04	114.712
1391.62	112.849
1393.19	110.985
1394.77	109.061
1396.34	107.239
1397.91	105.424
1399.49	103.786
1401.06	102.285
1402.63	100.932
1404.21	99.631
1405.78	98.454
1407.35	97.259
1408.93	96.097
1410.50	95.073
1412.07	94.154
1413.64	93.341
1415.21	92.605
1416.79	91.997
1418.36	91.487
1419.93	91.039
1421.50	90.721
1423.07	90.503
1424.64	90.379
1426.21	90.322
1427.78	90.388
1429.35	90.470
1430.92	90.595
1432.49	90.641
1434.06	90.680
1435.63	90.700
1437.20	90.803
1438.77	90.945
1440.33	91.048
1441.90	91.177
1443.47	91.223
1445.04	91.256
1446.60	91.275
1448.17	91.378
1449.74	91.504
1451.31	91.713
1452.87	91.963
1454.44	92.293
1456.01	92.683
1457.57	93.045
1459.14	93.410
1460.70	93.751
1462.27	94.238
1463.83	94.790
1465.40	95.474
1466.96	96.268
1468.53	97.177
1470.09	98.072
1471.66	98.952
1473.22	100.010
1474.78	101.111
1476.35	102.277
1477.91	103.586
1479.47	104.944
1481.04	106.279
1482.60	107.633
1484.16	108.918
1485.72	110.110
1487.28	111.303
1488.85	112.548
1490.41	113.900
1491.97	115.202
1493.53	116.651
1495.09	117.941
1496.65	119.232
1498.21	120.504
1499.77	121.547
1501.33	122.589
1502.89	123.604
1504.45	124.682
1506.01	125.851
1507.57	127.043
1509.13	128.247
1510.68	129.382
1512.24	130.420
1513.80	131.379
1515.36	132.312
1516.92	133.259
1518.47	134.270
1520.03	135.318
1521.59	136.410
1523.14	137.484
1524.70	138.645
1526.26	139.741
1527.81	140.941
1529.37	142.019
1530.92	143.082
1532.48	144.382
1534.03	145.666
1535.59	147.046
1537.14	148.400
1538.70	149.663
1540.25	150.825
1541.80	151.995
1543.36	153.072
1544.91	154.058
1546.46	155.008
1548.02	156.052
1549.57	157.123
1551.12	158.210
1552.67	159.194
1554.23	160.062
1555.78	160.891
1557.33	161.726
1558.88	162.455
1560.43	163.071
1561.98	163.865
1563.53	164.593
1565.08	165.141
1566.63	165.710
1568.18	166.269
1569.73	166.739
1571.28	167.068
1572.83	167.501
1574.38	167.963
1575.93	168.503
1577.48	169.311
1579.02	170.085
1580.57	170.702
1582.12	171.203
1583.67	171.693
1585.21	172.399
1586.76	172.980
1588.31	173.494
1589.85	173.875
1591.40	174.086
1592.94	174.255
1594.49	174.268
1596.04	174.357
1597.58	174.676
1599.13	174.869
1600.67	174.777
1602.21	174.833
1603.76	174.855
1605.30	174.743
1606.85	174.466
1608.39	174.201
1609.93	173.638
1611.48	173.068
1613.02	172.574
1614.56	172.090
1616.10	171.532
1617.64	170.628
1619.19	169.727
1620.73	168.800
1622.27	167.874
1623.81	167.178
1625.35	166.436
1626.89	165.717
1628.43	164.820
1629.97	163.591
1631.51	162.227
1633.05	161.003
1634.59	159.533
1636.13	158.031
1637.66	156.527
1639.20	155.156
1640.74	153.548
1642.28	152.086
1643.82	150.875
1645.35	149.338
1646.89	147.968
1648.43	146.546
1649.96	145.113
1651.50	143.701
1653.04	142.209
1654.57	140.664
1656.11	139.105
1657.64	137.648
1659.18	136.400
1660.71	135.217
1662.25	134.397
1663.78	134.093
1665.31	134.409
1666.85	135.296
1668.38	136.966
1669.91	138.858
1671.45	141.107
1672.98	143.415
1674.51	146.180
1676.04	148.492
1677.58	151.477
1679.11	153.786
1680.64	156.167
1682.17	158.286
1683.70	160.562
1685.23	162.482
1686.76	164.357
1688.29	166.062
1689.82	167.901
1691.35	169.194
1692.88	178.966
1694.41	175.633
1695.94	173.529
1697.46	172.736
1698.99	180.362
1700.52	177.148
1702.05	176.475
1703.57	177.572
1705.10	183.515
1706.63	179.256
