898.66	221.124
900.28	221.525
901.90	220.956
903.52	220.549
905.14	219.913
906.76	221.237
908.38	218.334
910.00	216.520
911.62	213.861
913.24	213.493
914.86	202.999
916.48	200.320
918.10	197.512
919.72	194.526
921.34	191.270
922.96	187.953
924.58	184.439
926.20	180.959
927.82	177.442
929.44	173.900
931.06	170.323
932.67	166.695
934.29	163.057
935.91	159.389
937.53	155.666
939.15	151.865
940.77	148.105
942.38	144.402
944.00	140.881
945.62	137.520
947.24	134.411
948.86	131.572
950.47	128.973
952.09	126.662
953.71	124.676
955.33	123.156
956.94	121.985
958.56	121.247
960.18	120.809
961.79	120.718
963.41	121.041
965.03	121.746
966.64	122.834
968.26	124.339
969.88	126.293
971.49	128.691
973.11	131.512
974.73	134.715
976.34	138.323
977.96	142.208
979.57	146.358
981.19	150.744
982.80	155.448
984.42	160.437
986.03	165.576
987.65	171.083
989.26	176.708
990.88	182.517
992.49	188.424
994.11	194.406
995.72	200.634
997.34	206.854
998.95	213.052
1000.57	219.407
1002.18	225.752
1003.79	231.929
1005.41	237.979
1007.02	243.998
1008.64	249.939
1010.25	255.752
1011.86	261.335
1013.48	266.966
1015.09	272.444
1016.70	277.589
1018.31	282.463
1019.93	287.152
1021.54	291.593
1023.15	295.737
1024.76	299.744
1026.38	303.510
1027.99	307.180
1029.60	310.554
1031.21	313.758
1032.82	316.748
1034.44	319.310
1036.05	321.718
1037.66	323.976
1039.27	325.981
1040.88	327.701
1042.49	329.189
1044.10	330.416
1045.71	331.501
1047.32	332.243
1048.93	332.736
1050.54	333.047
1052.15	333.227
1053.76	333.320
1055.37	333.018
1056.98	332.579
1058.59	332.080
1060.20	331.303
1061.81	330.453
1063.42	329.200
1065.03	327.707
1066.64	326.092
1068.25	324.280
1069.86	322.317
1071.47	320.179
1073.08	318.037
1074.68	315.827
1076.29	313.493
1077.90	310.883
1079.51	308.176
1081.12	305.451
1082.72	302.776
1084.33	300.090
1085.94	297.206
1087.55	294.030
1089.15	290.867
1090.76	287.762
1092.37	284.400
1093.97	281.126
1095.58	277.780
1097.19	274.570
1098.79	271.292
1100.40	268.018
1102.00	264.839
1103.61	261.630
1105.22	258.497
1106.82	255.265
1108.43	251.953
1110.03	248.745
1111.64	245.696
1113.24	242.809
1114.85	239.866
1116.45	236.864
1118.06	233.723
1119.66	230.735
1121.27	228.053
1122.87	225.417
1124.47	222.674
1126.08	220.034
1127.68	217.473
1129.28	214.934
1130.89	212.380
1132.49	209.987
1134.09	207.596
1135.70	205.288
1137.30	202.978
1138.90	200.679
1140.51	198.443
1142.11	196.381
1143.71	194.262
1145.31	192.225
1146.91	190.171
1148.52	188.169
1150.12	186.263
1151.72	184.483
1153.32	182.815
1154.92	181.108
1156.52	179.481
1158.12	178.087
1159.72	176.856
1161.33	175.762
1162.93	174.937
1164.53	174.408
1166.13	174.314
1167.73	174.763
1169.33	175.673
1170.93	177.042
1172.53	179.049
1174.12	181.422
1175.72	184.170
1177.32	187.208
1178.92	190.555
1180.52	193.939
1182.12	197.785
1183.72	201.866
1185.32	206.193
1186.91	210.574
1188.51	215.117
1190.11	219.715
1191.71	224.245
1193.30	228.638
1194.90	232.863
1196.50	236.951
1198.10	241.153
1199.69	245.229
1201.29	249.140
1202.89	252.872
1204.48	256.443
1206.08	259.565
1207.67	262.590
1209.27	265.685
1210.87	268.603
1212.46	271.392
1214.06	274.203
1215.65	276.615
1217.25	278.825
1218.84	281.059
1220.44	283.174
1222.03	285.146
1223.63	286.932
1225.22	288.513
1226.81	290.195
1228.41	291.820
1230.00	293.301
1231.59	294.512
1233.19	295.649
1234.78	296.659
1236.37	297.643
1237.97	298.647
1239.56	299.946
1241.15	301.011
1242.74	301.803
1244.34	302.401
1245.93	302.722
1247.52	302.877
1249.11	303.412
1250.70	303.775
1252.30	304.028
1253.89	304.132
1255.48	304.092
1257.07	303.931
1258.66	303.779
1260.25	303.387
1261.84	303.030
1263.43	302.734
1265.02	302.444
1266.61	302.051
1268.20	301.497
1269.79	300.878
1271.38	300.227
1272.97	299.320
1274.56	298.436
1276.14	297.473
1277.73	296.506
1279.32	295.727
1280.91	294.960
1282.50	293.711
1284.08	292.604
1285.67	291.287
1287.26	289.983
1288.85	288.720
1290.43	287.569
1292.02	286.366
1293.61	285.219
1295.19	283.977
1296.78	282.503
1298.37	280.834
1299.95	278.927
1301.54	277.112
1303.12	275.117
1304.71	273.094
1306.30	270.987
1307.88	268.906
1309.46	266.749
1311.05	264.639
1312.63	262.389
1314.22	259.955
1315.80	257.810
1317.39	255.446
1318.97	252.888
1320.55	250.233
1322.14	247.382
1323.72	244.323
1325.30	241.174
1326.89	237.799
1328.47	234.245
1330.05	230.603
1331.63	226.960
1333.22	223.376
1334.80	219.605
1336.38	215.771
1337.96	211.588
1339.54	207.224
1341.12	202.674
1342.70	198.020
1344.29	193.142
1345.87	188.053
1347.45	182.881
1349.03	177.245
1350.61	171.821
1352.19	166.841
1353.77	162.214
1355.34	158.141
1356.92	154.687
1358.50	151.792
1360.08	149.276
1361.66	147.061
1363.24	145.102
1364.82	143.311
1366.40	141.546
1367.97	139.807
1369.55	137.981
1371.13	136.145
1372.71	134.354
1374.28	132.484
1375.86	130.599
1377.44	128.733
1379.01	126.817
1380.59	125.005
1382.16	123.314
1383.74	121.554
1385.32	119.849
1386.89	118.139
1388.47	116.406
1390.04	114.628
1391.62	112.777
1393.19	110.921
1394.77	108.998
1396.34	107.179
1397.91	105.357
1399.49	103.719
1401.06	102.227
1402.63	100.880
1404.21	99.584
1405.78	98.410
1407.35	97.228
1408.93	96.076
1410.50	95.073
1412.07	94.156
1413.64	93.335
1415.21	92.592
1416.79	91.962
1418.36	91.418
1419.93	90.961
1421.50	90.631
1423.07	90.412
1424.64	90.298
1426.21	90.250
1427.78	90.322
1429.35	90.413
1430.92	90.532
1432.49	90.572
1434.06	90.616
1435.63	90.632
1437.20	90.727
1438.77	90.859
1440.33	90.947
1441.90	91.055
1443.47	91.073
1445.04	91.077
1446.60	91.087
1448.17	91.182
1449.74	91.321
1451.31	91.530
1452.87	91.793
1454.44	92.115
1456.01	92.499
1457.57	92.854
1459.14	93.215
1460.70	93.551
1462.27	94.045
1463.83	94.612
1465.40	95.309
1466.96	96.109
1468.53	97.008
1470.09	97.891
1471.66	98.759
1473.22	99.806
1474.78	100.927
1476.35	102.114
1477.91	103.434
1479.47	104.792
1481.04	106.137
1482.60	107.485
1484.16	108.770
1485.72	109.959
1487.28	111.148
1488.85	112.395
1490.41	113.759
1491.97	115.078
1493.53	116.534
1495.09	117.818
1496.65	119.096
1498.21	120.372
1499.77	121.424
1501.33	122.478
1502.89	123.505
1504.45	124.606
1506.01	125.796
1507.57	126.984
1509.13	128.175
1510.68	129.310
1512.24	130.352
1513.80	131.293
1515.36	132.211
1516.92	133.143
1518.47	134.147
1520.03	135.201
1521.59	136.306
1523.14	137.371
1524.70	138.523
1526.26	139.611
1527.81	140.810
1529.37	141.903
1530.92	142.949
1532.48	144.225
1534.03	145.502
1535.59	146.883
1537.14	148.235
1538.70	149.493
1540.25	150.650
1541.80	151.819
1543.36	152.903
1544.91	153.891
1546.46	154.845
1548.02	155.896
1549.57	156.982
1551.12	158.077
1552.67	159.059
1554.23	159.915
1555.78	160.740
1557.33	161.553
1558.88	162.270
1560.43	162.869
1561.98	163.641
1563.53	164.370
1565.08	164.915
1566.63	165.487
1568.18	166.045
1569.73	166.517
1571.28	166.854
1572.83	167.296
1574.38	167.750
1575.93	168.272
1577.48	169.055
1579.02	169.821
1580.57	170.447
1582.12	170.956
1583.67	171.460
1585.21	172.187
1586.76	172.784
1588.31	173.314
1589.85	173.709
1591.40	173.935
1592.94	174.125
1594.49	174.154
1596.04	174.256
1597.58	174.590
1599.13	174.792
1600.67	174.713
1602.21	174.779
1603.76	174.798
1605.30	174.686
1606.85	174.419
1608.39	174.161
1609.93	173.620
1611.48	173.076
1613.02	172.559
1614.56	172.060
1616.10	171.456
1617.64	170.519
1619.19	169.585
1620.73	168.604
1622.27	167.664
1623.81	166.953
1625.35	166.194
1626.89	165.468
1628.43	164.556
1629.97	163.326
1631.51	161.939
1633.05	160.689
1634.59	159.185
1636.13	157.656
1637.66	156.150
1639.20	154.790
1640.74	153.192
1642.28	151.742
1643.82	150.520
1645.35	149.033
1646.89	147.677
1648.43	146.290
1649.96	144.879
1651.50	143.487
1653.04	142.040
1654.57	140.527
1656.11	138.984
1657.64	137.552
1659.18	136.274
1660.71	135.145
1662.25	134.339
1663.78	134.068
1665.31	134.414
1666.85	135.278
1668.38	136.996
1669.91	138.871
1671.45	141.081
1672.98	143.352
1674.51	146.071
1676.04	148.396
1677.58	151.348
1679.11	153.518
1680.64	155.806
1682.17	157.852
1683.70	160.054
1685.23	162.028
1686.76	163.843
1688.29	165.582
1689.82	167.456
1691.35	168.836
1692.88	180.395
1694.41	172.866
1695.94	171.862
1697.46	173.233
1698.99	178.941
1700.52	176.992
1702.05	175.335
1703.57	177.361
1705.10	182.901
1706.63	178.721
