898.66	222.535
900.28	222.851
901.90	222.915
903.52	222.329
905.14	221.985
906.76	222.190
908.38	220.122
910.00	218.128
911.62	215.209
913.24	214.554
914.86	204.292
916.48	201.556
918.10	198.702
919.72	195.687
921.34	192.404
922.96	189.044
924.58	185.516
926.20	182.020
927.82	178.493
929.44	174.948
931.06	171.377
932.67	167.729
934.29	164.082
935.91	160.418
937.53	156.688
939.15	152.882
940.77	149.119
942.38	145.435
944.00	141.920
945.62	138.554
947.24	135.445
948.86	132.645
950.47	130.094
952.09	127.843
953.71	125.907
955.33	124.429
956.94	123.291
958.56	122.598
960.18	122.207
961.79	122.161
963.41	122.526
965.03	123.301
966.64	124.500
968.26	126.065
969.88	128.044
971.49	130.474
973.11	133.380
974.73	136.652
976.34	140.283
977.96	144.219
979.57	148.418
981.19	152.817
982.80	157.480
984.42	162.477
986.03	167.666
987.65	173.155
989.26	178.761
990.88	184.600
992.49	190.557
994.11	196.554
995.72	202.769
997.34	209.002
998.95	215.214
1000.57	221.497
1002.18	227.769
1003.79	233.931
1005.41	240.033
1007.02	246.061
1008.64	251.951
1010.25	257.687
1011.86	263.268
1013.48	268.896
1015.09	274.328
1016.70	279.482
1018.31	284.369
1019.93	289.047
1021.54	293.448
1023.15	297.469
1024.76	301.409
1026.38	305.160
1027.99	308.861
1029.60	312.228
1031.21	315.345
1032.82	318.327
1034.44	320.961
1036.05	323.390
1037.66	325.580
1039.27	327.494
1040.88	329.161
1042.49	330.633
1044.10	331.791
1045.71	332.775
1047.32	333.513
1048.93	334.133
1050.54	334.458
1052.15	334.542
1053.76	334.537
1055.37	334.323
1056.98	333.962
1058.59	333.394
1060.20	332.508
1061.81	331.615
1063.42	330.387
1065.03	328.884
1066.64	327.083
1068.25	325.124
1069.86	323.139
1071.47	321.079
1073.08	318.898
1074.68	316.641
1076.29	314.345
1077.90	311.923
1079.51	309.283
1081.12	306.432
1082.72	303.547
1084.33	300.820
1085.94	298.064
1087.55	294.969
1089.15	291.666
1090.76	288.499
1092.37	285.217
1093.97	282.053
1095.58	278.659
1097.19	275.318
1098.79	272.043
1100.40	268.915
1102.00	265.870
1103.61	262.699
1105.22	259.509
1106.82	256.286
1108.43	252.988
1110.03	249.773
1111.64	246.646
1113.24	243.678
1114.85	240.794
1116.45	237.945
1118.06	234.892
1119.66	231.866
1121.27	229.101
1122.87	226.494
1124.47	223.832
1126.08	221.248
1127.68	218.632
1129.28	216.060
1130.89	213.560
1132.49	211.218
1134.09	208.826
1135.70	206.466
1137.30	204.138
1138.90	201.855
1140.51	199.650
1142.11	197.601
1143.71	195.470
1145.31	193.411
1146.91	191.412
1148.52	189.435
1150.12	187.499
1151.72	185.659
1153.32	183.934
1154.92	182.241
1156.52	180.676
1158.12	179.266
1159.72	177.942
1161.33	176.814
1162.93	176.048
1164.53	175.597
1166.13	175.489
1167.73	175.910
1169.33	176.810
1170.93	178.180
1172.53	180.179
1174.12	182.564
1175.72	185.288
1177.32	188.345
1178.92	191.775
1180.52	195.200
1182.12	199.013
1183.72	202.985
1185.32	207.313
1186.91	211.774
1188.51	216.476
1190.11	221.118
1191.71	225.629
1193.30	229.930
1194.90	234.087
1196.50	238.280
1198.10	242.547
1199.69	246.633
1201.29	250.419
1202.89	254.073
1204.48	257.703
1206.08	260.980
1207.67	264.060
1209.27	267.149
1210.87	269.957
1212.46	272.624
1214.06	275.434
1215.65	277.904
1217.25	280.216
1218.84	282.406
1220.44	284.437
1222.03	286.275
1223.63	288.062
1225.22	289.677
1226.81	291.464
1228.41	293.153
1230.00	294.540
1231.59	295.667
1233.19	296.826
1234.78	297.991
1236.37	299.096
1237.97	300.130
1239.56	301.286
1241.15	302.252
1242.74	303.007
1244.34	303.720
1245.93	304.128
1247.52	304.336
1249.11	304.855
1250.70	305.121
1252.30	305.278
1253.89	305.356
1255.48	305.357
1257.07	305.297
1258.66	305.215
1260.25	304.760
1261.84	304.237
1263.43	303.882
1265.02	303.647
1266.61	303.287
1268.20	302.664
1269.79	301.953
1271.38	301.170
1272.97	300.196
1274.56	299.325
1276.14	298.434
1277.73	297.490
1279.32	296.764
1280.91	295.936
1282.50	294.648
1284.08	293.539
1285.67	292.266
1287.26	291.012
1288.85	289.800
1290.43	288.624
1292.02	287.344
1293.61	286.145
1295.19	284.942
1296.78	283.568
1298.37	281.973
1299.95	280.072
1301.54	278.262
1303.12	276.258
1304.71	274.235
1306.30	272.213
1307.88	270.163
1309.46	267.992
1311.05	265.911
1312.63	263.629
1314.22	261.165
1315.80	258.949
1317.39	256.536
1318.97	254.001
1320.55	251.335
1322.14	248.462
1323.72	245.317
1325.30	242.158
1326.89	238.841
1328.47	235.354
1330.05	231.654
1331.63	227.889
1333.22	224.208
1334.80	220.408
1336.38	216.544
1337.96	212.397
1339.54	208.013
1341.12	203.423
1342.70	198.671
1344.29	193.552
1345.87	188.305
1347.45	183.142
1349.03	177.665
1350.61	172.379
1352.19	167.390
1353.77	162.689
1355.34	158.497
1356.92	154.971
1358.50	152.072
1360.08	149.547
1361.66	147.381
1363.24	145.436
1364.82	143.570
1366.40	141.750
1367.97	139.954
1369.55	138.167
1371.13	136.408
1372.71	134.690
1374.28	132.895
1375.86	131.024
1377.44	129.138
1379.01	127.163
1380.59	125.332
1382.16	123.621
1383.74	121.893
1385.32	120.221
1386.89	118.518
1388.47	116.720
1390.04	114.870
1391.62	112.962
1393.19	111.069
1394.77	109.183
1396.34	107.422
1397.91	105.630
1399.49	103.979
1401.06	102.446
1402.63	101.059
1404.21	99.717
1405.78	98.529
1407.35	97.366
1408.93	96.246
1410.50	95.250
1412.07	94.332
1413.64	93.485
1415.21	92.731
1416.79	92.090
1418.36	91.593
1419.93	91.197
1421.50	90.937
1423.07	90.753
1424.64	90.622
1426.21	90.550
1427.78	90.547
1429.35	90.605
1430.92	90.751
1432.49	90.867
1434.06	90.990
1435.63	91.057
1437.20	91.172
1438.77	91.287
1440.33	91.314
1441.90	91.386
1443.47	91.411
1445.04	91.492
1446.60	91.604
1448.17	91.787
1449.74	91.994
1451.31	92.189
1452.87	92.398
1454.44	92.665
1456.01	93.037
1457.57	93.412
1459.14	93.859
1460.70	94.328
1462.27	94.921
1463.83	95.521
1465.40	96.181
1466.96	96.872
1468.53	97.651
1470.09	98.489
1471.66	99.431
1473.22	100.603
1474.78	101.850
1476.35	103.135
1477.91	104.488
1479.47	105.801
1481.04	107.024
1482.60	108.256
1484.16	109.489
1485.72	110.700
1487.28	112.003
1488.85	113.351
1490.41	114.781
1491.97	116.103
1493.53	117.498
1495.09	118.672
1496.65	119.835
1498.21	121.052
1499.77	122.100
1501.33	123.245
1502.89	124.392
1504.45	125.521
1506.01	126.704
1507.57	127.832
1509.13	128.899
1510.68	129.907
1512.24	130.881
1513.80	131.841
1515.36	132.851
1516.92	133.920
1518.47	135.034
1520.03	136.122
1521.59	137.186
1523.14	138.170
1524.70	139.216
1526.26	140.199
1527.81	141.351
1529.37	142.469
1530.92	143.622
1532.48	145.023
1534.03	146.407
1535.59	147.786
1537.14	149.061
1538.70	150.216
1540.25	151.285
1541.80	152.437
1543.36	153.527
1544.91	154.548
1546.46	155.614
1548.02	156.774
1549.57	157.916
1551.12	158.991
1552.67	159.916
1554.23	160.716
1555.78	161.464
1557.33	162.261
1558.88	163.014
1560.43	163.702
1561.98	164.561
1563.53	165.330
1565.08	165.928
1566.63	166.474
1568.18	167.026
1569.73	167.470
1571.28	167.780
1572.83	168.228
1574.38	168.717
1575.93	169.297
1577.48	170.171
1579.02	170.985
1580.57	171.587
1582.12	172.017
1583.67	172.475
1585.21	173.123
1586.76	173.657
1588.31	174.175
1589.85	174.571
1591.40	174.826
1592.94	175.026
1594.49	175.075
1596.04	175.148
1597.58	175.410
1599.13	175.544
1600.67	175.401
1602.21	175.495
1603.76	175.567
1605.30	175.465
1606.85	175.194
1608.39	174.944
1609.93	174.338
1611.48	173.665
1613.02	173.056
1614.56	172.540
1616.10	171.933
1617.64	171.056
1619.19	170.257
1620.73	169.488
1622.27	168.692
1623.81	168.059
1625.35	167.311
1626.89	166.500
1628.43	165.476
1629.97	164.150
1631.51	162.699
1633.05	161.405
1634.59	159.942
1636.13	158.486
1637.66	157.128
1639.20	155.887
1640.74	154.357
1642.28	152.918
1643.82	151.644
1645.35	150.001
1646.89	148.435
1648.43	146.891
1649.96	145.385
1651.50	143.970
1653.04	142.507
1654.57	141.039
1656.11	139.562
1657.64	138.155
1659.18	136.960
1660.71	135.756
1662.25	134.814
1663.78	134.420
1665.31	134.648
1666.85	135.504
1668.38	137.242
1669.91	139.143
1671.45	141.372
1672.98	143.698
1674.51	146.461
1676.04	148.858
1677.58	151.890
1679.11	154.179
1680.64	156.513
1682.17	158.635
1683.70	160.984
1685.23	162.959
1686.76	164.893
1688.29	166.653
1689.82	168.558
1691.35	169.711
1692.88	180.543
1694.41	175.633
1695.94	172.500
1697.46	173.184
1698.99	182.099
1700.52	176.837
1702.05	177.096
1703.57	178.207
1705.10	184.130
1706.63	178.240
