898.66	221.432
900.28	221.423
901.90	220.980
903.52	220.679
905.14	220.136
906.76	220.922
908.38	218.882
910.00	217.175
911.62	214.432
913.24	213.381
914.86	203.011
916.48	200.300
918.10	197.474
919.72	194.472
921.34	191.220
922.96	187.903
924.58	184.411
926.20	180.937
927.82	177.400
929.44	173.843
931.06	170.277
932.67	166.651
934.29	163.029
935.91	159.373
937.53	155.668
939.15	151.895
940.77	148.138
942.38	144.440
944.00	140.929
945.62	137.568
947.24	134.474
948.86	131.666
950.47	129.105
952.09	126.828
953.71	124.880
955.33	123.373
956.94	122.210
958.56	121.469
960.18	121.029
961.79	120.960
963.41	121.297
965.03	122.015
966.64	123.152
968.26	124.685
969.88	126.648
971.49	129.051
973.11	131.899
974.73	135.154
976.34	138.760
977.96	142.645
979.57	146.800
981.19	151.199
982.80	155.858
984.42	160.824
986.03	165.968
987.65	171.460
989.26	177.063
990.88	182.829
992.49	188.711
994.11	194.684
995.72	200.898
997.34	207.089
998.95	213.274
1000.57	219.568
1002.18	225.863
1003.79	231.981
1005.41	238.000
1007.02	244.008
1008.64	249.879
1010.25	255.580
1011.86	261.111
1013.48	266.716
1015.09	272.136
1016.70	277.277
1018.31	282.131
1019.93	286.811
1021.54	291.237
1023.15	295.294
1024.76	299.290
1026.38	303.088
1027.99	306.791
1029.60	310.163
1031.21	313.307
1032.82	316.327
1034.44	318.997
1036.05	321.478
1037.66	323.736
1039.27	325.695
1040.88	327.394
1042.49	328.883
1044.10	330.134
1045.71	331.182
1047.32	331.896
1048.93	332.491
1050.54	332.820
1052.15	332.936
1053.76	332.914
1055.37	332.613
1056.98	332.240
1058.59	331.695
1060.20	330.837
1061.81	329.923
1063.42	328.669
1065.03	327.213
1066.64	325.470
1068.25	323.486
1069.86	321.408
1071.47	319.279
1073.08	317.157
1074.68	314.915
1076.29	312.586
1077.90	310.090
1079.51	307.461
1081.12	304.693
1082.72	301.847
1084.33	299.112
1085.94	296.343
1087.55	293.310
1089.15	290.109
1090.76	286.937
1092.37	283.620
1093.97	280.440
1095.58	277.136
1097.19	273.862
1098.79	270.554
1100.40	267.372
1102.00	264.314
1103.61	261.182
1105.22	258.052
1106.82	254.810
1108.43	251.499
1110.03	248.318
1111.64	245.236
1113.24	242.307
1114.85	239.402
1116.45	236.505
1118.06	233.445
1119.66	230.447
1121.27	227.698
1122.87	225.069
1124.47	222.391
1126.08	219.819
1127.68	217.248
1129.28	214.677
1130.89	212.154
1132.49	209.809
1134.09	207.423
1135.70	205.088
1137.30	202.762
1138.90	200.477
1140.51	198.281
1142.11	196.263
1143.71	194.140
1145.31	192.096
1146.91	190.077
1148.52	188.120
1150.12	186.249
1151.72	184.445
1153.32	182.743
1154.92	181.041
1156.52	179.469
1158.12	178.113
1159.72	176.839
1161.33	175.706
1162.93	174.894
1164.53	174.426
1166.13	174.340
1167.73	174.779
1169.33	175.657
1170.93	177.007
1172.53	178.999
1174.12	181.365
1175.72	184.056
1177.32	187.076
1178.92	190.428
1180.52	193.820
1182.12	197.646
1183.72	201.626
1185.32	205.893
1186.91	210.300
1188.51	214.969
1190.11	219.601
1191.71	224.101
1193.30	228.388
1194.90	232.498
1196.50	236.630
1198.10	240.888
1199.69	245.012
1201.29	248.843
1202.89	252.497
1204.48	256.047
1206.08	259.227
1207.67	262.323
1209.27	265.445
1210.87	268.290
1212.46	270.963
1214.06	273.696
1215.65	276.102
1217.25	278.378
1218.84	280.654
1220.44	282.730
1222.03	284.566
1223.63	286.280
1225.22	287.865
1226.81	289.651
1228.41	291.379
1230.00	292.846
1231.59	293.994
1233.19	295.081
1234.78	296.165
1236.37	297.238
1237.97	298.301
1239.56	299.571
1241.15	300.535
1242.74	301.242
1244.34	301.876
1245.93	302.248
1247.52	302.513
1249.11	303.083
1250.70	303.370
1252.30	303.509
1253.89	303.534
1255.48	303.527
1257.07	303.455
1258.66	303.365
1260.25	302.952
1261.84	302.508
1263.43	302.124
1265.02	301.799
1266.61	301.430
1268.20	300.876
1269.79	300.278
1271.38	299.574
1272.97	298.587
1274.56	297.692
1276.14	296.805
1277.73	295.883
1279.32	295.201
1280.91	294.408
1282.50	293.153
1284.08	292.040
1285.67	290.738
1287.26	289.481
1288.85	288.263
1290.43	287.150
1292.02	285.960
1293.61	284.758
1295.19	283.490
1296.78	282.079
1298.37	280.499
1299.95	278.640
1301.54	276.837
1303.12	274.796
1304.71	272.758
1306.30	270.685
1307.88	268.655
1309.46	266.505
1311.05	264.427
1312.63	262.145
1314.22	259.707
1315.80	257.525
1317.39	255.163
1318.97	252.650
1320.55	250.032
1322.14	247.182
1323.72	244.069
1325.30	240.883
1326.89	237.560
1328.47	234.085
1330.05	230.447
1331.63	226.781
1333.22	223.152
1334.80	219.363
1336.38	215.514
1337.96	211.370
1339.54	207.084
1341.12	202.555
1342.70	197.884
1344.29	192.894
1345.87	187.726
1347.45	182.538
1349.03	176.988
1350.61	171.702
1352.19	166.792
1353.77	162.159
1355.34	158.047
1356.92	154.541
1358.50	151.613
1360.08	149.086
1361.66	146.922
1363.24	145.000
1364.82	143.186
1366.40	141.399
1367.97	139.630
1369.55	137.816
1371.13	136.041
1372.71	134.308
1374.28	132.513
1375.86	130.685
1377.44	128.810
1379.01	126.851
1380.59	124.995
1382.16	123.267
1383.74	121.522
1385.32	119.828
1386.89	118.142
1388.47	116.360
1390.04	114.532
1391.62	112.640
1393.19	110.762
1394.77	108.850
1396.34	107.070
1397.91	105.290
1399.49	103.660
1401.06	102.138
1402.63	100.769
1404.21	99.421
1405.78	98.234
1407.35	97.057
1408.93	95.931
1410.50	94.961
1412.07	94.074
1413.64	93.260
1415.21	92.513
1416.79	91.884
1418.36	91.372
1419.93	90.963
1421.50	90.705
1423.07	90.533
1424.64	90.432
1426.21	90.386
1427.78	90.418
1429.35	90.464
1430.92	90.586
1432.49	90.649
1434.06	90.753
1435.63	90.824
1437.20	90.959
1438.77	91.076
1440.33	91.132
1441.90	91.210
1443.47	91.226
1445.04	91.269
1446.60	91.332
1448.17	91.485
1449.74	91.668
1451.31	91.886
1452.87	92.106
1454.44	92.380
1456.01	92.723
1457.57	93.051
1459.14	93.425
1460.70	93.827
1462.27	94.394
1463.83	94.991
1465.40	95.676
1466.96	96.394
1468.53	97.204
1470.09	98.030
1471.66	98.908
1473.22	100.006
1474.78	101.168
1476.35	102.414
1477.91	103.771
1479.47	105.117
1481.04	106.382
1482.60	107.641
1484.16	108.843
1485.72	110.009
1487.28	111.236
1488.85	112.552
1490.41	113.980
1491.97	115.343
1493.53	116.787
1495.09	117.994
1496.65	119.188
1498.21	120.394
1499.77	121.394
1501.33	122.467
1502.89	123.557
1504.45	124.702
1506.01	125.913
1507.57	127.088
1509.13	128.221
1510.68	129.264
1512.24	130.229
1513.80	131.144
1515.36	132.091
1516.92	133.111
1518.47	134.200
1520.03	135.303
1521.59	136.398
1523.14	137.424
1524.70	138.494
1526.26	139.496
1527.81	140.639
1529.37	141.698
1530.92	142.798
1532.48	144.190
1534.03	145.547
1535.59	146.944
1537.14	148.266
1538.70	149.474
1540.25	150.573
1541.80	151.690
1543.36	152.730
1544.91	153.708
1546.46	154.713
1548.02	155.817
1549.57	156.941
1551.12	158.030
1552.67	158.997
1554.23	159.816
1555.78	160.593
1557.33	161.388
1558.88	162.107
1560.43	162.768
1561.98	163.621
1563.53	164.400
1565.08	164.980
1566.63	165.567
1568.18	166.130
1569.73	166.574
1571.28	166.878
1572.83	167.316
1574.38	167.793
1575.93	168.383
1577.48	169.254
1579.02	170.078
1580.57	170.718
1582.12	171.182
1583.67	171.668
1585.21	172.333
1586.76	172.881
1588.31	173.368
1589.85	173.742
1591.40	173.970
1592.94	174.147
1594.49	174.171
1596.04	174.225
1597.58	174.501
1599.13	174.636
1600.67	174.489
1602.21	174.541
1603.76	174.570
1605.30	174.456
1606.85	174.180
1608.39	173.913
1609.93	173.333
1611.48	172.734
1613.02	172.197
1614.56	171.699
1616.10	171.092
1617.64	170.169
1619.19	169.325
1620.73	168.496
1622.27	167.682
1623.81	167.064
1625.35	166.369
1626.89	165.651
1628.43	164.736
1629.97	163.448
1631.51	162.034
1633.05	160.778
1634.59	159.306
1636.13	157.820
1637.66	156.408
1639.20	155.160
1640.74	153.665
1642.28	152.267
1643.82	151.033
1645.35	149.453
1646.89	147.977
1648.43	146.475
1649.96	144.980
1651.50	143.513
1653.04	142.025
1654.57	140.529
1656.11	139.034
1657.64	137.631
1659.18	136.424
1660.71	135.253
1662.25	134.458
1663.78	134.044
1665.31	134.318
1666.85	135.125
1668.38	136.802
1669.91	138.688
1671.45	140.947
1672.98	143.174
1674.51	145.961
1676.04	148.289
1677.58	151.211
1679.11	153.500
1680.64	155.767
1682.17	157.891
1683.70	160.220
1685.23	162.227
1686.76	164.067
1688.29	165.885
1689.82	167.721
1691.35	169.040
1692.88	178.572
1694.41	174.080
1695.94	171.911
1697.46	172.736
1698.99	180.310
1700.52	178.080
1702.05	175.387
1703.57	178.525
1705.10	182.454
1706.63	180.005
