898.66	221.581
900.28	221.821
901.90	221.331
903.52	221.330
905.14	220.209
906.76	221.813
908.38	219.174
910.00	217.567
911.62	214.724
913.24	214.213
914.86	203.626
916.48	200.926
918.10	198.101
919.72	195.108
921.34	191.845
922.96	188.530
924.58	185.007
926.20	181.515
927.82	177.968
929.44	174.401
931.06	170.794
932.67	167.134
934.29	163.472
935.91	159.783
937.53	156.030
939.15	152.207
940.77	148.407
942.38	144.663
944.00	141.093
945.62	137.695
947.24	134.553
948.86	131.672
950.47	129.050
952.09	126.724
953.71	124.710
955.33	123.149
956.94	121.934
958.56	121.165
960.18	120.703
961.79	120.589
963.41	120.890
965.03	121.589
966.64	122.686
968.26	124.184
969.88	126.125
971.49	128.522
973.11	131.348
974.73	134.568
976.34	138.191
977.96	142.124
979.57	146.287
981.19	150.671
982.80	155.389
984.42	160.420
986.03	165.591
987.65	171.103
989.26	176.751
990.88	182.604
992.49	188.522
994.11	194.496
995.72	200.757
997.34	207.036
998.95	213.265
1000.57	219.601
1002.18	225.975
1003.79	232.207
1005.41	238.282
1007.02	244.311
1008.64	250.257
1010.25	256.082
1011.86	261.660
1013.48	267.251
1015.09	272.759
1016.70	277.984
1018.31	282.914
1019.93	287.637
1021.54	292.114
1023.15	296.296
1024.76	300.382
1026.38	304.232
1027.99	307.970
1029.60	311.368
1031.21	314.590
1032.82	317.687
1034.44	320.384
1036.05	322.868
1037.66	325.168
1039.27	327.231
1040.88	329.012
1042.49	330.516
1044.10	331.751
1045.71	332.905
1047.32	333.768
1048.93	334.312
1050.54	334.601
1052.15	334.748
1053.76	334.860
1055.37	334.596
1056.98	334.152
1058.59	333.571
1060.20	332.775
1061.81	331.972
1063.42	330.748
1065.03	329.194
1066.64	327.499
1068.25	325.672
1069.86	323.664
1071.47	321.468
1073.08	319.274
1074.68	317.081
1076.29	314.822
1077.90	312.266
1079.51	309.479
1081.12	306.651
1082.72	303.945
1084.33	301.263
1085.94	298.363
1087.55	295.130
1089.15	291.924
1090.76	288.830
1092.37	285.505
1093.97	282.212
1095.58	278.782
1097.19	275.503
1098.79	272.282
1100.40	269.048
1102.00	265.824
1103.61	262.557
1105.22	259.378
1106.82	256.154
1108.43	252.810
1110.03	249.536
1111.64	246.416
1113.24	243.527
1114.85	240.633
1116.45	237.640
1118.06	234.464
1119.66	231.453
1121.27	228.759
1122.87	226.121
1124.47	223.356
1126.08	220.691
1127.68	218.099
1129.28	215.559
1130.89	213.027
1132.49	210.593
1134.09	208.120
1135.70	205.753
1137.30	203.461
1138.90	201.209
1140.51	198.955
1142.11	196.849
1143.71	194.687
1145.31	192.628
1146.91	190.581
1148.52	188.545
1150.12	186.604
1151.72	184.801
1153.32	183.140
1154.92	181.444
1156.52	179.816
1158.12	178.394
1159.72	177.143
1161.33	176.042
1162.93	175.206
1164.53	174.668
1166.13	174.555
1167.73	175.029
1169.33	175.968
1170.93	177.349
1172.53	179.328
1174.12	181.703
1175.72	184.466
1177.32	187.585
1178.92	190.972
1180.52	194.337
1182.12	198.165
1183.72	202.228
1185.32	206.580
1186.91	211.011
1188.51	215.587
1190.11	220.149
1191.71	224.648
1193.30	229.058
1194.90	233.350
1196.50	237.538
1198.10	241.747
1199.69	245.775
1201.29	249.633
1202.89	253.389
1204.48	257.031
1206.08	260.214
1207.67	263.262
1209.27	266.317
1210.87	269.213
1212.46	272.080
1214.06	274.991
1215.65	277.443
1217.25	279.678
1218.84	281.927
1220.44	284.063
1222.03	286.090
1223.63	287.936
1225.22	289.579
1226.81	291.304
1228.41	292.924
1230.00	294.366
1231.59	295.636
1233.19	296.852
1234.78	297.932
1236.37	298.938
1237.97	299.895
1239.56	301.151
1241.15	302.175
1242.74	303.042
1244.34	303.713
1245.93	303.992
1247.52	304.086
1249.11	304.588
1250.70	304.917
1252.30	305.146
1253.89	305.234
1255.48	305.172
1257.07	305.004
1258.66	304.822
1260.25	304.398
1261.84	304.024
1263.43	303.745
1265.02	303.425
1266.61	303.021
1268.20	302.423
1269.79	301.789
1271.38	301.167
1272.97	300.321
1274.56	299.528
1276.14	298.615
1277.73	297.623
1279.32	296.852
1280.91	296.088
1282.50	294.892
1284.08	293.859
1285.67	292.609
1287.26	291.344
1288.85	290.075
1290.43	288.890
1292.02	287.686
1293.61	286.527
1295.19	285.315
1296.78	283.897
1298.37	282.258
1299.95	280.336
1301.54	278.488
1303.12	276.451
1304.71	274.433
1306.30	272.334
1307.88	270.249
1309.46	268.039
1311.05	265.905
1312.63	263.612
1314.22	261.157
1315.80	258.971
1317.39	256.558
1318.97	253.967
1320.55	251.278
1322.14	248.411
1323.72	245.367
1325.30	242.218
1326.89	238.847
1328.47	235.257
1330.05	231.529
1331.63	227.828
1333.22	224.230
1334.80	220.523
1336.38	216.711
1337.96	212.481
1339.54	208.035
1341.12	203.369
1342.70	198.638
1344.29	193.705
1345.87	188.627
1347.45	183.468
1349.03	177.822
1350.61	172.368
1352.19	167.295
1353.77	162.603
1355.34	158.516
1356.92	155.063
1358.50	152.168
1360.08	149.639
1361.66	147.402
1363.24	145.412
1364.82	143.595
1366.40	141.836
1367.97	140.100
1369.55	138.308
1371.13	136.509
1372.71	134.713
1374.28	132.838
1375.86	130.939
1377.44	129.069
1379.01	127.168
1380.59	125.365
1382.16	123.661
1383.74	121.868
1385.32	120.124
1386.89	118.363
1388.47	116.587
1390.04	114.776
1391.62	112.910
1393.19	111.045
1394.77	109.129
1396.34	107.306
1397.91	105.480
1399.49	103.811
1401.06	102.281
1402.63	100.921
1404.21	99.617
1405.78	98.453
1407.35	97.262
1408.93	96.116
1410.50	95.103
1412.07	94.169
1413.64	93.353
1415.21	92.624
1416.79	92.034
1418.36	91.535
1419.93	91.112
1421.50	90.772
1423.07	90.531
1424.64	90.391
1426.21	90.333
1427.78	90.395
1429.35	90.479
1430.92	90.604
1432.49	90.638
1434.06	90.663
1435.63	90.671
1437.20	90.741
1438.77	90.867
1440.33	90.968
1441.90	91.107
1443.47	91.176
1445.04	91.234
1446.60	91.260
1448.17	91.342
1449.74	91.450
1451.31	91.632
1452.87	91.869
1454.44	92.205
1456.01	92.613
1457.57	92.995
1459.14	93.385
1460.70	93.717
1462.27	94.194
1463.83	94.709
1465.40	95.380
1466.96	96.173
1468.53	97.100
1470.09	98.045
1471.66	98.957
1473.22	100.026
1474.78	101.110
1476.35	102.229
1477.91	103.479
1479.47	104.804
1481.04	106.145
1482.60	107.514
1484.16	108.826
1485.72	110.047
1487.28	111.246
1488.85	112.488
1490.41	113.807
1491.97	115.058
1493.53	116.489
1495.09	117.779
1496.65	119.109
1498.21	120.416
1499.77	121.486
1501.33	122.541
1502.89	123.541
1504.45	124.591
1506.01	125.729
1507.57	126.900
1509.13	128.122
1510.68	129.297
1512.24	130.388
1513.80	131.388
1515.36	132.349
1516.92	133.306
1518.47	134.306
1520.03	135.329
1521.59	136.394
1523.14	137.464
1524.70	138.641
1526.26	139.768
1527.81	140.998
1529.37	142.075
1530.92	143.133
1532.48	144.430
1534.03	145.690
1535.59	147.046
1537.14	148.391
1538.70	149.660
1540.25	150.844
1541.80	152.031
1543.36	153.137
1544.91	154.119
1546.46	155.067
1548.02	156.089
1549.57	157.124
1551.12	158.164
1552.67	159.133
1554.23	159.998
1555.78	160.838
1557.33	161.691
1558.88	162.425
1560.43	163.042
1561.98	163.855
1563.53	164.596
1565.08	165.128
1566.63	165.680
1568.18	166.216
1569.73	166.684
1571.28	167.025
1572.83	167.466
1574.38	167.937
1575.93	168.473
1577.48	169.283
1579.02	170.022
1580.57	170.598
1582.12	171.075
1583.67	171.561
1585.21	172.264
1586.76	172.846
1588.31	173.365
1589.85	173.752
1591.40	173.951
1592.94	174.111
1594.49	174.107
1596.04	174.163
1597.58	174.464
1599.13	174.667
1600.67	174.594
1602.21	174.649
1603.76	174.673
1605.30	174.551
1606.85	174.251
1608.39	173.950
1609.93	173.351
1611.48	172.783
1613.02	172.323
1614.56	171.877
1616.10	171.351
1617.64	170.483
1619.19	169.612
1620.73	168.678
1622.27	167.719
1623.81	167.005
1625.35	166.222
1626.89	165.474
1628.43	164.565
1629.97	163.345
1631.51	161.991
1633.05	160.797
1634.59	159.360
1636.13	157.860
1637.66	156.366
1639.20	154.988
1640.74	153.354
1642.28	151.871
1643.82	150.613
1645.35	149.076
1646.89	147.739
1648.43	146.371
1649.96	144.977
1651.50	143.608
1653.04	142.154
1654.57	140.657
1656.11	139.094
1657.64	137.628
1659.18	136.322
1660.71	135.160
1662.25	134.380
1663.78	134.118
1665.31	134.483
1666.85	135.422
1668.38	137.116
1669.91	139.038
1671.45	141.201
1672.98	143.484
1674.51	146.211
1676.04	148.548
1677.58	151.507
1679.11	153.674
1680.64	156.002
1682.17	158.155
1683.70	160.491
1685.23	162.392
1686.76	164.239
1688.29	165.973
1689.82	167.818
1691.35	169.224
1692.88	179.656
1694.41	173.158
1695.94	172.794
1697.46	173.681
1698.99	182.362
1700.52	175.801
1702.05	176.889
1703.57	177.943
1705.10	183.739
1706.63	180.005
