898.66	221.243
900.28	221.379
901.90	221.103
903.52	220.400
905.14	219.836
906.76	221.251
908.38	218.430
910.00	216.533
911.62	213.931
913.24	213.389
914.86	203.011
916.48	200.330
918.10	197.521
919.72	194.528
921.34	191.282
922.96	187.964
924.58	184.455
926.20	180.970
927.82	177.444
929.44	173.903
931.06	170.325
932.67	166.695
934.29	163.059
935.91	159.389
937.53	155.667
939.15	151.861
940.77	148.099
942.38	144.389
944.00	140.868
945.62	137.511
947.24	134.396
948.86	131.557
950.47	128.954
952.09	126.647
953.71	124.666
955.33	123.140
956.94	121.973
958.56	121.228
960.18	120.790
961.79	120.703
963.41	121.019
965.03	121.724
966.64	122.810
968.26	124.310
969.88	126.262
971.49	128.654
973.11	131.475
974.73	134.682
976.34	138.291
977.96	142.174
979.57	146.310
981.19	150.699
982.80	155.402
984.42	160.386
986.03	165.525
987.65	171.026
989.26	176.653
990.88	182.463
992.49	188.372
994.11	194.353
995.72	200.573
997.34	206.789
998.95	212.987
1000.57	219.339
1002.18	225.686
1003.79	231.854
1005.41	237.904
1007.02	243.928
1008.64	249.865
1010.25	255.675
1011.86	261.253
1013.48	266.892
1015.09	272.378
1016.70	277.521
1018.31	282.400
1019.93	287.080
1021.54	291.521
1023.15	295.659
1024.76	299.652
1026.38	303.420
1027.99	307.094
1029.60	310.477
1031.21	313.682
1032.82	316.670
1034.44	319.242
1036.05	321.655
1037.66	323.918
1039.27	325.926
1040.88	327.643
1042.49	329.136
1044.10	330.363
1045.71	331.450
1047.32	332.191
1048.93	332.684
1050.54	333.007
1052.15	333.182
1053.76	333.276
1055.37	332.973
1056.98	332.538
1058.59	332.050
1060.20	331.260
1061.81	330.401
1063.42	329.156
1065.03	327.679
1066.64	326.066
1068.25	324.239
1069.86	322.265
1071.47	320.129
1073.08	317.990
1074.68	315.780
1076.29	313.438
1077.90	310.833
1079.51	308.133
1081.12	305.409
1082.72	302.726
1084.33	300.030
1085.94	297.150
1087.55	293.989
1089.15	290.829
1090.76	287.720
1092.37	284.354
1093.97	281.098
1095.58	277.769
1097.19	274.554
1098.79	271.264
1100.40	267.994
1102.00	264.819
1103.61	261.622
1105.22	258.488
1106.82	255.254
1108.43	251.939
1110.03	248.740
1111.64	245.692
1113.24	242.802
1114.85	239.855
1116.45	236.855
1118.06	233.721
1119.66	230.739
1121.27	228.046
1122.87	225.409
1124.47	222.667
1126.08	220.030
1127.68	217.464
1129.28	214.911
1130.89	212.353
1132.49	209.964
1134.09	207.567
1135.70	205.268
1137.30	202.945
1138.90	200.653
1140.51	198.416
1142.11	196.359
1143.71	194.240
1145.31	192.199
1146.91	190.148
1148.52	188.153
1150.12	186.248
1151.72	184.462
1153.32	182.786
1154.92	181.078
1156.52	179.452
1158.12	178.063
1159.72	176.833
1161.33	175.730
1162.93	174.905
1164.53	174.378
1166.13	174.284
1167.73	174.741
1169.33	175.635
1170.93	177.016
1172.53	179.018
1174.12	181.401
1175.72	184.141
1177.32	187.176
1178.92	190.525
1180.52	193.907
1182.12	197.755
1183.72	201.825
1185.32	206.143
1186.91	210.515
1188.51	215.070
1190.11	219.676
1191.71	224.215
1193.30	228.605
1194.90	232.827
1196.50	236.920
1198.10	241.133
1199.69	245.216
1201.29	249.121
1202.89	252.851
1204.48	256.412
1206.08	259.530
1207.67	262.560
1209.27	265.661
1210.87	268.573
1212.46	271.352
1214.06	274.156
1215.65	276.564
1217.25	278.780
1218.84	281.031
1220.44	283.160
1222.03	285.130
1223.63	286.908
1225.22	288.481
1226.81	290.171
1228.41	291.805
1230.00	293.286
1231.59	294.486
1233.19	295.613
1234.78	296.617
1236.37	297.598
1237.97	298.607
1239.56	299.915
1241.15	300.967
1242.74	301.752
1244.34	302.343
1245.93	302.662
1247.52	302.826
1249.11	303.357
1250.70	303.721
1252.30	303.963
1253.89	304.049
1255.48	304.008
1257.07	303.849
1258.66	303.699
1260.25	303.304
1261.84	302.941
1263.43	302.646
1265.02	302.351
1266.61	301.969
1268.20	301.428
1269.79	300.822
1271.38	300.170
1272.97	299.253
1274.56	298.369
1276.14	297.416
1277.73	296.464
1279.32	295.701
1280.91	294.937
1282.50	293.695
1284.08	292.580
1285.67	291.250
1287.26	289.951
1288.85	288.690
1290.43	287.549
1292.02	286.357
1293.61	285.202
1295.19	283.951
1296.78	282.467
1298.37	280.803
1299.95	278.894
1301.54	277.081
1303.12	275.084
1304.71	273.055
1306.30	270.943
1307.88	268.864
1309.46	266.699
1311.05	264.585
1312.63	262.331
1314.22	259.894
1315.80	257.748
1317.39	255.387
1318.97	252.840
1320.55	250.181
1322.14	247.329
1323.72	244.263
1325.30	241.110
1326.89	237.742
1328.47	234.196
1330.05	230.560
1331.63	226.923
1333.22	223.330
1334.80	219.555
1336.38	215.711
1337.96	211.538
1339.54	207.186
1341.12	202.646
1342.70	197.991
1344.29	193.112
1345.87	188.012
1347.45	182.829
1349.03	177.198
1350.61	171.782
1352.19	166.811
1353.77	162.197
1355.34	158.115
1356.92	154.654
1358.50	151.750
1360.08	149.247
1361.66	147.034
1363.24	145.086
1364.82	143.289
1366.40	141.531
1367.97	139.777
1369.55	137.948
1371.13	136.108
1372.71	134.320
1374.28	132.451
1375.86	130.575
1377.44	128.701
1379.01	126.779
1380.59	124.978
1382.16	123.276
1383.74	121.525
1385.32	119.823
1386.89	118.118
1388.47	116.387
1390.04	114.620
1391.62	112.768
1393.19	110.879
1394.77	108.964
1396.34	107.147
1397.91	105.334
1399.49	103.704
1401.06	102.219
1402.63	100.869
1404.21	99.575
1405.78	98.402
1407.35	97.214
1408.93	96.077
1410.50	95.075
1412.07	94.170
1413.64	93.350
1415.21	92.604
1416.79	91.962
1418.36	91.414
1419.93	90.959
1421.50	90.642
1423.07	90.419
1424.64	90.294
1426.21	90.262
1427.78	90.322
1429.35	90.405
1430.92	90.523
1432.49	90.553
1434.06	90.603
1435.63	90.627
1437.20	90.727
1438.77	90.862
1440.33	90.944
1441.90	91.042
1443.47	91.060
1445.04	91.065
1446.60	91.079
1448.17	91.176
1449.74	91.320
1451.31	91.539
1452.87	91.793
1454.44	92.110
1456.01	92.486
1457.57	92.838
1459.14	93.191
1460.70	93.533
1462.27	94.042
1463.83	94.613
1465.40	95.321
1466.96	96.111
1468.53	97.004
1470.09	97.886
1471.66	98.745
1473.22	99.803
1474.78	100.926
1476.35	102.120
1477.91	103.449
1479.47	104.804
1481.04	106.149
1482.60	107.488
1484.16	108.759
1485.72	109.944
1487.28	111.128
1488.85	112.380
1490.41	113.752
1491.97	115.082
1493.53	116.543
1495.09	117.817
1496.65	119.087
1498.21	120.352
1499.77	121.404
1501.33	122.458
1502.89	123.484
1504.45	124.599
1506.01	125.788
1507.57	126.978
1509.13	128.170
1510.68	129.293
1512.24	130.330
1513.80	131.262
1515.36	132.180
1516.92	133.120
1518.47	134.134
1520.03	135.197
1521.59	136.305
1523.14	137.373
1524.70	138.515
1526.26	139.596
1527.81	140.785
1529.37	141.872
1530.92	142.921
1532.48	144.204
1534.03	145.485
1535.59	146.881
1537.14	148.227
1538.70	149.483
1540.25	150.636
1541.80	151.794
1543.36	152.879
1544.91	153.859
1546.46	154.817
1548.02	155.874
1549.57	156.964
1551.12	158.060
1552.67	159.040
1554.23	159.889
1555.78	160.709
1557.33	161.522
1558.88	162.232
1560.43	162.840
1561.98	163.620
1563.53	164.346
1565.08	164.894
1566.63	165.467
1568.18	166.017
1569.73	166.492
1571.28	166.833
1572.83	167.272
1574.38	167.728
1575.93	168.252
1577.48	169.044
1579.02	169.820
1580.57	170.443
1582.12	170.949
1583.67	171.447
1585.21	172.181
1586.76	172.779
1588.31	173.307
1589.85	173.702
1591.40	173.929
1592.94	174.120
1594.49	174.150
1596.04	174.254
1597.58	174.578
1599.13	174.777
1600.67	174.693
1602.21	174.749
1603.76	174.770
1605.30	174.643
1606.85	174.379
1608.39	174.113
1609.93	173.577
1611.48	173.017
1613.02	172.507
1614.56	172.004
1616.10	171.408
1617.64	170.457
1619.19	169.516
1620.73	168.541
1622.27	167.602
1623.81	166.902
1625.35	166.140
1626.89	165.408
1628.43	164.500
1629.97	163.267
1631.51	161.881
1633.05	160.616
1634.59	159.114
1636.13	157.575
1637.66	156.092
1639.20	154.737
1640.74	153.163
1642.28	151.716
1643.82	150.507
1645.35	149.024
1646.89	147.666
1648.43	146.270
1649.96	144.830
1651.50	143.462
1653.04	142.000
1654.57	140.512
1656.11	138.965
1657.64	137.534
1659.18	136.319
1660.71	135.153
1662.25	134.367
1663.78	134.082
1665.31	134.405
1666.85	135.272
1668.38	136.968
1669.91	138.869
1671.45	141.068
1672.98	143.276
1674.51	146.004
1676.04	148.314
1677.58	151.221
1679.11	153.448
1680.64	155.697
1682.17	157.808
1683.70	159.968
1685.23	161.847
1686.76	163.655
1688.29	165.385
1689.82	167.332
1691.35	168.628
1692.88	180.149
1694.41	173.789
1695.94	172.255
1697.46	172.437
1698.99	179.257
1700.52	174.764
1702.05	175.956
1703.57	176.832
1705.10	184.577
1706.63	178.294
