898.66	221.750
900.28	222.307
901.90	222.121
903.52	221.651
905.14	221.063
906.76	221.534
908.38	219.313
910.00	217.630
911.62	214.790
913.24	213.857
914.86	203.608
916.48	200.894
918.10	198.050
919.72	195.038
921.34	191.759
922.96	188.422
924.58	184.911
926.20	181.432
927.82	177.907
929.44	174.357
931.06	170.795
932.67	167.169
934.29	163.550
935.91	159.891
937.53	156.177
939.15	152.394
940.77	148.648
942.38	144.966
944.00	141.472
945.62	138.114
947.24	135.015
948.86	132.216
950.47	129.676
952.09	127.429
953.71	125.495
955.33	124.016
956.94	122.884
958.56	122.186
960.18	121.776
961.79	121.725
963.41	122.101
965.03	122.863
966.64	124.034
968.26	125.583
969.88	127.565
971.49	129.982
973.11	132.854
974.73	136.123
976.34	139.755
977.96	143.656
979.57	147.826
981.19	152.236
982.80	156.906
984.42	161.869
986.03	167.010
987.65	172.509
989.26	178.126
990.88	183.909
992.49	189.809
994.11	195.812
995.72	202.045
997.34	208.229
998.95	214.392
1000.57	220.688
1002.18	226.960
1003.79	233.081
1005.41	239.117
1007.02	245.150
1008.64	251.036
1010.25	256.738
1011.86	262.281
1013.48	267.904
1015.09	273.314
1016.70	278.437
1018.31	283.267
1019.93	287.925
1021.54	292.334
1023.15	296.372
1024.76	300.299
1026.38	304.032
1027.99	307.702
1029.60	311.072
1031.21	314.201
1032.82	317.166
1034.44	319.752
1036.05	322.194
1037.66	324.411
1039.27	326.328
1040.88	327.951
1042.49	329.408
1044.10	330.607
1045.71	331.618
1047.32	332.300
1048.93	332.877
1050.54	333.224
1052.15	333.366
1053.76	333.357
1055.37	333.046
1056.98	332.630
1058.59	332.128
1060.20	331.285
1061.81	330.349
1063.42	329.038
1065.03	327.557
1066.64	325.831
1068.25	323.872
1069.86	321.814
1071.47	319.709
1073.08	317.600
1074.68	315.402
1076.29	313.074
1077.90	310.578
1079.51	307.952
1081.12	305.196
1082.72	302.353
1084.33	299.588
1085.94	296.787
1087.55	293.732
1089.15	290.520
1090.76	287.376
1092.37	284.029
1093.97	280.824
1095.58	277.505
1097.19	274.263
1098.79	270.973
1100.40	267.787
1102.00	264.738
1103.61	261.632
1105.22	258.524
1106.82	255.294
1108.43	251.952
1110.03	248.749
1111.64	245.687
1113.24	242.751
1114.85	239.842
1116.45	236.963
1118.06	233.918
1119.66	230.945
1121.27	228.218
1122.87	225.606
1124.47	222.936
1126.08	220.383
1127.68	217.839
1129.28	215.292
1130.89	212.762
1132.49	210.417
1134.09	208.062
1135.70	205.750
1137.30	203.429
1138.90	201.115
1140.51	198.904
1142.11	196.897
1143.71	194.799
1145.31	192.762
1146.91	190.756
1148.52	188.795
1150.12	186.904
1151.72	185.107
1153.32	183.390
1154.92	181.675
1156.52	180.097
1158.12	178.717
1159.72	177.437
1161.33	176.303
1162.93	175.502
1164.53	175.036
1166.13	174.973
1167.73	175.413
1169.33	176.296
1170.93	177.618
1172.53	179.602
1174.12	181.981
1175.72	184.698
1177.32	187.710
1178.92	191.061
1180.52	194.452
1182.12	198.280
1183.72	202.268
1185.32	206.556
1186.91	210.971
1188.51	215.617
1190.11	220.251
1191.71	224.793
1193.30	229.109
1194.90	233.221
1196.50	237.304
1198.10	241.518
1199.69	245.620
1201.29	249.463
1202.89	253.149
1204.48	256.739
1206.08	259.923
1207.67	262.965
1209.27	266.082
1210.87	268.971
1212.46	271.653
1214.06	274.391
1215.65	276.758
1217.25	279.021
1218.84	281.258
1220.44	283.334
1222.03	285.179
1223.63	286.912
1225.22	288.457
1226.81	290.191
1228.41	291.906
1230.00	293.391
1231.59	294.551
1233.19	295.650
1234.78	296.723
1236.37	297.772
1237.97	298.824
1239.56	300.081
1241.15	301.121
1242.74	301.856
1244.34	302.461
1245.93	302.794
1247.52	303.027
1249.11	303.639
1250.70	303.977
1252.30	304.150
1253.89	304.188
1255.48	304.141
1257.07	304.074
1258.66	304.014
1260.25	303.621
1261.84	303.165
1263.43	302.798
1265.02	302.509
1266.61	302.113
1268.20	301.516
1269.79	300.884
1271.38	300.172
1272.97	299.196
1274.56	298.255
1276.14	297.304
1277.73	296.354
1279.32	295.675
1280.91	294.896
1282.50	293.619
1284.08	292.486
1285.67	291.156
1287.26	289.849
1288.85	288.637
1290.43	287.497
1292.02	286.290
1293.61	285.131
1295.19	283.893
1296.78	282.460
1298.37	280.849
1299.95	278.971
1301.54	277.194
1303.12	275.193
1304.71	273.144
1306.30	271.083
1307.88	269.048
1309.46	266.893
1311.05	264.815
1312.63	262.554
1314.22	260.099
1315.80	257.903
1317.39	255.504
1318.97	252.996
1320.55	250.396
1322.14	247.564
1323.72	244.433
1325.30	241.228
1326.89	237.860
1328.47	234.368
1330.05	230.729
1331.63	227.050
1333.22	223.439
1334.80	219.643
1336.38	215.748
1337.96	211.577
1339.54	207.226
1341.12	202.683
1342.70	198.045
1344.29	193.075
1345.87	187.869
1347.45	182.688
1349.03	177.133
1350.61	171.836
1352.19	166.914
1353.77	162.285
1355.34	158.174
1356.92	154.690
1358.50	151.776
1360.08	149.234
1361.66	147.047
1363.24	145.130
1364.82	143.307
1366.40	141.549
1367.97	139.787
1369.55	137.991
1371.13	136.220
1372.71	134.506
1374.28	132.713
1375.86	130.877
1377.44	129.012
1379.01	127.067
1380.59	125.219
1382.16	123.492
1383.74	121.742
1385.32	120.055
1386.89	118.370
1388.47	116.606
1390.04	114.781
1391.62	112.888
1393.19	110.993
1394.77	109.081
1396.34	107.288
1397.91	105.493
1399.49	103.848
1401.06	102.338
1402.63	100.984
1404.21	99.638
1405.78	98.433
1407.35	97.242
1408.93	96.117
1410.50	95.127
1412.07	94.255
1413.64	93.449
1415.21	92.710
1416.79	92.086
1418.36	91.554
1419.93	91.131
1421.50	90.847
1423.07	90.664
1424.64	90.555
1426.21	90.515
1427.78	90.545
1429.35	90.605
1430.92	90.736
1432.49	90.797
1434.06	90.885
1435.63	90.930
1437.20	91.061
1438.77	91.201
1440.33	91.265
1441.90	91.350
1443.47	91.353
1445.04	91.387
1446.60	91.432
1448.17	91.583
1449.74	91.758
1451.31	91.988
1452.87	92.238
1454.44	92.541
1456.01	92.921
1457.57	93.270
1459.14	93.640
1460.70	94.032
1462.27	94.589
1463.83	95.188
1465.40	95.893
1466.96	96.644
1468.53	97.462
1470.09	98.296
1471.66	99.185
1473.22	100.283
1474.78	101.453
1476.35	102.711
1477.91	104.077
1479.47	105.445
1481.04	106.728
1482.60	108.005
1484.16	109.228
1485.72	110.394
1487.28	111.620
1488.85	112.904
1490.41	114.312
1491.97	115.667
1493.53	117.120
1495.09	118.347
1496.65	119.545
1498.21	120.742
1499.77	121.745
1501.33	122.822
1502.89	123.907
1504.45	125.033
1506.01	126.242
1507.57	127.427
1509.13	128.568
1510.68	129.620
1512.24	130.598
1513.80	131.516
1515.36	132.460
1516.92	133.459
1518.47	134.527
1520.03	135.611
1521.59	136.707
1523.14	137.741
1524.70	138.819
1526.26	139.829
1527.81	140.974
1529.37	142.051
1530.92	143.154
1532.48	144.509
1534.03	145.870
1535.59	147.268
1537.14	148.581
1538.70	149.790
1540.25	150.902
1541.80	152.048
1543.36	153.112
1544.91	154.093
1546.46	155.092
1548.02	156.197
1549.57	157.342
1551.12	158.454
1552.67	159.446
1554.23	160.291
1555.78	161.064
1557.33	161.875
1558.88	162.607
1560.43	163.261
1561.98	164.098
1563.53	164.859
1565.08	165.444
1566.63	166.020
1568.18	166.595
1569.73	167.048
1571.28	167.359
1572.83	167.783
1574.38	168.243
1575.93	168.805
1577.48	169.663
1579.02	170.490
1580.57	171.139
1582.12	171.605
1583.67	172.077
1585.21	172.733
1586.76	173.285
1588.31	173.809
1589.85	174.191
1591.40	174.427
1592.94	174.616
1594.49	174.657
1596.04	174.748
1597.58	175.049
1599.13	175.194
1600.67	175.051
1602.21	175.142
1603.76	175.193
1605.30	175.086
1606.85	174.814
1608.39	174.553
1609.93	173.982
1611.48	173.370
1613.02	172.815
1614.56	172.302
1616.10	171.704
1617.64	170.797
1619.19	169.934
1620.73	169.097
1622.27	168.266
1623.81	167.632
1625.35	166.932
1626.89	166.189
1628.43	165.252
1629.97	163.986
1631.51	162.583
1633.05	161.317
1634.59	159.818
1636.13	158.309
1637.66	156.882
1639.20	155.600
1640.74	154.077
1642.28	152.649
1643.82	151.445
1645.35	149.867
1646.89	148.394
1648.43	146.902
1649.96	145.388
1651.50	143.938
1653.04	142.419
1654.57	140.899
1656.11	139.376
1657.64	137.944
1659.18	136.712
1660.71	135.561
1662.25	134.732
1663.78	134.347
1665.31	134.626
1666.85	135.452
1668.38	137.137
1669.91	139.027
1671.45	141.282
1672.98	143.570
1674.51	146.387
1676.04	148.769
1677.58	151.798
1679.11	154.081
1680.64	156.463
1682.17	158.548
1683.70	160.831
1685.23	162.779
1686.76	164.619
1688.29	166.464
1689.82	168.253
1691.35	169.632
1692.88	180.641
1694.41	173.400
1695.94	174.657
1697.46	171.194
1698.99	180.625
1700.52	177.614
1702.05	175.179
1703.57	179.583
1705.10	182.286
1706.63	179.524
