898.66	221.541
900.28	221.840
901.90	221.683
903.52	221.190
905.14	220.458
906.76	221.615
908.38	219.282
910.00	217.584
911.62	214.938
913.24	214.161
914.86	203.638
916.48	200.937
918.10	198.111
919.72	195.102
921.34	191.839
922.96	188.517
924.58	184.988
926.20	181.491
927.82	177.953
929.44	174.379
931.06	170.780
932.67	167.108
934.29	163.452
935.91	159.759
937.53	156.011
939.15	152.195
940.77	148.402
942.38	144.663
944.00	141.104
945.62	137.712
947.24	134.581
948.86	131.711
950.47	129.110
952.09	126.796
953.71	124.798
955.33	123.251
956.94	122.054
958.56	121.301
960.18	120.848
961.79	120.741
963.41	121.061
965.03	121.772
966.64	122.896
968.26	124.406
969.88	126.367
971.49	128.768
973.11	131.605
974.73	134.836
976.34	138.474
977.96	142.395
979.57	146.546
981.19	150.945
982.80	155.673
984.42	160.682
986.03	165.835
987.65	171.346
989.26	176.996
990.88	182.824
992.49	188.736
994.11	194.726
995.72	201.001
997.34	207.257
998.95	213.475
1000.57	219.808
1002.18	226.173
1003.79	232.385
1005.41	238.449
1007.02	244.479
1008.64	250.426
1010.25	256.229
1011.86	261.795
1013.48	267.412
1015.09	272.913
1016.70	278.111
1018.31	283.021
1019.93	287.740
1021.54	292.209
1023.15	296.360
1024.76	300.418
1026.38	304.245
1027.99	307.983
1029.60	311.390
1031.21	314.607
1032.82	317.665
1034.44	320.336
1036.05	322.836
1037.66	325.134
1039.27	327.180
1040.88	328.938
1042.49	330.446
1044.10	331.691
1045.71	332.830
1047.32	333.644
1048.93	334.184
1050.54	334.507
1052.15	334.673
1053.76	334.757
1055.37	334.464
1056.98	334.028
1058.59	333.492
1060.20	332.705
1061.81	331.858
1063.42	330.576
1065.03	329.045
1066.64	327.367
1068.25	325.513
1069.86	323.447
1071.47	321.243
1073.08	319.079
1074.68	316.892
1076.29	314.590
1077.90	312.009
1079.51	309.256
1081.12	306.454
1082.72	303.727
1084.33	300.997
1085.94	298.100
1087.55	294.926
1089.15	291.745
1090.76	288.634
1092.37	285.268
1093.97	281.976
1095.58	278.584
1097.19	275.338
1098.79	272.082
1100.40	268.832
1102.00	265.638
1103.61	262.424
1105.22	259.286
1106.82	256.047
1108.43	252.675
1110.03	249.408
1111.64	246.309
1113.24	243.418
1114.85	240.517
1116.45	237.525
1118.06	234.371
1119.66	231.376
1121.27	228.666
1122.87	226.026
1124.47	223.265
1126.08	220.631
1127.68	218.045
1129.28	215.484
1130.89	212.936
1132.49	210.516
1134.09	208.072
1135.70	205.720
1137.30	203.426
1138.90	201.139
1140.51	198.878
1142.11	196.810
1143.71	194.678
1145.31	192.637
1146.91	190.585
1148.52	188.564
1150.12	186.644
1151.72	184.853
1153.32	183.173
1154.92	181.459
1156.52	179.823
1158.12	178.447
1159.72	177.206
1161.33	176.111
1162.93	175.286
1164.53	174.765
1166.13	174.687
1167.73	175.154
1169.33	176.075
1170.93	177.423
1172.53	179.404
1174.12	181.808
1175.72	184.552
1177.32	187.638
1178.92	190.994
1180.52	194.375
1182.12	198.235
1183.72	202.297
1185.32	206.629
1186.91	211.052
1188.51	215.660
1190.11	220.270
1191.71	224.799
1193.30	229.188
1194.90	233.427
1196.50	237.574
1198.10	241.786
1199.69	245.865
1201.29	249.746
1202.89	253.498
1204.48	257.106
1206.08	260.255
1207.67	263.280
1209.27	266.369
1210.87	269.283
1212.46	272.111
1214.06	274.966
1215.65	277.390
1217.25	279.631
1218.84	281.896
1220.44	284.046
1222.03	286.043
1223.63	287.836
1225.22	289.439
1226.81	291.166
1228.41	292.827
1230.00	294.303
1231.59	295.549
1233.19	296.698
1234.78	297.745
1236.37	298.745
1237.97	299.738
1239.56	301.046
1241.15	302.094
1242.74	302.909
1244.34	303.532
1245.93	303.808
1247.52	303.941
1249.11	304.470
1250.70	304.805
1252.30	305.011
1253.89	305.054
1255.48	304.972
1257.07	304.821
1258.66	304.665
1260.25	304.265
1261.84	303.882
1263.43	303.564
1265.02	303.224
1266.61	302.812
1268.20	302.235
1269.79	301.630
1271.38	301.027
1272.97	300.140
1274.56	299.295
1276.14	298.371
1277.73	297.402
1279.32	296.684
1280.91	295.928
1282.50	294.734
1284.08	293.673
1285.67	292.393
1287.26	291.116
1288.85	289.859
1290.43	288.712
1292.02	287.540
1293.61	286.390
1295.19	285.161
1296.78	283.738
1298.37	282.123
1299.95	280.228
1301.54	278.404
1303.12	276.381
1304.71	274.339
1306.30	272.233
1307.88	270.169
1309.46	267.969
1311.05	265.850
1312.63	263.555
1314.22	261.100
1315.80	258.901
1317.39	256.487
1318.97	253.914
1320.55	251.248
1322.14	248.390
1323.72	245.308
1325.30	242.121
1326.89	238.726
1328.47	235.156
1330.05	231.451
1331.63	227.763
1333.22	224.164
1334.80	220.418
1336.38	216.554
1337.96	212.308
1339.54	207.877
1341.12	203.236
1342.70	198.550
1344.29	193.605
1345.87	188.486
1347.45	183.294
1349.03	177.631
1350.61	172.207
1352.19	167.190
1353.77	162.543
1355.34	158.459
1356.92	155.001
1358.50	152.077
1360.08	149.519
1361.66	147.287
1363.24	145.320
1364.82	143.501
1366.40	141.741
1367.97	139.990
1369.55	138.179
1371.13	136.370
1372.71	134.587
1374.28	132.737
1375.86	130.866
1377.44	129.023
1379.01	127.111
1380.59	125.288
1382.16	123.560
1383.74	121.762
1385.32	120.019
1386.89	118.269
1388.47	116.494
1390.04	114.689
1391.62	112.826
1393.19	110.953
1394.77	109.019
1396.34	107.206
1397.91	105.397
1399.49	103.748
1401.06	102.242
1402.63	100.888
1404.21	99.579
1405.78	98.391
1407.35	97.189
1408.93	96.032
1410.50	95.020
1412.07	94.106
1413.64	93.295
1415.21	92.569
1416.79	91.970
1418.36	91.469
1419.93	91.052
1421.50	90.737
1423.07	90.522
1424.64	90.389
1426.21	90.360
1427.78	90.417
1429.35	90.498
1430.92	90.619
1432.49	90.660
1434.06	90.693
1435.63	90.712
1437.20	90.810
1438.77	90.968
1440.33	91.080
1441.90	91.216
1443.47	91.269
1445.04	91.313
1446.60	91.346
1448.17	91.443
1449.74	91.574
1451.31	91.777
1452.87	92.026
1454.44	92.359
1456.01	92.750
1457.57	93.112
1459.14	93.474
1460.70	93.817
1462.27	94.305
1463.83	94.853
1465.40	95.536
1466.96	96.331
1468.53	97.248
1470.09	98.152
1471.66	99.037
1473.22	100.094
1474.78	101.188
1476.35	102.339
1477.91	103.638
1479.47	104.987
1481.04	106.325
1482.60	107.674
1484.16	108.949
1485.72	110.140
1487.28	111.327
1488.85	112.568
1490.41	113.919
1491.97	115.209
1493.53	116.654
1495.09	117.942
1496.65	119.239
1498.21	120.509
1499.77	121.543
1501.33	122.579
1502.89	123.595
1504.45	124.664
1506.01	125.835
1507.57	127.029
1509.13	128.248
1510.68	129.386
1512.24	130.434
1513.80	131.398
1515.36	132.340
1516.92	133.303
1518.47	134.320
1520.03	135.368
1521.59	136.452
1523.14	137.521
1524.70	138.686
1526.26	139.782
1527.81	140.978
1529.37	142.037
1530.92	143.104
1532.48	144.421
1534.03	145.714
1535.59	147.090
1537.14	148.448
1538.70	149.715
1540.25	150.879
1541.80	152.050
1543.36	153.129
1544.91	154.102
1546.46	155.046
1548.02	156.079
1549.57	157.137
1551.12	158.212
1552.67	159.196
1554.23	160.075
1555.78	160.909
1557.33	161.746
1558.88	162.479
1560.43	163.107
1561.98	163.925
1563.53	164.662
1565.08	165.207
1566.63	165.781
1568.18	166.335
1569.73	166.800
1571.28	167.123
1572.83	167.553
1574.38	168.014
1575.93	168.566
1577.48	169.391
1579.02	170.178
1580.57	170.794
1582.12	171.293
1583.67	171.776
1585.21	172.477
1586.76	173.056
1588.31	173.562
1589.85	173.940
1591.40	174.140
1592.94	174.298
1594.49	174.300
1596.04	174.379
1597.58	174.681
1599.13	174.853
1600.67	174.752
1602.21	174.801
1603.76	174.824
1605.30	174.701
1606.85	174.401
1608.39	174.102
1609.93	173.517
1611.48	172.929
1613.02	172.436
1614.56	171.963
1616.10	171.417
1617.64	170.519
1619.19	169.624
1620.73	168.711
1622.27	167.783
1623.81	167.103
1625.35	166.360
1626.89	165.645
1628.43	164.743
1629.97	163.519
1631.51	162.155
1633.05	160.938
1634.59	159.484
1636.13	157.966
1637.66	156.476
1639.20	155.123
1640.74	153.539
1642.28	152.096
1643.82	150.882
1645.35	149.365
1646.89	147.996
1648.43	146.577
1649.96	145.148
1651.50	143.726
1653.04	142.222
1654.57	140.689
1656.11	139.123
1657.64	137.631
1659.18	136.346
1660.71	135.173
1662.25	134.399
1663.78	134.116
1665.31	134.455
1666.85	135.363
1668.38	137.084
1669.91	138.988
1671.45	141.227
1672.98	143.522
1674.51	146.235
1676.04	148.582
1677.58	151.485
1679.11	153.765
1680.64	156.164
1682.17	158.256
1683.70	160.553
1685.23	162.497
1686.76	164.382
1688.29	166.141
1689.82	168.071
1691.35	169.405
1692.88	178.080
1694.41	174.274
1695.94	173.921
1697.46	172.487
1698.99	179.941
1700.52	176.992
1702.05	175.749
1703.57	179.266
1705.10	182.510
1706.63	180.058
