898.66	221.611
900.28	222.040
901.90	221.745
903.52	221.320
905.14	220.954
906.76	221.242
908.38	219.104
910.00	217.414
911.62	214.461
913.24	213.641
914.86	203.382
916.48	200.670
918.10	197.836
919.72	194.840
921.34	191.567
922.96	188.221
924.58	184.715
926.20	181.236
927.82	177.705
929.44	174.160
931.06	170.610
932.67	166.983
934.29	163.366
935.91	159.709
937.53	156.006
939.15	152.224
940.77	148.478
942.38	144.808
944.00	141.327
945.62	137.985
947.24	134.897
948.86	132.111
950.47	129.568
952.09	127.317
953.71	125.384
955.33	123.918
956.94	122.794
958.56	122.101
960.18	121.708
961.79	121.666
963.41	122.035
965.03	122.784
966.64	123.953
968.26	125.500
969.88	127.478
971.49	129.892
973.11	132.775
974.73	136.031
976.34	139.645
977.96	143.543
979.57	147.714
981.19	152.114
982.80	156.761
984.42	161.724
986.03	166.876
987.65	172.355
989.26	177.935
990.88	183.728
992.49	189.644
994.11	195.624
995.72	201.815
997.34	207.994
998.95	214.175
1000.57	220.456
1002.18	226.712
1003.79	232.833
1005.41	238.896
1007.02	244.920
1008.64	250.779
1010.25	256.485
1011.86	262.033
1013.48	267.656
1015.09	273.062
1016.70	278.172
1018.31	283.004
1019.93	287.656
1021.54	292.061
1023.15	296.095
1024.76	300.019
1026.38	303.755
1027.99	307.419
1029.60	310.773
1031.21	313.885
1032.82	316.823
1034.44	319.417
1036.05	321.843
1037.66	324.038
1039.27	325.939
1040.88	327.578
1042.49	329.043
1044.10	330.224
1045.71	331.213
1047.32	331.896
1048.93	332.479
1050.54	332.821
1052.15	332.943
1053.76	332.941
1055.37	332.665
1056.98	332.275
1058.59	331.739
1060.20	330.855
1061.81	329.940
1063.42	328.708
1065.03	327.256
1066.64	325.521
1068.25	323.563
1069.86	321.560
1071.47	319.493
1073.08	317.347
1074.68	315.092
1076.29	312.771
1077.90	310.304
1079.51	307.692
1081.12	304.915
1082.72	302.065
1084.33	299.332
1085.94	296.574
1087.55	293.512
1089.15	290.264
1090.76	287.109
1092.37	283.805
1093.97	280.646
1095.58	277.319
1097.19	274.024
1098.79	270.717
1100.40	267.561
1102.00	264.534
1103.61	261.402
1105.22	258.259
1106.82	255.039
1108.43	251.752
1110.03	248.583
1111.64	245.517
1113.24	242.567
1114.85	239.654
1116.45	236.792
1118.06	233.758
1119.66	230.764
1121.27	228.017
1122.87	225.406
1124.47	222.747
1126.08	220.185
1127.68	217.614
1129.28	215.057
1130.89	212.542
1132.49	210.222
1134.09	207.867
1135.70	205.539
1137.30	203.215
1138.90	200.922
1140.51	198.732
1142.11	196.720
1143.71	194.607
1145.31	192.562
1146.91	190.566
1148.52	188.624
1150.12	186.718
1151.72	184.899
1153.32	183.180
1154.92	181.495
1156.52	179.944
1158.12	178.571
1159.72	177.276
1161.33	176.147
1162.93	175.368
1164.53	174.916
1166.13	174.840
1167.73	175.271
1169.33	176.153
1170.93	177.507
1172.53	179.506
1174.12	181.874
1175.72	184.580
1177.32	187.588
1178.92	190.974
1180.52	194.384
1182.12	198.192
1183.72	202.171
1185.32	206.456
1186.91	210.881
1188.51	215.553
1190.11	220.207
1191.71	224.722
1193.30	229.007
1194.90	233.122
1196.50	237.251
1198.10	241.512
1199.69	245.625
1201.29	249.431
1202.89	253.089
1204.48	256.652
1206.08	259.863
1207.67	262.943
1209.27	266.046
1210.87	268.885
1212.46	271.517
1214.06	274.238
1215.65	276.643
1217.25	278.917
1218.84	281.134
1220.44	283.156
1222.03	284.961
1223.63	286.703
1225.22	288.280
1226.81	290.047
1228.41	291.750
1230.00	293.180
1231.59	294.291
1233.19	295.371
1234.78	296.470
1236.37	297.550
1237.97	298.612
1239.56	299.820
1241.15	300.787
1242.74	301.501
1244.34	302.140
1245.93	302.539
1247.52	302.804
1249.11	303.375
1250.70	303.680
1252.30	303.848
1253.89	303.915
1255.48	303.902
1257.07	303.810
1258.66	303.727
1260.25	303.302
1261.84	302.825
1263.43	302.468
1265.02	302.212
1266.61	301.864
1268.20	301.304
1269.79	300.653
1271.38	299.897
1272.97	298.921
1274.56	298.014
1276.14	297.103
1277.73	296.186
1279.32	295.492
1280.91	294.689
1282.50	293.384
1284.08	292.229
1285.67	290.902
1287.26	289.629
1288.85	288.442
1290.43	287.318
1292.02	286.086
1293.61	284.886
1295.19	283.633
1296.78	282.203
1298.37	280.578
1299.95	278.681
1301.54	276.862
1303.12	274.838
1304.71	272.799
1306.30	270.744
1307.88	268.706
1309.46	266.558
1311.05	264.480
1312.63	262.207
1314.22	259.752
1315.80	257.588
1317.39	255.230
1318.97	252.735
1320.55	250.117
1322.14	247.255
1323.72	244.118
1325.30	240.942
1326.89	237.631
1328.47	234.170
1330.05	230.536
1331.63	226.860
1333.22	223.227
1334.80	219.430
1336.38	215.572
1337.96	211.453
1339.54	207.134
1341.12	202.618
1342.70	197.945
1344.29	192.915
1345.87	187.703
1347.45	182.539
1349.03	177.019
1350.61	171.746
1352.19	166.817
1353.77	162.174
1355.34	158.037
1356.92	154.548
1358.50	151.656
1360.08	149.139
1361.66	146.989
1363.24	145.076
1364.82	143.256
1366.40	141.490
1367.97	139.721
1369.55	137.935
1371.13	136.167
1372.71	134.452
1374.28	132.656
1375.86	130.812
1377.44	128.930
1379.01	126.961
1380.59	125.120
1382.16	123.423
1383.74	121.705
1385.32	120.044
1386.89	118.353
1388.47	116.583
1390.04	114.755
1391.62	112.866
1393.19	110.973
1394.77	109.065
1396.34	107.292
1397.91	105.510
1399.49	103.871
1401.06	102.362
1402.63	100.979
1404.21	99.659
1405.78	98.469
1407.35	97.304
1408.93	96.187
1410.50	95.209
1412.07	94.309
1413.64	93.484
1415.21	92.712
1416.79	92.064
1418.36	91.525
1419.93	91.113
1421.50	90.834
1423.07	90.661
1424.64	90.525
1426.21	90.473
1427.78	90.488
1429.35	90.539
1430.92	90.666
1432.49	90.751
1434.06	90.851
1435.63	90.922
1437.20	91.040
1438.77	91.156
1440.33	91.190
1441.90	91.261
1443.47	91.258
1445.04	91.306
1446.60	91.375
1448.17	91.553
1449.74	91.732
1451.31	91.954
1452.87	92.167
1454.44	92.446
1456.01	92.803
1457.57	93.162
1459.14	93.560
1460.70	93.990
1462.27	94.577
1463.83	95.181
1465.40	95.867
1466.96	96.582
1468.53	97.373
1470.09	98.198
1471.66	99.096
1473.22	100.228
1474.78	101.440
1476.35	102.739
1477.91	104.115
1479.47	105.460
1481.04	106.706
1482.60	107.958
1484.16	109.175
1485.72	110.361
1487.28	111.625
1488.85	112.945
1490.41	114.381
1491.97	115.736
1493.53	117.162
1495.09	118.344
1496.65	119.512
1498.21	120.708
1499.77	121.731
1501.33	122.839
1502.89	123.961
1504.45	125.114
1506.01	126.322
1507.57	127.482
1509.13	128.570
1510.68	129.579
1512.24	130.545
1513.80	131.462
1515.36	132.425
1516.92	133.456
1518.47	134.561
1520.03	135.660
1521.59	136.751
1523.14	137.751
1524.70	138.808
1526.26	139.799
1527.81	140.943
1529.37	142.047
1530.92	143.181
1532.48	144.567
1534.03	145.947
1535.59	147.341
1537.14	148.627
1538.70	149.804
1540.25	150.875
1541.80	152.004
1543.36	153.084
1544.91	154.084
1546.46	155.118
1548.02	156.251
1549.57	157.399
1551.12	158.493
1552.67	159.442
1554.23	160.250
1555.78	161.009
1557.33	161.795
1558.88	162.527
1560.43	163.195
1561.98	164.031
1563.53	164.795
1565.08	165.376
1566.63	165.939
1568.18	166.494
1569.73	166.950
1571.28	167.266
1572.83	167.709
1574.38	168.189
1575.93	168.752
1577.48	169.614
1579.02	170.445
1580.57	171.099
1582.12	171.569
1583.67	172.043
1585.21	172.711
1586.76	173.260
1588.31	173.780
1589.85	174.169
1591.40	174.415
1592.94	174.622
1594.49	174.667
1596.04	174.745
1597.58	175.039
1599.13	175.178
1600.67	175.048
1602.21	175.135
1603.76	175.180
1605.30	175.086
1606.85	174.814
1608.39	174.560
1609.93	173.974
1611.48	173.340
1613.02	172.748
1614.56	172.205
1616.10	171.575
1617.64	170.657
1619.19	169.822
1620.73	168.997
1622.27	168.196
1623.81	167.570
1625.35	166.845
1626.89	166.088
1628.43	165.106
1629.97	163.792
1631.51	162.348
1633.05	161.036
1634.59	159.530
1636.13	158.046
1637.66	156.640
1639.20	155.405
1640.74	153.904
1642.28	152.492
1643.82	151.261
1645.35	149.656
1646.89	148.143
1648.43	146.616
1649.96	145.113
1651.50	143.662
1653.04	142.216
1654.57	140.723
1656.11	139.254
1657.64	137.849
1659.18	136.638
1660.71	135.457
1662.25	134.566
1663.78	134.156
1665.31	134.415
1666.85	135.250
1668.38	136.965
1669.91	138.861
1671.45	141.113
1672.98	143.381
1674.51	146.177
1676.04	148.570
1677.58	151.546
1679.11	153.799
1680.64	156.131
1682.17	158.206
1683.70	160.548
1685.23	162.377
1686.76	164.254
1688.29	165.987
1689.82	167.849
1691.35	169.173
1692.88	180.149
1694.41	174.517
1695.94	172.843
1697.46	172.338
1698.99	182.099
1700.52	175.386
1702.05	175.697
1703.57	178.313
1705.10	182.342
1706.63	180.540
