898.66	221.541
900.28	221.967
901.90	221.650
903.52	221.237
905.14	220.486
906.76	221.898
908.38	219.239
910.00	217.180
911.62	214.301
913.24	214.145
914.86	203.643
916.48	200.949
918.10	198.129
919.72	195.137
921.34	191.875
922.96	188.554
924.58	185.025
926.20	181.524
927.82	177.986
929.44	174.434
931.06	170.832
932.67	167.170
934.29	163.505
935.91	159.809
937.53	156.053
939.15	152.215
940.77	148.423
942.38	144.687
944.00	141.115
945.62	137.712
947.24	134.566
948.86	131.679
950.47	129.041
952.09	126.700
953.71	124.684
955.33	123.122
956.94	121.906
958.56	121.133
960.18	120.671
961.79	120.552
963.41	120.844
965.03	121.536
966.64	122.622
968.26	124.105
969.88	126.041
971.49	128.429
973.11	131.248
974.73	134.452
976.34	138.057
977.96	141.983
979.57	146.163
981.19	150.551
982.80	155.270
984.42	160.306
986.03	165.498
987.65	171.004
989.26	176.641
990.88	182.514
992.49	188.471
994.11	194.454
995.72	200.685
997.34	206.964
998.95	213.203
1000.57	219.563
1002.18	225.950
1003.79	232.191
1005.41	238.301
1007.02	244.340
1008.64	250.293
1010.25	256.158
1011.86	261.777
1013.48	267.399
1015.09	272.899
1016.70	278.099
1018.31	283.040
1019.93	287.762
1021.54	292.231
1023.15	296.408
1024.76	300.472
1026.38	304.291
1027.99	308.008
1029.60	311.411
1031.21	314.640
1032.82	317.711
1034.44	320.356
1036.05	322.791
1037.66	325.073
1039.27	327.136
1040.88	328.929
1042.49	330.461
1044.10	331.670
1045.71	332.797
1047.32	333.654
1048.93	334.194
1050.54	334.493
1052.15	334.632
1053.76	334.765
1055.37	334.547
1056.98	334.131
1058.59	333.572
1060.20	332.772
1061.81	332.002
1063.42	330.810
1065.03	329.256
1066.64	327.568
1068.25	325.792
1069.86	323.881
1071.47	321.723
1073.08	319.511
1074.68	317.289
1076.29	315.003
1077.90	312.449
1079.51	309.669
1081.12	306.837
1082.72	304.160
1084.33	301.509
1085.94	298.623
1087.55	295.349
1089.15	292.093
1090.76	288.988
1092.37	285.666
1093.97	282.392
1095.58	278.940
1097.19	275.657
1098.79	272.433
1100.40	269.198
1102.00	265.954
1103.61	262.641
1105.22	259.437
1106.82	256.212
1108.43	252.889
1110.03	249.628
1111.64	246.506
1113.24	243.603
1114.85	240.690
1116.45	237.678
1118.06	234.492
1119.66	231.469
1121.27	228.781
1122.87	226.166
1124.47	223.412
1126.08	220.730
1127.68	218.120
1129.28	215.579
1130.89	213.046
1132.49	210.634
1134.09	208.183
1135.70	205.828
1137.30	203.524
1138.90	201.271
1140.51	199.014
1142.11	196.903
1143.71	194.740
1145.31	192.685
1146.91	190.634
1148.52	188.601
1150.12	186.656
1151.72	184.847
1153.32	183.185
1154.92	181.503
1156.52	179.861
1158.12	178.425
1159.72	177.166
1161.33	176.064
1162.93	175.240
1164.53	174.694
1166.13	174.546
1167.73	175.006
1169.33	175.936
1170.93	177.347
1172.53	179.339
1174.12	181.724
1175.72	184.496
1177.32	187.608
1178.92	191.014
1180.52	194.402
1182.12	198.219
1183.72	202.293
1185.32	206.661
1186.91	211.093
1188.51	215.628
1190.11	220.179
1191.71	224.654
1193.30	229.064
1194.90	233.382
1196.50	237.584
1198.10	241.816
1199.69	245.843
1201.29	249.714
1202.89	253.482
1204.48	257.127
1206.08	260.322
1207.67	263.347
1209.27	266.392
1210.87	269.270
1212.46	272.135
1214.06	275.068
1215.65	277.564
1217.25	279.807
1218.84	282.026
1220.44	284.134
1222.03	286.177
1223.63	288.069
1225.22	289.735
1226.81	291.447
1228.41	293.029
1230.00	294.445
1231.59	295.698
1233.19	296.932
1234.78	298.013
1236.37	299.011
1237.97	299.973
1239.56	301.203
1241.15	302.230
1242.74	303.103
1244.34	303.804
1245.93	304.122
1247.52	304.191
1249.11	304.656
1250.70	304.985
1252.30	305.257
1253.89	305.408
1255.48	305.372
1257.07	305.190
1258.66	305.001
1260.25	304.562
1261.84	304.189
1263.43	303.944
1265.02	303.672
1266.61	303.267
1268.20	302.658
1269.79	301.988
1271.38	301.336
1272.97	300.499
1274.56	299.724
1276.14	298.810
1277.73	297.818
1279.32	297.003
1280.91	296.232
1282.50	295.008
1284.08	293.963
1285.67	292.707
1287.26	291.426
1288.85	290.142
1290.43	288.917
1292.02	287.662
1293.61	286.518
1295.19	285.331
1296.78	283.909
1298.37	282.235
1299.95	280.301
1301.54	278.456
1303.12	276.447
1304.71	274.434
1306.30	272.356
1307.88	270.268
1309.46	268.075
1311.05	265.936
1312.63	263.649
1314.22	261.199
1315.80	259.035
1317.39	256.623
1318.97	254.027
1320.55	251.323
1322.14	248.460
1323.72	245.447
1325.30	242.346
1326.89	238.978
1328.47	235.376
1330.05	231.633
1331.63	227.928
1333.22	224.328
1334.80	220.622
1336.38	216.828
1337.96	212.623
1339.54	208.157
1341.12	203.490
1342.70	198.736
1344.29	193.799
1345.87	188.736
1347.45	183.585
1349.03	177.958
1350.61	172.487
1352.19	167.387
1353.77	162.681
1355.34	158.576
1356.92	155.103
1358.50	152.223
1360.08	149.714
1361.66	147.473
1363.24	145.484
1364.82	143.653
1366.40	141.884
1367.97	140.141
1369.55	138.328
1371.13	136.510
1372.71	134.695
1374.28	132.795
1375.86	130.868
1377.44	128.975
1379.01	127.057
1380.59	125.288
1382.16	123.621
1383.74	121.868
1385.32	120.139
1386.89	118.369
1388.47	116.598
1390.04	114.810
1391.62	112.963
1393.19	111.110
1394.77	109.202
1396.34	107.373
1397.91	105.540
1399.49	103.864
1401.06	102.340
1402.63	100.996
1404.21	99.702
1405.78	98.552
1407.35	97.369
1408.93	96.213
1410.50	95.183
1412.07	94.239
1413.64	93.392
1415.21	92.635
1416.79	92.030
1418.36	91.508
1419.93	91.079
1421.50	90.718
1423.07	90.477
1424.64	90.316
1426.21	90.251
1427.78	90.320
1429.35	90.425
1430.92	90.566
1432.49	90.619
1434.06	90.651
1435.63	90.626
1437.20	90.691
1438.77	90.796
1440.33	90.877
1441.90	91.009
1443.47	91.069
1445.04	91.124
1446.60	91.153
1448.17	91.233
1449.74	91.323
1451.31	91.493
1452.87	91.719
1454.44	92.061
1456.01	92.474
1457.57	92.874
1459.14	93.277
1460.70	93.621
1462.27	94.088
1463.83	94.588
1465.40	95.241
1466.96	96.016
1468.53	96.956
1470.09	97.899
1471.66	98.828
1473.22	99.918
1474.78	101.015
1476.35	102.137
1477.91	103.371
1479.47	104.671
1481.04	106.008
1482.60	107.380
1484.16	108.722
1485.72	109.968
1487.28	111.181
1488.85	112.426
1490.41	113.746
1491.97	114.987
1493.53	116.397
1495.09	117.683
1496.65	119.022
1498.21	120.358
1499.77	121.480
1501.33	122.556
1502.89	123.564
1504.45	124.608
1506.01	125.722
1507.57	126.874
1509.13	128.071
1510.68	129.243
1512.24	130.353
1513.80	131.370
1515.36	132.349
1516.92	133.294
1518.47	134.279
1520.03	135.281
1521.59	136.334
1523.14	137.387
1524.70	138.560
1526.26	139.690
1527.81	140.944
1529.37	142.059
1530.92	143.114
1532.48	144.369
1534.03	145.609
1535.59	146.944
1537.14	148.266
1538.70	149.519
1540.25	150.704
1541.80	151.912
1543.36	153.038
1544.91	154.046
1546.46	155.008
1548.02	156.037
1549.57	157.072
1551.12	158.119
1552.67	159.079
1554.23	159.935
1555.78	160.771
1557.33	161.630
1558.88	162.384
1560.43	162.988
1561.98	163.768
1563.53	164.495
1565.08	165.024
1566.63	165.557
1568.18	166.097
1569.73	166.586
1571.28	166.950
1572.83	167.403
1574.38	167.876
1575.93	168.403
1577.48	169.181
1579.02	169.901
1580.57	170.471
1582.12	170.954
1583.67	171.435
1585.21	172.161
1586.76	172.766
1588.31	173.319
1589.85	173.724
1591.40	173.938
1592.94	174.117
1594.49	174.127
1596.04	174.200
1597.58	174.524
1599.13	174.757
1600.67	174.711
1602.21	174.777
1603.76	174.816
1605.30	174.707
1606.85	174.442
1608.39	174.170
1609.93	173.601
1611.48	173.035
1613.02	172.553
1614.56	172.098
1616.10	171.570
1617.64	170.707
1619.19	169.812
1620.73	168.824
1622.27	167.826
1623.81	167.067
1625.35	166.244
1626.89	165.463
1628.43	164.530
1629.97	163.284
1631.51	161.932
1633.05	160.722
1634.59	159.286
1636.13	157.794
1637.66	156.290
1639.20	154.868
1640.74	153.207
1642.28	151.683
1643.82	150.413
1645.35	148.878
1646.89	147.518
1648.43	146.166
1649.96	144.782
1651.50	143.450
1653.04	142.076
1654.57	140.619
1656.11	139.047
1657.64	137.576
1659.18	136.296
1660.71	135.129
1662.25	134.362
1663.78	134.093
1665.31	134.453
1666.85	135.395
1668.38	137.152
1669.91	139.051
1671.45	141.274
1672.98	143.528
1674.51	146.293
1676.04	148.631
1677.58	151.569
1679.11	153.777
1680.64	156.058
1682.17	158.169
1683.70	160.448
1685.23	162.364
1686.76	164.091
1688.29	165.914
1689.82	167.763
1691.35	169.132
1692.88	179.902
1694.41	172.769
1695.94	172.500
1697.46	173.980
1698.99	180.520
1700.52	177.251
1702.05	173.418
1703.57	179.319
1705.10	181.951
1706.63	179.898
