898.66	221.526
900.28	221.632
901.90	221.208
903.52	221.102
905.14	220.636
906.76	221.071
908.38	219.013
910.00	217.409
911.62	214.465
913.24	213.509
914.86	203.188
916.48	200.462
918.10	197.636
919.72	194.637
921.34	191.372
922.96	188.036
924.58	184.540
926.20	181.062
927.82	177.524
929.44	173.972
931.06	170.415
932.67	166.789
934.29	163.171
935.91	159.516
937.53	155.807
939.15	152.024
940.77	148.277
942.38	144.591
944.00	141.100
945.62	137.737
947.24	134.649
948.86	131.860
950.47	129.317
952.09	127.058
953.71	125.126
955.33	123.641
956.94	122.499
958.56	121.784
960.18	121.372
961.79	121.313
963.41	121.664
965.03	122.411
966.64	123.577
968.26	125.120
969.88	127.093
971.49	129.498
973.11	132.380
974.73	135.632
976.34	139.245
977.96	143.146
979.57	147.322
981.19	151.705
982.80	156.339
984.42	161.304
986.03	166.458
987.65	171.941
989.26	177.538
990.88	183.321
992.49	189.213
994.11	195.184
995.72	201.393
997.34	207.590
998.95	213.776
1000.57	220.039
1002.18	226.293
1003.79	232.404
1005.41	238.453
1007.02	244.460
1008.64	250.325
1010.25	256.021
1011.86	261.558
1013.48	267.150
1015.09	272.545
1016.70	277.694
1018.31	282.555
1019.93	287.214
1021.54	291.602
1023.15	295.610
1024.76	299.569
1026.38	303.357
1027.99	307.046
1029.60	310.404
1031.21	313.516
1032.82	316.504
1034.44	319.159
1036.05	321.607
1037.66	323.828
1039.27	325.763
1040.88	327.428
1042.49	328.877
1044.10	330.068
1045.71	331.069
1047.32	331.787
1048.93	332.411
1050.54	332.720
1052.15	332.808
1053.76	332.799
1055.37	332.563
1056.98	332.191
1058.59	331.629
1060.20	330.732
1061.81	329.840
1063.42	328.605
1065.03	327.125
1066.64	325.325
1068.25	323.351
1069.86	321.344
1071.47	319.245
1073.08	317.085
1074.68	314.852
1076.29	312.595
1077.90	310.185
1079.51	307.563
1081.12	304.751
1082.72	301.869
1084.33	299.164
1085.94	296.442
1087.55	293.388
1089.15	290.117
1090.76	286.970
1092.37	283.691
1093.97	280.542
1095.58	277.192
1097.19	273.876
1098.79	270.604
1100.40	267.500
1102.00	264.472
1103.61	261.332
1105.22	258.196
1106.82	254.983
1108.43	251.682
1110.03	248.478
1111.64	245.357
1113.24	242.405
1114.85	239.528
1116.45	236.696
1118.06	233.652
1119.66	230.629
1121.27	227.869
1122.87	225.272
1124.47	222.619
1126.08	220.050
1127.68	217.464
1129.28	214.902
1130.89	212.407
1132.49	210.076
1134.09	207.681
1135.70	205.328
1137.30	202.995
1138.90	200.712
1140.51	198.522
1142.11	196.499
1143.71	194.373
1145.31	192.329
1146.91	190.343
1148.52	188.394
1150.12	186.482
1151.72	184.659
1153.32	182.948
1154.92	181.269
1156.52	179.712
1158.12	178.324
1159.72	177.025
1161.33	175.898
1162.93	175.125
1164.53	174.676
1166.13	174.602
1167.73	175.035
1169.33	175.935
1170.93	177.299
1172.53	179.293
1174.12	181.655
1175.72	184.345
1177.32	187.368
1178.92	190.759
1180.52	194.168
1182.12	197.959
1183.72	201.898
1185.32	206.190
1186.91	210.635
1188.51	215.347
1190.11	219.972
1191.71	224.446
1193.30	228.698
1194.90	232.793
1196.50	236.946
1198.10	241.202
1199.69	245.294
1201.29	249.061
1202.89	252.700
1204.48	256.291
1206.08	259.538
1207.67	262.635
1209.27	265.725
1210.87	268.527
1212.46	271.163
1214.06	273.893
1215.65	276.324
1217.25	278.620
1218.84	280.830
1220.44	282.847
1222.03	284.635
1223.63	286.376
1225.22	287.975
1226.81	289.773
1228.41	291.493
1230.00	292.908
1231.59	294.023
1233.19	295.144
1234.78	296.303
1236.37	297.408
1237.97	298.460
1239.56	299.649
1241.15	300.581
1242.74	301.296
1244.34	301.974
1245.93	302.374
1247.52	302.650
1249.11	303.216
1250.70	303.484
1252.30	303.639
1253.89	303.702
1255.48	303.731
1257.07	303.678
1258.66	303.608
1260.25	303.179
1261.84	302.696
1263.43	302.334
1265.02	302.077
1266.61	301.719
1268.20	301.129
1269.79	300.459
1271.38	299.678
1272.97	298.674
1274.56	297.796
1276.14	296.924
1277.73	296.000
1279.32	295.311
1280.91	294.481
1282.50	293.181
1284.08	292.058
1285.67	290.765
1287.26	289.499
1288.85	288.282
1290.43	287.144
1292.02	285.910
1293.61	284.697
1295.19	283.446
1296.78	282.052
1298.37	280.458
1299.95	278.567
1301.54	276.751
1303.12	274.732
1304.71	272.715
1306.30	270.685
1307.88	268.671
1309.46	266.521
1311.05	264.464
1312.63	262.195
1314.22	259.763
1315.80	257.578
1317.39	255.213
1318.97	252.701
1320.55	250.082
1322.14	247.221
1323.72	244.086
1325.30	240.916
1326.89	237.613
1328.47	234.158
1330.05	230.496
1331.63	226.797
1333.22	223.159
1334.80	219.373
1336.38	215.530
1337.96	211.413
1339.54	207.119
1341.12	202.567
1342.70	197.869
1344.29	192.796
1345.87	187.580
1347.45	182.420
1349.03	176.951
1350.61	171.701
1352.19	166.772
1353.77	162.115
1355.34	157.980
1356.92	154.492
1358.50	151.585
1360.08	149.079
1361.66	146.932
1363.24	145.028
1364.82	143.200
1366.40	141.415
1367.97	139.647
1369.55	137.857
1371.13	136.120
1372.71	134.408
1374.28	132.628
1375.86	130.779
1377.44	128.906
1379.01	126.937
1380.59	125.088
1382.16	123.370
1383.74	121.649
1385.32	119.985
1386.89	118.286
1388.47	116.486
1390.04	114.622
1391.62	112.714
1393.19	110.831
1394.77	108.940
1396.34	107.175
1397.91	105.385
1399.49	103.735
1401.06	102.199
1402.63	100.818
1404.21	99.474
1405.78	98.283
1407.35	97.119
1408.93	96.001
1410.50	95.020
1412.07	94.132
1413.64	93.309
1415.21	92.558
1416.79	91.929
1418.36	91.428
1419.93	91.041
1421.50	90.791
1423.07	90.625
1424.64	90.507
1426.21	90.444
1427.78	90.453
1429.35	90.486
1430.92	90.631
1432.49	90.724
1434.06	90.849
1435.63	90.919
1437.20	91.034
1438.77	91.138
1440.33	91.164
1441.90	91.235
1443.47	91.242
1445.04	91.306
1446.60	91.385
1448.17	91.557
1449.74	91.746
1451.31	91.944
1452.87	92.148
1454.44	92.414
1456.01	92.768
1457.57	93.125
1459.14	93.538
1460.70	93.981
1462.27	94.582
1463.83	95.179
1465.40	95.836
1466.96	96.521
1468.53	97.294
1470.09	98.123
1471.66	99.041
1473.22	100.190
1474.78	101.402
1476.35	102.686
1477.91	104.037
1479.47	105.361
1481.04	106.591
1482.60	107.821
1484.16	109.026
1485.72	110.212
1487.28	111.483
1488.85	112.825
1490.41	114.262
1491.97	115.602
1493.53	117.004
1495.09	118.167
1496.65	119.325
1498.21	120.527
1499.77	121.549
1501.33	122.678
1502.89	123.805
1504.45	124.952
1506.01	126.143
1507.57	127.288
1509.13	128.370
1510.68	129.377
1512.24	130.335
1513.80	131.256
1515.36	132.239
1516.92	133.302
1518.47	134.417
1520.03	135.521
1521.59	136.588
1523.14	137.582
1524.70	138.621
1526.26	139.606
1527.81	140.747
1529.37	141.841
1530.92	142.987
1532.48	144.402
1534.03	145.772
1535.59	147.158
1537.14	148.438
1538.70	149.614
1540.25	150.691
1541.80	151.819
1543.36	152.880
1544.91	153.884
1546.46	154.939
1548.02	156.083
1549.57	157.222
1551.12	158.300
1552.67	159.235
1554.23	160.034
1555.78	160.784
1557.33	161.586
1558.88	162.332
1560.43	163.026
1561.98	163.897
1563.53	164.686
1565.08	165.270
1566.63	165.851
1568.18	166.412
1569.73	166.859
1571.28	167.163
1572.83	167.603
1574.38	168.090
1575.93	168.698
1577.48	169.593
1579.02	170.432
1580.57	171.061
1582.12	171.516
1583.67	171.983
1585.21	172.636
1586.76	173.180
1588.31	173.681
1589.85	174.069
1591.40	174.305
1592.94	174.487
1594.49	174.520
1596.04	174.557
1597.58	174.823
1599.13	174.944
1600.67	174.791
1602.21	174.869
1603.76	174.915
1605.30	174.806
1606.85	174.536
1608.39	174.262
1609.93	173.652
1611.48	173.008
1613.02	172.434
1614.56	171.914
1616.10	171.312
1617.64	170.414
1619.19	169.607
1620.73	168.838
1622.27	168.048
1623.81	167.439
1625.35	166.726
1626.89	165.959
1628.43	164.991
1629.97	163.678
1631.51	162.231
1633.05	160.958
1634.59	159.487
1636.13	158.049
1637.66	156.688
1639.20	155.466
1640.74	153.973
1642.28	152.565
1643.82	151.295
1645.35	149.645
1646.89	148.114
1648.43	146.563
1649.96	145.068
1651.50	143.612
1653.04	142.159
1654.57	140.689
1656.11	139.226
1657.64	137.837
1659.18	136.614
1660.71	135.449
1662.25	134.602
1663.78	134.208
1665.31	134.430
1666.85	135.268
1668.38	136.954
1669.91	138.878
1671.45	141.104
1672.98	143.396
1674.51	146.169
1676.04	148.561
1677.58	151.558
1679.11	153.772
1680.64	156.106
1682.17	158.176
1683.70	160.476
1685.23	162.413
1686.76	164.250
1688.29	166.088
1689.82	167.933
1691.35	169.306
1692.88	179.804
1694.41	174.323
1695.94	171.813
1697.46	171.940
1698.99	178.836
1700.52	178.132
1702.05	174.868
1703.57	179.319
1705.10	182.119
1706.63	179.898
