898.66	221.765
900.28	221.690
901.90	221.564
903.52	221.274
905.14	221.040
906.76	221.003
908.38	219.435
910.00	217.720
911.62	214.860
913.24	213.865
914.86	203.395
916.48	200.664
918.10	197.814
919.72	194.796
921.34	191.543
922.96	188.218
924.58	184.720
926.20	181.229
927.82	177.685
929.44	174.125
931.06	170.554
932.67	166.918
934.29	163.298
935.91	159.640
937.53	155.921
939.15	152.139
940.77	148.374
942.38	144.675
944.00	141.166
945.62	137.798
947.24	134.695
948.86	131.896
950.47	129.355
952.09	127.106
953.71	125.172
955.33	123.666
956.94	122.497
958.56	121.772
960.18	121.353
961.79	121.294
963.41	121.645
965.03	122.398
966.64	123.572
968.26	125.127
969.88	127.099
971.49	129.509
973.11	132.382
974.73	135.656
976.34	139.277
977.96	143.179
979.57	147.348
981.19	151.747
982.80	156.402
984.42	161.362
986.03	166.519
987.65	172.015
989.26	177.625
990.88	183.396
992.49	189.295
994.11	195.286
995.72	201.525
997.34	207.739
998.95	213.925
1000.57	220.187
1002.18	226.430
1003.79	232.547
1005.41	238.585
1007.02	244.594
1008.64	250.470
1010.25	256.163
1011.86	261.695
1013.48	267.295
1015.09	272.691
1016.70	277.838
1018.31	282.716
1019.93	287.391
1021.54	291.780
1023.15	295.787
1024.76	299.767
1026.38	303.557
1027.99	307.263
1029.60	310.628
1031.21	313.735
1032.82	316.735
1034.44	319.418
1036.05	321.926
1037.66	324.170
1039.27	326.121
1040.88	327.816
1042.49	329.286
1044.10	330.505
1045.71	331.537
1047.32	332.267
1048.93	332.925
1050.54	333.261
1052.15	333.341
1053.76	333.317
1055.37	333.064
1056.98	332.698
1058.59	332.139
1060.20	331.253
1061.81	330.336
1063.42	329.074
1065.03	327.583
1066.64	325.780
1068.25	323.799
1069.86	321.728
1071.47	319.594
1073.08	317.452
1074.68	315.246
1076.29	312.960
1077.90	310.526
1079.51	307.879
1081.12	305.039
1082.72	302.127
1084.33	299.379
1085.94	296.646
1087.55	293.617
1089.15	290.369
1090.76	287.202
1092.37	283.913
1093.97	280.751
1095.58	277.415
1097.19	274.097
1098.79	270.822
1100.40	267.711
1102.00	264.672
1103.61	261.545
1105.22	258.426
1106.82	255.185
1108.43	251.829
1110.03	248.612
1111.64	245.492
1113.24	242.561
1114.85	239.715
1116.45	236.880
1118.06	233.841
1119.66	230.834
1121.27	228.067
1122.87	225.459
1124.47	222.809
1126.08	220.243
1127.68	217.660
1129.28	215.085
1130.89	212.586
1132.49	210.251
1134.09	207.852
1135.70	205.494
1137.30	203.172
1138.90	200.881
1140.51	198.690
1142.11	196.670
1143.71	194.555
1145.31	192.502
1146.91	190.505
1148.52	188.533
1150.12	186.624
1151.72	184.806
1153.32	183.081
1154.92	181.382
1156.52	179.823
1158.12	178.455
1159.72	177.164
1161.33	176.035
1162.93	175.254
1164.53	174.808
1166.13	174.739
1167.73	175.174
1169.33	176.054
1170.93	177.393
1172.53	179.377
1174.12	181.768
1175.72	184.479
1177.32	187.500
1178.92	190.885
1180.52	194.276
1182.12	198.102
1183.72	202.044
1185.32	206.342
1186.91	210.786
1188.51	215.501
1190.11	220.121
1191.71	224.609
1193.30	228.870
1194.90	232.952
1196.50	237.104
1198.10	241.357
1199.69	245.465
1201.29	249.244
1202.89	252.885
1204.48	256.481
1206.08	259.713
1207.67	262.781
1209.27	265.874
1210.87	268.688
1212.46	271.350
1214.06	274.117
1215.65	276.555
1217.25	278.875
1218.84	281.103
1220.44	283.154
1222.03	284.961
1223.63	286.677
1225.22	288.264
1226.81	290.075
1228.41	291.835
1230.00	293.282
1231.59	294.422
1233.19	295.538
1234.78	296.678
1236.37	297.786
1237.97	298.843
1239.56	300.045
1241.15	300.976
1242.74	301.694
1244.34	302.364
1245.93	302.723
1247.52	302.967
1249.11	303.530
1250.70	303.794
1252.30	303.922
1253.89	303.938
1255.48	303.946
1257.07	303.922
1258.66	303.873
1260.25	303.461
1261.84	302.979
1263.43	302.573
1265.02	302.253
1266.61	301.857
1268.20	301.265
1269.79	300.622
1271.38	299.884
1272.97	298.902
1274.56	298.026
1276.14	297.136
1277.73	296.201
1279.32	295.542
1280.91	294.728
1282.50	293.446
1284.08	292.343
1285.67	291.062
1287.26	289.795
1288.85	288.557
1290.43	287.433
1292.02	286.214
1293.61	284.988
1295.19	283.738
1296.78	282.383
1298.37	280.847
1299.95	278.985
1301.54	277.192
1303.12	275.166
1304.71	273.127
1306.30	271.093
1307.88	269.112
1309.46	266.979
1311.05	264.936
1312.63	262.667
1314.22	260.231
1315.80	258.029
1317.39	255.628
1318.97	253.106
1320.55	250.505
1322.14	247.673
1323.72	244.528
1325.30	241.334
1326.89	238.028
1328.47	234.554
1330.05	230.867
1331.63	227.157
1333.22	223.536
1334.80	219.752
1336.38	215.877
1337.96	211.735
1339.54	207.415
1341.12	202.833
1342.70	198.133
1344.29	193.045
1345.87	187.818
1347.45	182.644
1349.03	177.162
1350.61	171.920
1352.19	167.014
1353.77	162.370
1355.34	158.241
1356.92	154.725
1358.50	151.803
1360.08	149.264
1361.66	147.102
1363.24	145.194
1364.82	143.353
1366.40	141.558
1367.97	139.761
1369.55	137.985
1371.13	136.228
1372.71	134.528
1374.28	132.739
1375.86	130.896
1377.44	129.039
1379.01	127.069
1380.59	125.190
1382.16	123.434
1383.74	121.677
1385.32	119.979
1386.89	118.270
1388.47	116.444
1390.04	114.571
1391.62	112.658
1393.19	110.747
1394.77	108.849
1396.34	107.072
1397.91	105.292
1399.49	103.642
1401.06	102.111
1402.63	100.723
1404.21	99.367
1405.78	98.166
1407.35	96.999
1408.93	95.880
1410.50	94.899
1412.07	94.019
1413.64	93.218
1415.21	92.485
1416.79	91.870
1418.36	91.391
1419.93	91.020
1421.50	90.781
1423.07	90.625
1424.64	90.512
1426.21	90.477
1427.78	90.486
1429.35	90.533
1430.92	90.653
1432.49	90.736
1434.06	90.854
1435.63	90.933
1437.20	91.066
1438.77	91.193
1440.33	91.240
1441.90	91.330
1443.47	91.354
1445.04	91.422
1446.60	91.507
1448.17	91.666
1449.74	91.864
1451.31	92.066
1452.87	92.271
1454.44	92.541
1456.01	92.885
1457.57	93.230
1459.14	93.624
1460.70	94.063
1462.27	94.657
1463.83	95.263
1465.40	95.928
1466.96	96.625
1468.53	97.404
1470.09	98.228
1471.66	99.137
1473.22	100.266
1474.78	101.449
1476.35	102.712
1477.91	104.067
1479.47	105.396
1481.04	106.638
1482.60	107.871
1484.16	109.061
1485.72	110.236
1487.28	111.486
1488.85	112.816
1490.41	114.244
1491.97	115.592
1493.53	117.005
1495.09	118.179
1496.65	119.345
1498.21	120.539
1499.77	121.542
1501.33	122.650
1502.89	123.777
1504.45	124.910
1506.01	126.115
1507.57	127.282
1509.13	128.379
1510.68	129.388
1512.24	130.340
1513.80	131.258
1515.36	132.227
1516.92	133.292
1518.47	134.398
1520.03	135.508
1521.59	136.585
1523.14	137.594
1524.70	138.649
1526.26	139.640
1527.81	140.777
1529.37	141.849
1530.92	142.975
1532.48	144.399
1534.03	145.777
1535.59	147.164
1537.14	148.468
1538.70	149.664
1540.25	150.755
1541.80	151.894
1543.36	152.947
1544.91	153.933
1546.46	154.967
1548.02	156.084
1549.57	157.211
1551.12	158.298
1552.67	159.249
1554.23	160.073
1555.78	160.827
1557.33	161.633
1558.88	162.375
1560.43	163.072
1561.98	163.957
1563.53	164.766
1565.08	165.363
1566.63	165.956
1568.18	166.519
1569.73	166.948
1571.28	167.227
1572.83	167.655
1574.38	168.136
1575.93	168.740
1577.48	169.656
1579.02	170.513
1580.57	171.165
1582.12	171.625
1583.67	172.093
1585.21	172.738
1586.76	173.279
1588.31	173.779
1589.85	174.145
1591.40	174.371
1592.94	174.538
1594.49	174.558
1596.04	174.593
1597.58	174.835
1599.13	174.934
1600.67	174.768
1602.21	174.848
1603.76	174.904
1605.30	174.789
1606.85	174.498
1608.39	174.227
1609.93	173.616
1611.48	172.977
1613.02	172.422
1614.56	171.917
1616.10	171.327
1617.64	170.433
1619.19	169.623
1620.73	168.852
1622.27	168.071
1623.81	167.470
1625.35	166.764
1626.89	166.030
1628.43	165.085
1629.97	163.805
1631.51	162.389
1633.05	161.132
1634.59	159.672
1636.13	158.206
1637.66	156.833
1639.20	155.618
1640.74	154.130
1642.28	152.730
1643.82	151.467
1645.35	149.832
1646.89	148.298
1648.43	146.747
1649.96	145.245
1651.50	143.778
1653.04	142.309
1654.57	140.835
1656.11	139.374
1657.64	137.990
1659.18	136.749
1660.71	135.612
1662.25	134.757
1663.78	134.356
1665.31	134.584
1666.85	135.416
1668.38	137.107
1669.91	139.029
1671.45	141.299
1672.98	143.615
1674.51	146.318
1676.04	148.631
1677.58	151.650
1679.11	153.998
1680.64	156.375
1682.17	158.504
1683.70	160.842
1685.23	162.783
1686.76	164.737
1688.29	166.472
1689.82	168.353
1691.35	169.724
1692.88	180.543
1694.41	175.294
1695.94	172.843
1697.46	172.985
1698.99	181.836
1700.52	177.407
1702.05	178.495
1703.57	177.520
1705.10	182.789
1706.63	180.647
