898.66	221.656
900.28	221.670
901.90	221.251
903.52	221.107
905.14	220.754
906.76	220.976
908.38	219.004
910.00	217.596
911.62	214.543
913.24	213.809
914.86	203.277
916.48	200.554
918.10	197.712
919.72	194.705
921.34	191.448
922.96	188.126
924.58	184.630
926.20	181.153
927.82	177.605
929.44	174.052
931.06	170.477
932.67	166.849
934.29	163.228
935.91	159.565
937.53	155.852
939.15	152.068
940.77	148.305
942.38	144.611
944.00	141.100
945.62	137.738
947.24	134.637
948.86	131.839
950.47	129.286
952.09	127.024
953.71	125.085
955.33	123.585
956.94	122.418
958.56	121.686
960.18	121.255
961.79	121.196
963.41	121.544
965.03	122.286
966.64	123.447
968.26	124.990
969.88	126.961
971.49	129.359
973.11	132.220
974.73	135.481
976.34	139.088
977.96	142.984
979.57	147.154
981.19	151.554
982.80	156.211
984.42	161.173
986.03	166.326
987.65	171.810
989.26	177.407
990.88	183.175
992.49	189.074
994.11	195.066
995.72	201.288
997.34	207.490
998.95	213.673
1000.57	219.951
1002.18	226.213
1003.79	232.332
1005.41	238.375
1007.02	244.377
1008.64	250.253
1010.25	255.960
1011.86	261.491
1013.48	267.097
1015.09	272.506
1016.70	277.649
1018.31	282.513
1019.93	287.180
1021.54	291.593
1023.15	295.607
1024.76	299.582
1026.38	303.354
1027.99	307.046
1029.60	310.408
1031.21	313.523
1032.82	316.529
1034.44	319.197
1036.05	321.691
1037.66	323.935
1039.27	325.879
1040.88	327.571
1042.49	329.047
1044.10	330.277
1045.71	331.315
1047.32	332.023
1048.93	332.634
1050.54	332.952
1052.15	333.058
1053.76	333.036
1055.37	332.775
1056.98	332.436
1058.59	331.900
1060.20	331.038
1061.81	330.129
1063.42	328.869
1065.03	327.408
1066.64	325.630
1068.25	323.651
1069.86	321.586
1071.47	319.457
1073.08	317.326
1074.68	315.105
1076.29	312.797
1077.90	310.332
1079.51	307.689
1081.12	304.883
1082.72	302.013
1084.33	299.270
1085.94	296.516
1087.55	293.483
1089.15	290.245
1090.76	287.062
1092.37	283.745
1093.97	280.574
1095.58	277.245
1097.19	273.955
1098.79	270.649
1100.40	267.501
1102.00	264.453
1103.61	261.318
1105.22	258.197
1106.82	254.957
1108.43	251.627
1110.03	248.432
1111.64	245.334
1113.24	242.409
1114.85	239.545
1116.45	236.685
1118.06	233.650
1119.66	230.652
1121.27	227.902
1122.87	225.284
1124.47	222.628
1126.08	220.064
1127.68	217.491
1129.28	214.921
1130.89	212.409
1132.49	210.082
1134.09	207.701
1135.70	205.354
1137.30	203.031
1138.90	200.737
1140.51	198.542
1142.11	196.524
1143.71	194.405
1145.31	192.350
1146.91	190.340
1148.52	188.364
1150.12	186.467
1151.72	184.660
1153.32	182.935
1154.92	181.238
1156.52	179.668
1158.12	178.301
1159.72	177.029
1161.33	175.906
1162.93	175.117
1164.53	174.679
1166.13	174.601
1167.73	175.030
1169.33	175.894
1170.93	177.243
1172.53	179.241
1174.12	181.626
1175.72	184.320
1177.32	187.330
1178.92	190.700
1180.52	194.093
1182.12	197.929
1183.72	201.892
1185.32	206.188
1186.91	210.621
1188.51	215.301
1190.11	219.929
1191.71	224.417
1193.30	228.683
1194.90	232.767
1196.50	236.899
1198.10	241.146
1199.69	245.275
1201.29	249.083
1202.89	252.739
1204.48	256.309
1206.08	259.518
1207.67	262.597
1209.27	265.710
1210.87	268.539
1212.46	271.201
1214.06	273.954
1215.65	276.368
1217.25	278.655
1218.84	280.886
1220.44	282.938
1222.03	284.758
1223.63	286.487
1225.22	288.081
1226.81	289.886
1228.41	291.629
1230.00	293.094
1231.59	294.233
1233.19	295.318
1234.78	296.432
1236.37	297.524
1237.97	298.592
1239.56	299.826
1241.15	300.766
1242.74	301.470
1244.34	302.125
1245.93	302.505
1247.52	302.760
1249.11	303.346
1250.70	303.632
1252.30	303.764
1253.89	303.792
1255.48	303.799
1257.07	303.748
1258.66	303.685
1260.25	303.275
1261.84	302.808
1263.43	302.402
1265.02	302.079
1266.61	301.700
1268.20	301.121
1269.79	300.487
1271.38	299.764
1272.97	298.766
1274.56	297.874
1276.14	296.989
1277.73	296.052
1279.32	295.368
1280.91	294.572
1282.50	293.288
1284.08	292.176
1285.67	290.898
1287.26	289.627
1288.85	288.392
1290.43	287.255
1292.02	286.027
1293.61	284.810
1295.19	283.557
1296.78	282.183
1298.37	280.634
1299.95	278.786
1301.54	276.996
1303.12	274.986
1304.71	272.952
1306.30	270.914
1307.88	268.919
1309.46	266.776
1311.05	264.732
1312.63	262.454
1314.22	260.005
1315.80	257.810
1317.39	255.431
1318.97	252.909
1320.55	250.306
1322.14	247.472
1323.72	244.353
1325.30	241.177
1326.89	237.862
1328.47	234.389
1330.05	230.727
1331.63	227.033
1333.22	223.395
1334.80	219.599
1336.38	215.718
1337.96	211.555
1339.54	207.246
1341.12	202.692
1342.70	198.016
1344.29	192.963
1345.87	187.777
1347.45	182.599
1349.03	177.084
1350.61	171.811
1352.19	166.900
1353.77	162.264
1355.34	158.136
1356.92	154.631
1358.50	151.710
1360.08	149.180
1361.66	147.014
1363.24	145.102
1364.82	143.270
1366.40	141.483
1367.97	139.711
1369.55	137.905
1371.13	136.152
1372.71	134.421
1374.28	132.644
1375.86	130.803
1377.44	128.948
1379.01	126.977
1380.59	125.114
1382.16	123.381
1383.74	121.640
1385.32	119.952
1386.89	118.252
1388.47	116.460
1390.04	114.608
1391.62	112.708
1393.19	110.804
1394.77	108.918
1396.34	107.133
1397.91	105.361
1399.49	103.725
1401.06	102.191
1402.63	100.836
1404.21	99.474
1405.78	98.288
1407.35	97.102
1408.93	95.981
1410.50	94.996
1412.07	94.113
1413.64	93.301
1415.21	92.551
1416.79	91.929
1418.36	91.426
1419.93	91.041
1421.50	90.793
1423.07	90.626
1424.64	90.515
1426.21	90.474
1427.78	90.477
1429.35	90.526
1430.92	90.641
1432.49	90.722
1434.06	90.833
1435.63	90.896
1437.20	91.025
1438.77	91.155
1440.33	91.215
1441.90	91.294
1443.47	91.302
1445.04	91.348
1446.60	91.416
1448.17	91.580
1449.74	91.763
1451.31	91.965
1452.87	92.180
1454.44	92.447
1456.01	92.796
1457.57	93.133
1459.14	93.518
1460.70	93.940
1462.27	94.521
1463.83	95.131
1465.40	95.804
1466.96	96.510
1468.53	97.298
1470.09	98.120
1471.66	99.008
1473.22	100.115
1474.78	101.297
1476.35	102.566
1477.91	103.926
1479.47	105.270
1481.04	106.518
1482.60	107.770
1484.16	108.980
1485.72	110.147
1487.28	111.392
1488.85	112.716
1490.41	114.147
1491.97	115.502
1493.53	116.931
1495.09	118.121
1496.65	119.294
1498.21	120.492
1499.77	121.497
1501.33	122.586
1502.89	123.699
1504.45	124.838
1506.01	126.051
1507.57	127.218
1509.13	128.322
1510.68	129.342
1512.24	130.295
1513.80	131.210
1515.36	132.163
1516.92	133.202
1518.47	134.300
1520.03	135.406
1521.59	136.494
1523.14	137.515
1524.70	138.577
1526.26	139.578
1527.81	140.717
1529.37	141.788
1530.92	142.905
1532.48	144.305
1534.03	145.684
1535.59	147.076
1537.14	148.389
1538.70	149.587
1540.25	150.681
1541.80	151.813
1543.36	152.854
1544.91	153.840
1546.46	154.862
1548.02	155.977
1549.57	157.106
1551.12	158.199
1552.67	159.152
1554.23	159.961
1555.78	160.714
1557.33	161.518
1558.88	162.248
1560.43	162.926
1561.98	163.787
1563.53	164.577
1565.08	165.172
1566.63	165.767
1568.18	166.333
1569.73	166.771
1571.28	167.054
1572.83	167.482
1574.38	167.963
1575.93	168.567
1577.48	169.460
1579.02	170.301
1580.57	170.955
1582.12	171.420
1583.67	171.894
1585.21	172.557
1586.76	173.110
1588.31	173.611
1589.85	173.983
1591.40	174.205
1592.94	174.379
1594.49	174.409
1596.04	174.459
1597.58	174.726
1599.13	174.846
1600.67	174.699
1602.21	174.768
1603.76	174.822
1605.30	174.708
1606.85	174.430
1608.39	174.167
1609.93	173.568
1611.48	172.952
1613.02	172.392
1614.56	171.880
1616.10	171.286
1617.64	170.368
1619.19	169.536
1620.73	168.738
1622.27	167.934
1623.81	167.323
1625.35	166.624
1626.89	165.900
1628.43	164.962
1629.97	163.672
1631.51	162.230
1633.05	160.948
1634.59	159.460
1636.13	157.995
1637.66	156.605
1639.20	155.364
1640.74	153.871
1642.28	152.469
1643.82	151.227
1645.35	149.607
1646.89	148.097
1648.43	146.557
1649.96	145.053
1651.50	143.602
1653.04	142.097
1654.57	140.621
1656.11	139.146
1657.64	137.753
1659.18	136.498
1660.71	135.363
1662.25	134.490
1663.78	134.121
1665.31	134.357
1666.85	135.241
1668.38	136.906
1669.91	138.814
1671.45	141.114
1672.98	143.377
1674.51	146.135
1676.04	148.502
1677.58	151.495
1679.11	153.865
1680.64	156.188
1682.17	158.313
1683.70	160.586
1685.23	162.585
1686.76	164.422
1688.29	166.265
1689.82	168.144
1691.35	169.535
1692.88	179.459
1694.41	175.925
1695.94	172.549
1697.46	172.189
1698.99	180.783
1700.52	176.992
1702.05	175.956
1703.57	179.689
1705.10	183.012
1706.63	179.684
