898.66	221.417
900.28	221.806
901.90	221.255
903.52	221.200
905.14	220.713
906.76	221.057
908.38	218.900
910.00	217.205
911.62	214.399
913.24	213.425
914.86	203.181
916.48	200.468
918.10	197.633
919.72	194.640
921.34	191.367
922.96	188.032
924.58	184.536
926.20	181.065
927.82	177.529
929.44	173.985
931.06	170.429
932.67	166.815
934.29	163.192
935.91	159.541
937.53	155.827
939.15	152.048
940.77	148.303
942.38	144.625
944.00	141.132
945.62	137.776
947.24	134.683
948.86	131.899
950.47	129.354
952.09	127.100
953.71	125.164
955.33	123.686
956.94	122.544
958.56	121.826
960.18	121.416
961.79	121.363
963.41	121.713
965.03	122.457
966.64	123.618
968.26	125.164
969.88	127.136
971.49	129.545
973.11	132.420
974.73	135.675
976.34	139.283
977.96	143.188
979.57	147.366
981.19	151.759
982.80	156.397
984.42	161.357
986.03	166.506
987.65	171.992
989.26	177.585
990.88	183.368
992.49	189.274
994.11	195.251
995.72	201.454
997.34	207.645
998.95	213.824
1000.57	220.092
1002.18	226.353
1003.79	232.467
1005.41	238.517
1007.02	244.535
1008.64	250.400
1010.25	256.101
1011.86	261.638
1013.48	267.238
1015.09	272.629
1016.70	277.762
1018.31	282.612
1019.93	287.272
1021.54	291.666
1023.15	295.677
1024.76	299.633
1026.38	303.400
1027.99	307.080
1029.60	310.433
1031.21	313.553
1032.82	316.543
1034.44	319.187
1036.05	321.626
1037.66	323.830
1039.27	325.752
1040.88	327.405
1042.49	328.857
1044.10	330.052
1045.71	331.047
1047.32	331.750
1048.93	332.367
1050.54	332.679
1052.15	332.778
1053.76	332.768
1055.37	332.521
1056.98	332.157
1058.59	331.600
1060.20	330.724
1061.81	329.831
1063.42	328.611
1065.03	327.140
1066.64	325.350
1068.25	323.379
1069.86	321.374
1071.47	319.292
1073.08	317.139
1074.68	314.903
1076.29	312.623
1077.90	310.194
1079.51	307.580
1081.12	304.782
1082.72	301.901
1084.33	299.190
1085.94	296.456
1087.55	293.405
1089.15	290.138
1090.76	286.980
1092.37	283.691
1093.97	280.524
1095.58	277.173
1097.19	273.861
1098.79	270.573
1100.40	267.454
1102.00	264.424
1103.61	261.286
1105.22	258.145
1106.82	254.929
1108.43	251.633
1110.03	248.445
1111.64	245.335
1113.24	242.380
1114.85	239.494
1116.45	236.661
1118.06	233.622
1119.66	230.611
1121.27	227.854
1122.87	225.254
1124.47	222.604
1126.08	220.039
1127.68	217.465
1129.28	214.904
1130.89	212.396
1132.49	210.063
1134.09	207.681
1135.70	205.333
1137.30	202.999
1138.90	200.711
1140.51	198.521
1142.11	196.501
1143.71	194.372
1145.31	192.326
1146.91	190.343
1148.52	188.394
1150.12	186.486
1151.72	184.669
1153.32	182.958
1154.92	181.276
1156.52	179.715
1158.12	178.323
1159.72	177.033
1161.33	175.900
1162.93	175.132
1164.53	174.686
1166.13	174.615
1167.73	175.052
1169.33	175.935
1170.93	177.292
1172.53	179.286
1174.12	181.655
1175.72	184.343
1177.32	187.357
1178.92	190.753
1180.52	194.149
1182.12	197.944
1183.72	201.891
1185.32	206.188
1186.91	210.630
1188.51	215.331
1190.11	219.960
1191.71	224.439
1193.30	228.696
1194.90	232.786
1196.50	236.920
1198.10	241.167
1199.69	245.261
1201.29	249.044
1202.89	252.683
1204.48	256.264
1206.08	259.501
1207.67	262.590
1209.27	265.689
1210.87	268.508
1212.46	271.143
1214.06	273.880
1215.65	276.303
1217.25	278.592
1218.84	280.800
1220.44	282.813
1222.03	284.601
1223.63	286.339
1225.22	287.940
1226.81	289.727
1228.41	291.444
1230.00	292.871
1231.59	293.994
1233.19	295.115
1234.78	296.258
1236.37	297.368
1237.97	298.438
1239.56	299.645
1241.15	300.592
1242.74	301.314
1244.34	301.987
1245.93	302.395
1247.52	302.671
1249.11	303.254
1250.70	303.537
1252.30	303.687
1253.89	303.752
1255.48	303.776
1257.07	303.721
1258.66	303.649
1260.25	303.224
1261.84	302.744
1263.43	302.379
1265.02	302.118
1266.61	301.759
1268.20	301.176
1269.79	300.512
1271.38	299.729
1272.97	298.720
1274.56	297.825
1276.14	296.938
1277.73	296.008
1279.32	295.305
1280.91	294.482
1282.50	293.170
1284.08	292.034
1285.67	290.746
1287.26	289.484
1288.85	288.274
1290.43	287.138
1292.02	285.899
1293.61	284.704
1295.19	283.465
1296.78	282.070
1298.37	280.476
1299.95	278.588
1301.54	276.775
1303.12	274.753
1304.71	272.736
1306.30	270.707
1307.88	268.695
1309.46	266.546
1311.05	264.484
1312.63	262.213
1314.22	259.772
1315.80	257.593
1317.39	255.231
1318.97	252.721
1320.55	250.102
1322.14	247.240
1323.72	244.105
1325.30	240.938
1326.89	237.616
1328.47	234.150
1330.05	230.492
1331.63	226.789
1333.22	223.150
1334.80	219.352
1336.38	215.495
1337.96	211.373
1339.54	207.067
1341.12	202.523
1342.70	197.831
1344.29	192.771
1345.87	187.565
1347.45	182.402
1349.03	176.911
1350.61	171.655
1352.19	166.722
1353.77	162.072
1355.34	157.933
1356.92	154.441
1358.50	151.540
1360.08	149.033
1361.66	146.886
1363.24	144.971
1364.82	143.156
1366.40	141.371
1367.97	139.604
1369.55	137.819
1371.13	136.068
1372.71	134.353
1374.28	132.569
1375.86	130.727
1377.44	128.850
1379.01	126.889
1380.59	125.036
1382.16	123.328
1383.74	121.611
1385.32	119.958
1386.89	118.257
1388.47	116.471
1390.04	114.619
1391.62	112.717
1393.19	110.827
1394.77	108.931
1396.34	107.158
1397.91	105.374
1399.49	103.717
1401.06	102.187
1402.63	100.813
1404.21	99.472
1405.78	98.286
1407.35	97.129
1408.93	96.012
1410.50	95.036
1412.07	94.144
1413.64	93.321
1415.21	92.563
1416.79	91.929
1418.36	91.419
1419.93	91.026
1421.50	90.773
1423.07	90.597
1424.64	90.475
1426.21	90.419
1427.78	90.429
1429.35	90.480
1430.92	90.614
1432.49	90.706
1434.06	90.827
1435.63	90.898
1437.20	91.017
1438.77	91.125
1440.33	91.149
1441.90	91.213
1443.47	91.213
1445.04	91.260
1446.60	91.345
1448.17	91.524
1449.74	91.713
1451.31	91.914
1452.87	92.121
1454.44	92.395
1456.01	92.757
1457.57	93.113
1459.14	93.522
1460.70	93.964
1462.27	94.560
1463.83	95.167
1465.40	95.834
1466.96	96.525
1468.53	97.302
1470.09	98.127
1471.66	99.043
1473.22	100.184
1474.78	101.402
1476.35	102.689
1477.91	104.057
1479.47	105.389
1481.04	106.623
1482.60	107.859
1484.16	109.067
1485.72	110.254
1487.28	111.519
1488.85	112.858
1490.41	114.297
1491.97	115.646
1493.53	117.054
1495.09	118.218
1496.65	119.375
1498.21	120.576
1499.77	121.604
1501.33	122.722
1502.89	123.846
1504.45	124.992
1506.01	126.192
1507.57	127.339
1509.13	128.424
1510.68	129.428
1512.24	130.378
1513.80	131.298
1515.36	132.271
1516.92	133.328
1518.47	134.438
1520.03	135.539
1521.59	136.617
1523.14	137.611
1524.70	138.653
1526.26	139.644
1527.81	140.792
1529.37	141.890
1530.92	143.029
1532.48	144.429
1534.03	145.807
1535.59	147.195
1537.14	148.480
1538.70	149.656
1540.25	150.732
1541.80	151.861
1543.36	152.927
1544.91	153.938
1546.46	154.980
1548.02	156.122
1549.57	157.266
1551.12	158.348
1552.67	159.290
1554.23	160.083
1555.78	160.838
1557.33	161.632
1558.88	162.367
1560.43	163.047
1561.98	163.906
1563.53	164.688
1565.08	165.277
1566.63	165.854
1568.18	166.419
1569.73	166.864
1571.28	167.168
1572.83	167.615
1574.38	168.101
1575.93	168.695
1577.48	169.571
1579.02	170.406
1580.57	171.044
1582.12	171.494
1583.67	171.968
1585.21	172.622
1586.76	173.160
1588.31	173.665
1589.85	174.050
1591.40	174.288
1592.94	174.478
1594.49	174.503
1596.04	174.554
1597.58	174.827
1599.13	174.952
1600.67	174.802
1602.21	174.882
1603.76	174.934
1605.30	174.814
1606.85	174.546
1608.39	174.276
1609.93	173.679
1611.48	173.047
1613.02	172.460
1614.56	171.938
1616.10	171.328
1617.64	170.420
1619.19	169.619
1620.73	168.833
1622.27	168.038
1623.81	167.426
1625.35	166.718
1626.89	165.973
1628.43	165.005
1629.97	163.689
1631.51	162.247
1633.05	160.955
1634.59	159.472
1636.13	158.011
1637.66	156.638
1639.20	155.400
1640.74	153.898
1642.28	152.485
1643.82	151.225
1645.35	149.587
1646.89	148.040
1648.43	146.482
1649.96	144.983
1651.50	143.515
1653.04	142.048
1654.57	140.588
1656.11	139.125
1657.64	137.734
1659.18	136.511
1660.71	135.346
1662.25	134.499
1663.78	134.048
1665.31	134.269
1666.85	135.121
1668.38	136.805
1669.91	138.774
1671.45	141.014
1672.98	143.301
1674.51	146.128
1676.04	148.452
1677.58	151.485
1679.11	153.777
1680.64	156.104
1682.17	158.244
1683.70	160.572
1685.23	162.484
1686.76	164.308
1688.29	166.082
1689.82	167.964
1691.35	169.220
1692.88	179.902
1694.41	174.274
1695.94	171.813
1697.46	173.582
1698.99	180.099
1700.52	176.578
1702.05	175.387
1703.57	178.472
1705.10	184.968
1706.63	178.187
