898.66	221.332
900.28	221.515
901.90	220.737
903.52	220.391
905.14	219.732
906.76	221.224
908.38	218.612
910.00	217.001
911.62	214.037
913.24	213.421
914.86	202.962
916.48	200.271
918.10	197.450
919.72	194.469
921.34	191.220
922.96	187.909
924.58	184.396
926.20	180.923
927.82	177.390
929.44	173.839
931.06	170.261
932.67	166.640
934.29	163.010
935.91	159.344
937.53	155.625
939.15	151.837
940.77	148.069
942.38	144.363
944.00	140.846
945.62	137.493
947.24	134.385
948.86	131.551
950.47	128.965
952.09	126.663
953.71	124.679
955.33	123.151
956.94	121.978
958.56	121.235
960.18	120.788
961.79	120.697
963.41	121.021
965.03	121.723
966.64	122.821
968.26	124.331
969.88	126.287
971.49	128.685
973.11	131.511
974.73	134.739
976.34	138.355
977.96	142.232
979.57	146.364
981.19	150.753
982.80	155.447
984.42	160.428
986.03	165.571
987.65	171.082
989.26	176.712
990.88	182.497
992.49	188.378
994.11	194.336
995.72	200.557
997.34	206.760
998.95	212.944
1000.57	219.272
1002.18	225.606
1003.79	231.754
1005.41	237.772
1007.02	243.785
1008.64	249.690
1010.25	255.443
1011.86	260.988
1013.48	266.593
1015.09	272.057
1016.70	277.190
1018.31	282.048
1019.93	286.729
1021.54	291.174
1023.15	295.305
1024.76	299.325
1026.38	303.122
1027.99	306.817
1029.60	310.198
1031.21	313.387
1032.82	316.410
1034.44	319.032
1036.05	321.471
1037.66	323.723
1039.27	325.715
1040.88	327.428
1042.49	328.930
1044.10	330.178
1045.71	331.270
1047.32	332.025
1048.93	332.554
1050.54	332.899
1052.15	333.057
1053.76	333.114
1055.37	332.772
1056.98	332.335
1058.59	331.819
1060.20	331.011
1061.81	330.140
1063.42	328.891
1065.03	327.423
1066.64	325.774
1068.25	323.895
1069.86	321.864
1071.47	319.742
1073.08	317.634
1074.68	315.420
1076.29	313.075
1077.90	310.495
1079.51	307.826
1081.12	305.090
1082.72	302.341
1084.33	299.602
1085.94	296.741
1087.55	293.616
1089.15	290.477
1090.76	287.354
1092.37	283.990
1093.97	280.741
1095.58	277.427
1097.19	274.199
1098.79	270.914
1100.40	267.665
1102.00	264.523
1103.61	261.360
1105.22	258.220
1106.82	254.976
1108.43	251.658
1110.03	248.474
1111.64	245.435
1113.24	242.526
1114.85	239.595
1116.45	236.636
1118.06	233.535
1119.66	230.567
1121.27	227.864
1122.87	225.223
1124.47	222.490
1126.08	219.891
1127.68	217.342
1129.28	214.791
1130.89	212.242
1132.49	209.847
1134.09	207.440
1135.70	205.115
1137.30	202.796
1138.90	200.519
1140.51	198.305
1142.11	196.266
1143.71	194.146
1145.31	192.090
1146.91	190.059
1148.52	188.076
1150.12	186.186
1151.72	184.406
1153.32	182.720
1154.92	181.025
1156.52	179.408
1158.12	178.038
1159.72	176.796
1161.33	175.680
1162.93	174.835
1164.53	174.319
1166.13	174.239
1167.73	174.697
1169.33	175.603
1170.93	176.959
1172.53	178.937
1174.12	181.303
1175.72	184.022
1177.32	187.051
1178.92	190.389
1180.52	193.770
1182.12	197.612
1183.72	201.652
1185.32	205.915
1186.91	210.291
1188.51	214.868
1190.11	219.490
1191.71	224.015
1193.30	228.373
1194.90	232.563
1196.50	236.670
1198.10	240.896
1199.69	244.990
1201.29	248.867
1202.89	252.568
1204.48	256.126
1206.08	259.265
1207.67	262.324
1209.27	265.431
1210.87	268.329
1212.46	271.079
1214.06	273.853
1215.65	276.240
1217.25	278.481
1218.84	280.776
1220.44	282.915
1222.03	284.838
1223.63	286.566
1225.22	288.144
1226.81	289.870
1228.41	291.543
1230.00	293.028
1231.59	294.218
1233.19	295.335
1234.78	296.361
1236.37	297.371
1237.97	298.396
1239.56	299.704
1241.15	300.729
1242.74	301.502
1244.34	302.099
1245.93	302.422
1247.52	302.618
1249.11	303.162
1250.70	303.477
1252.30	303.665
1253.89	303.709
1255.48	303.683
1257.07	303.564
1258.66	303.425
1260.25	303.024
1261.84	302.643
1263.43	302.306
1265.02	301.983
1266.61	301.605
1268.20	301.083
1269.79	300.500
1271.38	299.838
1272.97	298.909
1274.56	298.023
1276.14	297.084
1277.73	296.135
1279.32	295.399
1280.91	294.622
1282.50	293.402
1284.08	292.301
1285.67	290.986
1287.26	289.703
1288.85	288.468
1290.43	287.360
1292.02	286.196
1293.61	285.023
1295.19	283.750
1296.78	282.291
1298.37	280.656
1299.95	278.751
1301.54	276.917
1303.12	274.877
1304.71	272.841
1306.30	270.712
1307.88	268.635
1309.46	266.462
1311.05	264.352
1312.63	262.097
1314.22	259.672
1315.80	257.510
1317.39	255.163
1318.97	252.636
1320.55	249.998
1322.14	247.134
1323.72	244.035
1325.30	240.852
1326.89	237.498
1328.47	233.981
1330.05	230.352
1331.63	226.714
1333.22	223.126
1334.80	219.361
1336.38	215.538
1337.96	211.377
1339.54	207.068
1341.12	202.539
1342.70	197.895
1344.29	193.009
1345.87	187.897
1347.45	182.704
1349.03	177.095
1350.61	171.719
1352.19	166.765
1353.77	162.152
1355.34	158.071
1356.92	154.607
1358.50	151.684
1360.08	149.175
1361.66	146.969
1363.24	145.032
1364.82	143.242
1366.40	141.472
1367.97	139.726
1369.55	137.904
1371.13	136.099
1372.71	134.331
1374.28	132.503
1375.86	130.649
1377.44	128.797
1379.01	126.863
1380.59	125.034
1382.16	123.318
1383.74	121.558
1385.32	119.846
1386.89	118.132
1388.47	116.379
1390.04	114.593
1391.62	112.743
1393.19	110.858
1394.77	108.952
1396.34	107.142
1397.91	105.353
1399.49	103.729
1401.06	102.220
1402.63	100.855
1404.21	99.538
1405.78	98.358
1407.35	97.176
1408.93	96.044
1410.50	95.048
1412.07	94.153
1413.64	93.353
1415.21	92.606
1416.79	91.978
1418.36	91.453
1419.93	91.024
1421.50	90.716
1423.07	90.519
1424.64	90.394
1426.21	90.354
1427.78	90.402
1429.35	90.475
1430.92	90.581
1432.49	90.619
1434.06	90.673
1435.63	90.718
1437.20	90.832
1438.77	90.977
1440.33	91.054
1441.90	91.148
1443.47	91.162
1445.04	91.185
1446.60	91.205
1448.17	91.328
1449.74	91.485
1451.31	91.705
1452.87	91.945
1454.44	92.257
1456.01	92.617
1457.57	92.961
1459.14	93.311
1460.70	93.662
1462.27	94.180
1463.83	94.754
1465.40	95.450
1466.96	96.235
1468.53	97.109
1470.09	97.977
1471.66	98.828
1473.22	99.879
1474.78	100.998
1476.35	102.196
1477.91	103.526
1479.47	104.886
1481.04	106.201
1482.60	107.515
1484.16	108.747
1485.72	109.918
1487.28	111.103
1488.85	112.370
1490.41	113.747
1491.97	115.080
1493.53	116.538
1495.09	117.802
1496.65	119.065
1498.21	120.308
1499.77	121.323
1501.33	122.372
1502.89	123.407
1504.45	124.532
1506.01	125.730
1507.57	126.921
1509.13	128.114
1510.68	129.219
1512.24	130.232
1513.80	131.158
1515.36	132.077
1516.92	133.042
1518.47	134.085
1520.03	135.168
1521.59	136.272
1523.14	137.342
1524.70	138.472
1526.26	139.538
1527.81	140.704
1529.37	141.757
1530.92	142.824
1532.48	144.156
1534.03	145.460
1535.59	146.859
1537.14	148.210
1538.70	149.470
1540.25	150.611
1541.80	151.745
1543.36	152.810
1544.91	153.789
1546.46	154.754
1548.02	155.819
1549.57	156.917
1551.12	157.999
1552.67	158.977
1554.23	159.834
1555.78	160.650
1557.33	161.459
1558.88	162.163
1560.43	162.790
1561.98	163.609
1563.53	164.354
1565.08	164.901
1566.63	165.481
1568.18	166.029
1569.73	166.485
1571.28	166.799
1572.83	167.245
1574.38	167.713
1575.93	168.256
1577.48	169.061
1579.02	169.840
1580.57	170.461
1582.12	170.951
1583.67	171.450
1585.21	172.143
1586.76	172.698
1588.31	173.187
1589.85	173.566
1591.40	173.784
1592.94	173.957
1594.49	173.973
1596.04	174.048
1597.58	174.357
1599.13	174.523
1600.67	174.413
1602.21	174.449
1603.76	174.458
1605.30	174.324
1606.85	174.042
1608.39	173.767
1609.93	173.214
1611.48	172.652
1613.02	172.145
1614.56	171.654
1616.10	171.064
1617.64	170.138
1619.19	169.240
1620.73	168.323
1622.27	167.430
1623.81	166.764
1625.35	166.039
1626.89	165.332
1628.43	164.434
1629.97	163.183
1631.51	161.799
1633.05	160.554
1634.59	159.090
1636.13	157.579
1637.66	156.114
1639.20	154.795
1640.74	153.253
1642.28	151.843
1643.82	150.661
1645.35	149.156
1646.89	147.793
1648.43	146.343
1649.96	144.911
1651.50	143.501
1653.04	142.025
1654.57	140.528
1656.11	138.996
1657.64	137.570
1659.18	136.305
1660.71	135.174
1662.25	134.401
1663.78	134.117
1665.31	134.432
1666.85	135.246
1668.38	136.976
1669.91	138.826
1671.45	141.081
1672.98	143.287
1674.51	145.983
1676.04	148.252
1677.58	151.189
1679.11	153.379
1680.64	155.721
1682.17	157.742
1683.70	160.012
1685.23	161.889
1686.76	163.746
1688.29	165.471
1689.82	167.403
1691.35	168.774
1692.88	178.424
1694.41	173.983
1695.94	172.745
1697.46	172.189
1698.99	180.415
1700.52	175.231
1702.05	176.734
1703.57	176.461
1705.10	184.130
1706.63	179.577
