898.66	221.561
900.28	221.690
901.90	221.369
903.52	221.065
905.14	220.727
906.76	220.967
908.38	219.187
910.00	217.511
911.62	214.576
913.24	213.549
914.86	203.241
916.48	200.513
918.10	197.677
919.72	194.673
921.34	191.414
922.96	188.081
924.58	184.579
926.20	181.098
927.82	177.556
929.44	174.004
931.06	170.442
932.67	166.818
934.29	163.199
935.91	159.541
937.53	155.827
939.15	152.048
940.77	148.289
942.38	144.609
944.00	141.107
945.62	137.746
947.24	134.650
948.86	131.855
950.47	129.316
952.09	127.063
953.71	125.131
955.33	123.641
956.94	122.494
958.56	121.790
960.18	121.377
961.79	121.317
963.41	121.665
965.03	122.415
966.64	123.582
968.26	125.121
969.88	127.097
971.49	129.510
973.11	132.390
974.73	135.650
976.34	139.263
977.96	143.164
979.57	147.333
981.19	151.719
982.80	156.356
984.42	161.318
986.03	166.470
987.65	171.959
989.26	177.558
990.88	183.338
992.49	189.225
994.11	195.190
995.72	201.407
997.34	207.606
998.95	213.784
1000.57	220.044
1002.18	226.301
1003.79	232.409
1005.41	238.452
1007.02	244.460
1008.64	250.322
1010.25	256.013
1011.86	261.555
1013.48	267.152
1015.09	272.549
1016.70	277.699
1018.31	282.566
1019.93	287.233
1021.54	291.622
1023.15	295.630
1024.76	299.593
1026.38	303.386
1027.99	307.091
1029.60	310.449
1031.21	313.563
1032.82	316.559
1034.44	319.225
1036.05	321.687
1037.66	323.920
1039.27	325.852
1040.88	327.528
1042.49	328.980
1044.10	330.171
1045.71	331.173
1047.32	331.896
1048.93	332.538
1050.54	332.861
1052.15	332.942
1053.76	332.930
1055.37	332.677
1056.98	332.303
1058.59	331.744
1060.20	330.851
1061.81	329.944
1063.42	328.712
1065.03	327.222
1066.64	325.419
1068.25	323.437
1069.86	321.411
1071.47	319.304
1073.08	317.149
1074.68	314.922
1076.29	312.663
1077.90	310.253
1079.51	307.630
1081.12	304.815
1082.72	301.923
1084.33	299.212
1085.94	296.487
1087.55	293.434
1089.15	290.175
1090.76	287.022
1092.37	283.740
1093.97	280.587
1095.58	277.245
1097.19	273.924
1098.79	270.661
1100.40	267.560
1102.00	264.530
1103.61	261.396
1105.22	258.261
1106.82	255.043
1108.43	251.730
1110.03	248.530
1111.64	245.406
1113.24	242.457
1114.85	239.583
1116.45	236.743
1118.06	233.692
1119.66	230.679
1121.27	227.916
1122.87	225.317
1124.47	222.670
1126.08	220.106
1127.68	217.519
1129.28	214.955
1130.89	212.458
1132.49	210.127
1134.09	207.731
1135.70	205.382
1137.30	203.053
1138.90	200.767
1140.51	198.582
1142.11	196.555
1143.71	194.422
1145.31	192.384
1146.91	190.398
1148.52	188.447
1150.12	186.540
1151.72	184.720
1153.32	183.003
1154.92	181.327
1156.52	179.766
1158.12	178.386
1159.72	177.077
1161.33	175.953
1162.93	175.167
1164.53	174.721
1166.13	174.634
1167.73	175.071
1169.33	175.972
1170.93	177.327
1172.53	179.319
1174.12	181.684
1175.72	184.382
1177.32	187.414
1178.92	190.805
1180.52	194.203
1182.12	197.987
1183.72	201.927
1185.32	206.207
1186.91	210.656
1188.51	215.365
1190.11	219.997
1191.71	224.469
1193.30	228.729
1194.90	232.830
1196.50	236.996
1198.10	241.267
1199.69	245.366
1201.29	249.133
1202.89	252.767
1204.48	256.368
1206.08	259.613
1207.67	262.707
1209.27	265.786
1210.87	268.591
1212.46	271.228
1214.06	273.962
1215.65	276.395
1217.25	278.700
1218.84	280.926
1220.44	282.950
1222.03	284.734
1223.63	286.468
1225.22	288.065
1226.81	289.860
1228.41	291.584
1230.00	292.991
1231.59	294.099
1233.19	295.219
1234.78	296.368
1236.37	297.473
1237.97	298.514
1239.56	299.700
1241.15	300.631
1242.74	301.356
1244.34	302.027
1245.93	302.411
1247.52	302.685
1249.11	303.245
1250.70	303.507
1252.30	303.661
1253.89	303.721
1255.48	303.755
1257.07	303.702
1258.66	303.633
1260.25	303.202
1261.84	302.729
1263.43	302.370
1265.02	302.102
1266.61	301.733
1268.20	301.144
1269.79	300.486
1271.38	299.720
1272.97	298.733
1274.56	297.855
1276.14	296.978
1277.73	296.063
1279.32	295.390
1280.91	294.559
1282.50	293.264
1284.08	292.138
1285.67	290.827
1287.26	289.553
1288.85	288.329
1290.43	287.208
1292.02	285.987
1293.61	284.767
1295.19	283.494
1296.78	282.096
1298.37	280.505
1299.95	278.614
1301.54	276.805
1303.12	274.772
1304.71	272.743
1306.30	270.703
1307.88	268.690
1309.46	266.545
1311.05	264.486
1312.63	262.220
1314.22	259.786
1315.80	257.606
1317.39	255.231
1318.97	252.729
1320.55	250.115
1322.14	247.260
1323.72	244.113
1325.30	240.926
1326.89	237.634
1328.47	234.188
1330.05	230.529
1331.63	226.836
1333.22	223.213
1334.80	219.433
1336.38	215.590
1337.96	211.483
1339.54	207.184
1341.12	202.632
1342.70	197.926
1344.29	192.842
1345.87	187.608
1347.45	182.453
1349.03	176.973
1350.61	171.743
1352.19	166.815
1353.77	162.160
1355.34	158.027
1356.92	154.529
1358.50	151.637
1360.08	149.125
1361.66	146.981
1363.24	145.072
1364.82	143.244
1366.40	141.452
1367.97	139.673
1369.55	137.901
1371.13	136.156
1372.71	134.452
1374.28	132.661
1375.86	130.826
1377.44	128.937
1379.01	126.983
1380.59	125.115
1382.16	123.402
1383.74	121.677
1385.32	119.993
1386.89	118.289
1388.47	116.474
1390.04	114.623
1391.62	112.710
1393.19	110.819
1394.77	108.922
1396.34	107.153
1397.91	105.372
1399.49	103.718
1401.06	102.182
1402.63	100.784
1404.21	99.431
1405.78	98.238
1407.35	97.086
1408.93	95.975
1410.50	95.004
1412.07	94.113
1413.64	93.301
1415.21	92.555
1416.79	91.928
1418.36	91.435
1419.93	91.055
1421.50	90.822
1423.07	90.641
1424.64	90.518
1426.21	90.463
1427.78	90.469
1429.35	90.520
1430.92	90.651
1432.49	90.746
1434.06	90.869
1435.63	90.945
1437.20	91.070
1438.77	91.173
1440.33	91.199
1441.90	91.267
1443.47	91.287
1445.04	91.344
1446.60	91.433
1448.17	91.603
1449.74	91.790
1451.31	91.993
1452.87	92.200
1454.44	92.460
1456.01	92.815
1457.57	93.177
1459.14	93.588
1460.70	94.033
1462.27	94.629
1463.83	95.233
1465.40	95.897
1466.96	96.586
1468.53	97.362
1470.09	98.185
1471.66	99.108
1473.22	100.250
1474.78	101.461
1476.35	102.735
1477.91	104.092
1479.47	105.415
1481.04	106.642
1482.60	107.871
1484.16	109.069
1485.72	110.252
1487.28	111.518
1488.85	112.856
1490.41	114.287
1491.97	115.625
1493.53	117.024
1495.09	118.189
1496.65	119.347
1498.21	120.542
1499.77	121.556
1501.33	122.683
1502.89	123.814
1504.45	124.960
1506.01	126.154
1507.57	127.307
1509.13	128.392
1510.68	129.404
1512.24	130.359
1513.80	131.284
1515.36	132.266
1516.92	133.335
1518.47	134.450
1520.03	135.553
1521.59	136.626
1523.14	137.613
1524.70	138.652
1526.26	139.636
1527.81	140.768
1529.37	141.858
1530.92	143.002
1532.48	144.423
1534.03	145.795
1535.59	147.182
1537.14	148.461
1538.70	149.642
1540.25	150.708
1541.80	151.835
1543.36	152.887
1544.91	153.888
1546.46	154.936
1548.02	156.071
1549.57	157.205
1551.12	158.283
1552.67	159.226
1554.23	160.031
1555.78	160.789
1557.33	161.597
1558.88	162.344
1560.43	163.047
1561.98	163.924
1563.53	164.715
1565.08	165.297
1566.63	165.879
1568.18	166.434
1569.73	166.873
1571.28	167.180
1572.83	167.624
1574.38	168.117
1575.93	168.730
1577.48	169.635
1579.02	170.479
1580.57	171.119
1582.12	171.569
1583.67	172.030
1585.21	172.679
1586.76	173.215
1588.31	173.722
1589.85	174.096
1591.40	174.337
1592.94	174.514
1594.49	174.538
1596.04	174.572
1597.58	174.835
1599.13	174.948
1600.67	174.791
1602.21	174.872
1603.76	174.914
1605.30	174.802
1606.85	174.519
1608.39	174.239
1609.93	173.618
1611.48	172.972
1613.02	172.402
1614.56	171.891
1616.10	171.290
1617.64	170.389
1619.19	169.587
1620.73	168.803
1622.27	168.032
1623.81	167.416
1625.35	166.707
1626.89	165.946
1628.43	164.996
1629.97	163.692
1631.51	162.254
1633.05	160.988
1634.59	159.521
1636.13	158.071
1637.66	156.718
1639.20	155.502
1640.74	154.011
1642.28	152.609
1643.82	151.343
1645.35	149.699
1646.89	148.156
1648.43	146.615
1649.96	145.136
1651.50	143.681
1653.04	142.233
1654.57	140.753
1656.11	139.285
1657.64	137.898
1659.18	136.674
1660.71	135.501
1662.25	134.620
1663.78	134.191
1665.31	134.397
1666.85	135.273
1668.38	136.950
1669.91	138.857
1671.45	141.119
1672.98	143.390
1674.51	146.147
1676.04	148.504
1677.58	151.499
1679.11	153.715
1680.64	156.096
1682.17	158.146
1683.70	160.481
1685.23	162.432
1686.76	164.315
1688.29	166.196
1689.82	168.008
1691.35	169.347
1692.88	180.543
1694.41	173.012
1695.94	173.970
1697.46	172.338
1698.99	180.625
1700.52	177.407
1702.05	176.475
1703.57	178.842
1705.10	182.510
1706.63	179.096
