898.66	221.432
900.28	221.802
901.90	221.327
903.52	221.181
905.14	220.731
906.76	221.161
908.38	218.904
910.00	217.235
911.62	214.272
913.24	213.489
914.86	203.201
916.48	200.487
918.10	197.649
919.72	194.661
921.34	191.389
922.96	188.057
924.58	184.556
926.20	181.083
927.82	177.551
929.44	174.012
931.06	170.464
932.67	166.851
934.29	163.233
935.91	159.577
937.53	155.875
939.15	152.092
940.77	148.353
942.38	144.683
944.00	141.197
945.62	137.841
947.24	134.752
948.86	131.966
950.47	129.426
952.09	127.178
953.71	125.244
955.33	123.774
956.94	122.630
958.56	121.926
960.18	121.520
961.79	121.471
963.41	121.830
965.03	122.579
966.64	123.746
968.26	125.290
969.88	127.267
971.49	129.675
973.11	132.553
974.73	135.807
976.34	139.413
977.96	143.319
979.57	147.504
981.19	151.890
982.80	156.528
984.42	161.490
986.03	166.644
987.65	172.122
989.26	177.702
990.88	183.490
992.49	189.398
994.11	195.373
995.72	201.567
997.34	207.756
998.95	213.932
1000.57	220.192
1002.18	226.445
1003.79	232.557
1005.41	238.615
1007.02	244.630
1008.64	250.492
1010.25	256.195
1011.86	261.733
1013.48	267.326
1015.09	272.715
1016.70	277.841
1018.31	282.692
1019.93	287.349
1021.54	291.739
1023.15	295.745
1024.76	299.699
1026.38	303.461
1027.99	307.139
1029.60	310.481
1031.21	313.594
1032.82	316.574
1034.44	319.209
1036.05	321.639
1037.66	323.837
1039.27	325.747
1040.88	327.398
1042.49	328.850
1044.10	330.028
1045.71	331.019
1047.32	331.726
1048.93	332.340
1050.54	332.649
1052.15	332.742
1053.76	332.737
1055.37	332.500
1056.98	332.137
1058.59	331.569
1060.20	330.676
1061.81	329.788
1063.42	328.573
1065.03	327.087
1066.64	325.294
1068.25	323.331
1069.86	321.349
1071.47	319.272
1073.08	317.113
1074.68	314.873
1076.29	312.598
1077.90	310.180
1079.51	307.560
1081.12	304.753
1082.72	301.880
1084.33	299.183
1085.94	296.457
1087.55	293.392
1089.15	290.113
1090.76	286.962
1092.37	283.688
1093.97	280.538
1095.58	277.177
1097.19	273.862
1098.79	270.589
1100.40	267.480
1102.00	264.452
1103.61	261.301
1105.22	258.157
1106.82	254.952
1108.43	251.664
1110.03	248.479
1111.64	245.367
1113.24	242.416
1114.85	239.536
1116.45	236.706
1118.06	233.665
1119.66	230.646
1121.27	227.894
1122.87	225.306
1124.47	222.659
1126.08	220.090
1127.68	217.507
1129.28	214.949
1130.89	212.453
1132.49	210.125
1134.09	207.747
1135.70	205.407
1137.30	203.077
1138.90	200.796
1140.51	198.596
1142.11	196.576
1143.71	194.443
1145.31	192.397
1146.91	190.416
1148.52	188.462
1150.12	186.551
1151.72	184.731
1153.32	183.020
1154.92	181.345
1156.52	179.782
1158.12	178.387
1159.72	177.097
1161.33	175.972
1162.93	175.213
1164.53	174.771
1166.13	174.692
1167.73	175.113
1169.33	175.989
1170.93	177.359
1172.53	179.356
1174.12	181.727
1175.72	184.414
1177.32	187.431
1178.92	190.826
1180.52	194.234
1182.12	198.025
1183.72	201.962
1185.32	206.253
1186.91	210.711
1188.51	215.402
1190.11	220.035
1191.71	224.502
1193.30	228.750
1194.90	232.845
1196.50	236.991
1198.10	241.241
1199.69	245.328
1201.29	249.108
1202.89	252.748
1204.48	256.336
1206.08	259.579
1207.67	262.664
1209.27	265.747
1210.87	268.553
1212.46	271.185
1214.06	273.927
1215.65	276.365
1217.25	278.655
1218.84	280.846
1220.44	282.838
1222.03	284.616
1223.63	286.364
1225.22	287.971
1226.81	289.763
1228.41	291.467
1230.00	292.877
1231.59	293.989
1233.19	295.111
1234.78	296.258
1236.37	297.372
1237.97	298.430
1239.56	299.618
1241.15	300.558
1242.74	301.280
1244.34	301.965
1245.93	302.385
1247.52	302.650
1249.11	303.213
1250.70	303.489
1252.30	303.648
1253.89	303.723
1255.48	303.761
1257.07	303.701
1258.66	303.626
1260.25	303.189
1261.84	302.701
1263.43	302.343
1265.02	302.094
1266.61	301.748
1268.20	301.166
1269.79	300.489
1271.38	299.699
1272.97	298.699
1274.56	297.819
1276.14	296.941
1277.73	296.011
1279.32	295.299
1280.91	294.473
1282.50	293.164
1284.08	292.033
1285.67	290.753
1287.26	289.496
1288.85	288.282
1290.43	287.137
1292.02	285.886
1293.61	284.685
1295.19	283.457
1296.78	282.065
1298.37	280.474
1299.95	278.581
1301.54	276.765
1303.12	274.748
1304.71	272.734
1306.30	270.710
1307.88	268.687
1309.46	266.538
1311.05	264.479
1312.63	262.214
1314.22	259.771
1315.80	257.594
1317.39	255.229
1318.97	252.715
1320.55	250.096
1322.14	247.242
1323.72	244.118
1325.30	240.960
1326.89	237.657
1328.47	234.196
1330.05	230.534
1331.63	226.830
1333.22	223.179
1334.80	219.384
1336.38	215.534
1337.96	211.425
1339.54	207.115
1341.12	202.582
1342.70	197.886
1344.29	192.813
1345.87	187.603
1347.45	182.450
1349.03	176.980
1350.61	171.733
1352.19	166.805
1353.77	162.137
1355.34	157.990
1356.92	154.492
1358.50	151.608
1360.08	149.108
1361.66	146.953
1363.24	145.045
1364.82	143.206
1366.40	141.431
1367.97	139.660
1369.55	137.895
1371.13	136.139
1372.71	134.433
1374.28	132.644
1375.86	130.792
1377.44	128.930
1379.01	126.958
1380.59	125.122
1382.16	123.415
1383.74	121.700
1385.32	120.046
1386.89	118.346
1388.47	116.554
1390.04	114.699
1391.62	112.791
1393.19	110.892
1394.77	109.007
1396.34	107.240
1397.91	105.454
1399.49	103.810
1401.06	102.274
1402.63	100.873
1404.21	99.530
1405.78	98.348
1407.35	97.178
1408.93	96.073
1410.50	95.074
1412.07	94.179
1413.64	93.347
1415.21	92.593
1416.79	91.966
1418.36	91.444
1419.93	91.059
1421.50	90.798
1423.07	90.620
1424.64	90.504
1426.21	90.437
1427.78	90.444
1429.35	90.500
1430.92	90.634
1432.49	90.723
1434.06	90.853
1435.63	90.922
1437.20	91.042
1438.77	91.143
1440.33	91.169
1441.90	91.227
1443.47	91.240
1445.04	91.298
1446.60	91.386
1448.17	91.558
1449.74	91.742
1451.31	91.944
1452.87	92.146
1454.44	92.412
1456.01	92.774
1457.57	93.132
1459.14	93.559
1460.70	94.011
1462.27	94.603
1463.83	95.201
1465.40	95.861
1466.96	96.543
1468.53	97.320
1470.09	98.145
1471.66	99.068
1473.22	100.224
1474.78	101.452
1476.35	102.744
1477.91	104.103
1479.47	105.423
1481.04	106.645
1482.60	107.878
1484.16	109.096
1485.72	110.293
1487.28	111.573
1488.85	112.915
1490.41	114.355
1491.97	115.695
1493.53	117.093
1495.09	118.257
1496.65	119.414
1498.21	120.619
1499.77	121.653
1501.33	122.783
1502.89	123.921
1504.45	125.067
1506.01	126.262
1507.57	127.399
1509.13	128.467
1510.68	129.466
1512.24	130.421
1513.80	131.355
1515.36	132.336
1516.92	133.398
1518.47	134.508
1520.03	135.604
1521.59	136.678
1523.14	137.663
1524.70	138.702
1526.26	139.689
1527.81	140.832
1529.37	141.940
1530.92	143.088
1532.48	144.494
1534.03	145.870
1535.59	147.249
1537.14	148.522
1538.70	149.688
1540.25	150.761
1541.80	151.893
1543.36	152.962
1544.91	153.976
1546.46	155.027
1548.02	156.179
1549.57	157.322
1551.12	158.400
1552.67	159.335
1554.23	160.126
1555.78	160.872
1557.33	161.668
1558.88	162.411
1560.43	163.097
1561.98	163.955
1563.53	164.739
1565.08	165.323
1566.63	165.893
1568.18	166.449
1569.73	166.891
1571.28	167.195
1572.83	167.636
1574.38	168.122
1575.93	168.722
1577.48	169.602
1579.02	170.440
1580.57	171.076
1582.12	171.521
1583.67	171.988
1585.21	172.642
1586.76	173.189
1588.31	173.699
1589.85	174.083
1591.40	174.323
1592.94	174.512
1594.49	174.549
1596.04	174.593
1597.58	174.870
1599.13	175.000
1600.67	174.862
1602.21	174.952
1603.76	175.005
1605.30	174.901
1606.85	174.636
1608.39	174.369
1609.93	173.777
1611.48	173.126
1613.02	172.533
1614.56	172.003
1616.10	171.394
1617.64	170.497
1619.19	169.689
1620.73	168.911
1622.27	168.133
1623.81	167.517
1625.35	166.809
1626.89	166.040
1628.43	165.066
1629.97	163.746
1631.51	162.293
1633.05	160.994
1634.59	159.538
1636.13	158.093
1637.66	156.740
1639.20	155.522
1640.74	154.038
1642.28	152.618
1643.82	151.351
1645.35	149.701
1646.89	148.158
1648.43	146.619
1649.96	145.118
1651.50	143.693
1653.04	142.234
1654.57	140.777
1656.11	139.332
1657.64	137.939
1659.18	136.731
1660.71	135.559
1662.25	134.675
1663.78	134.287
1665.31	134.548
1666.85	135.328
1668.38	137.036
1669.91	138.935
1671.45	141.235
1672.98	143.491
1674.51	146.233
1676.04	148.575
1677.58	151.554
1679.11	153.847
1680.64	156.186
1682.17	158.323
1683.70	160.588
1685.23	162.619
1686.76	164.432
1688.29	166.229
1689.82	168.111
1691.35	169.501
1692.88	178.868
1694.41	174.857
1695.94	173.039
1697.46	173.383
1698.99	180.731
1700.52	178.184
1702.05	175.335
1703.57	179.477
1705.10	183.292
1706.63	181.288
