898.66	221.323
900.28	221.942
901.90	221.555
903.52	221.130
905.14	220.349
906.76	221.165
908.38	218.560
910.00	216.810
911.62	213.881
913.24	213.197
914.86	202.990
916.48	200.290
918.10	197.454
919.72	194.460
921.34	191.181
922.96	187.853
924.58	184.346
926.20	180.878
927.82	177.361
929.44	173.834
931.06	170.286
932.67	166.683
934.29	163.075
935.91	159.430
937.53	155.745
939.15	151.981
940.77	148.264
942.38	144.616
944.00	141.158
945.62	137.845
947.24	134.778
948.86	132.004
950.47	129.463
952.09	127.218
953.71	125.289
955.33	123.839
956.94	122.726
958.56	122.045
960.18	121.670
961.79	121.637
963.41	122.007
965.03	122.758
966.64	123.916
968.26	125.459
969.88	127.438
971.49	129.856
973.11	132.739
974.73	135.977
976.34	139.583
977.96	143.467
979.57	147.644
981.19	152.040
982.80	156.697
984.42	161.658
986.03	166.820
987.65	172.309
989.26	177.883
990.88	183.680
992.49	189.595
994.11	195.546
995.72	201.681
997.34	207.848
998.95	214.028
1000.57	220.309
1002.18	226.555
1003.79	232.661
1005.41	238.717
1007.02	244.728
1008.64	250.585
1010.25	256.304
1011.86	261.856
1013.48	267.458
1015.09	272.861
1016.70	277.926
1018.31	282.732
1019.93	287.354
1021.54	291.738
1023.15	295.778
1024.76	299.698
1026.38	303.424
1027.99	307.072
1029.60	310.422
1031.21	313.540
1032.82	316.468
1034.44	319.037
1036.05	321.422
1037.66	323.600
1039.27	325.490
1040.88	327.128
1042.49	328.582
1044.10	329.736
1045.71	330.710
1047.32	331.388
1048.93	331.923
1050.54	332.242
1052.15	332.374
1053.76	332.407
1055.37	332.141
1056.98	331.754
1058.59	331.202
1060.20	330.301
1061.81	329.405
1063.42	328.233
1065.03	326.796
1066.64	325.087
1068.25	323.146
1069.86	321.209
1071.47	319.179
1073.08	317.015
1074.68	314.704
1076.29	312.383
1077.90	309.919
1079.51	307.323
1081.12	304.570
1082.72	301.757
1084.33	299.062
1085.94	296.310
1087.55	293.213
1089.15	289.965
1090.76	286.813
1092.37	283.529
1093.97	280.405
1095.58	277.085
1097.19	273.781
1098.79	270.458
1100.40	267.302
1102.00	264.285
1103.61	261.133
1105.22	257.967
1106.82	254.767
1108.43	251.553
1110.03	248.407
1111.64	245.344
1113.24	242.389
1114.85	239.452
1116.45	236.584
1118.06	233.555
1119.66	230.546
1121.27	227.805
1122.87	225.194
1124.47	222.535
1126.08	219.959
1127.68	217.373
1129.28	214.815
1130.89	212.292
1132.49	209.979
1134.09	207.612
1135.70	205.285
1137.30	202.946
1138.90	200.667
1140.51	198.484
1142.11	196.465
1143.71	194.343
1145.31	192.302
1146.91	190.306
1148.52	188.374
1150.12	186.480
1151.72	184.651
1153.32	182.954
1154.92	181.296
1156.52	179.741
1158.12	178.353
1159.72	177.063
1161.33	175.941
1162.93	175.167
1164.53	174.724
1166.13	174.633
1167.73	175.058
1169.33	175.943
1170.93	177.333
1172.53	179.330
1174.12	181.679
1175.72	184.364
1177.32	187.376
1178.92	190.779
1180.52	194.203
1182.12	197.994
1183.72	201.964
1185.32	206.253
1186.91	210.692
1188.51	215.353
1190.11	220.033
1191.71	224.552
1193.30	228.837
1194.90	232.954
1196.50	237.076
1198.10	241.339
1199.69	245.420
1201.29	249.226
1202.89	252.865
1204.48	256.403
1206.08	259.620
1207.67	262.741
1209.27	265.869
1210.87	268.689
1212.46	271.293
1214.06	274.023
1215.65	276.460
1217.25	278.734
1218.84	280.955
1220.44	282.965
1222.03	284.756
1223.63	286.483
1225.22	288.035
1226.81	289.786
1228.41	291.459
1230.00	292.875
1231.59	293.967
1233.19	295.058
1234.78	296.136
1236.37	297.204
1237.97	298.273
1239.56	299.460
1241.15	300.397
1242.74	301.092
1244.34	301.741
1245.93	302.204
1247.52	302.471
1249.11	303.013
1250.70	303.301
1252.30	303.462
1253.89	303.539
1255.48	303.545
1257.07	303.435
1258.66	303.351
1260.25	302.924
1261.84	302.455
1263.43	302.119
1265.02	301.889
1266.61	301.580
1268.20	301.084
1269.79	300.443
1271.38	299.657
1272.97	298.701
1274.56	297.808
1276.14	296.897
1277.73	295.982
1279.32	295.235
1280.91	294.409
1282.50	293.082
1284.08	291.927
1285.67	290.612
1287.26	289.361
1288.85	288.203
1290.43	287.088
1292.02	285.834
1293.61	284.624
1295.19	283.367
1296.78	281.903
1298.37	280.238
1299.95	278.322
1301.54	276.468
1303.12	274.433
1304.71	272.394
1306.30	270.316
1307.88	268.236
1309.46	266.084
1311.05	263.993
1312.63	261.720
1314.22	259.268
1315.80	257.124
1317.39	254.788
1318.97	252.293
1320.55	249.647
1322.14	246.740
1323.72	243.598
1325.30	240.447
1326.89	237.141
1328.47	233.691
1330.05	230.089
1331.63	226.438
1333.22	222.789
1334.80	218.967
1336.38	215.136
1337.96	211.067
1339.54	206.780
1341.12	202.314
1342.70	197.656
1344.29	192.646
1345.87	187.455
1347.45	182.313
1349.03	176.823
1350.61	171.540
1352.19	166.610
1353.77	161.947
1355.34	157.822
1356.92	154.361
1358.50	151.505
1360.08	149.031
1361.66	146.874
1363.24	144.958
1364.82	143.148
1366.40	141.377
1367.97	139.631
1369.55	137.825
1371.13	136.064
1372.71	134.334
1374.28	132.539
1375.86	130.680
1377.44	128.809
1379.01	126.852
1380.59	125.040
1382.16	123.369
1383.74	121.679
1385.32	120.043
1386.89	118.387
1388.47	116.641
1390.04	114.821
1391.62	112.931
1393.19	111.045
1394.77	109.161
1396.34	107.396
1397.91	105.625
1399.49	104.000
1401.06	102.485
1402.63	101.122
1404.21	99.780
1405.78	98.600
1407.35	97.443
1408.93	96.332
1410.50	95.353
1412.07	94.441
1413.64	93.585
1415.21	92.790
1416.79	92.120
1418.36	91.563
1419.93	91.132
1421.50	90.846
1423.07	90.664
1424.64	90.543
1426.21	90.474
1427.78	90.490
1429.35	90.534
1430.92	90.661
1432.49	90.746
1434.06	90.860
1435.63	90.922
1437.20	91.041
1438.77	91.149
1440.33	91.157
1441.90	91.211
1443.47	91.200
1445.04	91.250
1446.60	91.333
1448.17	91.514
1449.74	91.705
1451.31	91.924
1452.87	92.140
1454.44	92.409
1456.01	92.760
1457.57	93.111
1459.14	93.520
1460.70	93.954
1462.27	94.548
1463.83	95.148
1465.40	95.827
1466.96	96.529
1468.53	97.302
1470.09	98.136
1471.66	99.028
1473.22	100.179
1474.78	101.411
1476.35	102.707
1477.91	104.076
1479.47	105.392
1481.04	106.627
1482.60	107.871
1484.16	109.092
1485.72	110.292
1487.28	111.568
1488.85	112.917
1490.41	114.368
1491.97	115.725
1493.53	117.145
1495.09	118.325
1496.65	119.490
1498.21	120.702
1499.77	121.759
1501.33	122.903
1502.89	124.029
1504.45	125.198
1506.01	126.401
1507.57	127.538
1509.13	128.608
1510.68	129.599
1512.24	130.559
1513.80	131.479
1515.36	132.451
1516.92	133.490
1518.47	134.602
1520.03	135.703
1521.59	136.788
1523.14	137.774
1524.70	138.830
1526.26	139.820
1527.81	140.968
1529.37	142.099
1530.92	143.233
1532.48	144.606
1534.03	145.967
1535.59	147.347
1537.14	148.624
1538.70	149.782
1540.25	150.846
1541.80	151.970
1543.36	153.066
1544.91	154.110
1546.46	155.162
1548.02	156.307
1549.57	157.447
1551.12	158.525
1552.67	159.448
1554.23	160.233
1555.78	161.000
1557.33	161.763
1558.88	162.477
1560.43	163.129
1561.98	163.939
1563.53	164.686
1565.08	165.248
1566.63	165.792
1568.18	166.345
1569.73	166.800
1571.28	167.134
1572.83	167.588
1574.38	168.078
1575.93	168.639
1577.48	169.457
1579.02	170.258
1580.57	170.893
1582.12	171.370
1583.67	171.856
1585.21	172.534
1586.76	173.079
1588.31	173.572
1589.85	173.974
1591.40	174.239
1592.94	174.456
1594.49	174.499
1596.04	174.576
1597.58	174.884
1599.13	175.044
1600.67	174.924
1602.21	175.006
1603.76	175.034
1605.30	174.931
1606.85	174.678
1608.39	174.433
1609.93	173.876
1611.48	173.249
1613.02	172.636
1614.56	172.066
1616.10	171.405
1617.64	170.486
1619.19	169.650
1620.73	168.834
1622.27	168.015
1623.81	167.376
1625.35	166.636
1626.89	165.870
1628.43	164.887
1629.97	163.541
1631.51	162.077
1633.05	160.750
1634.59	159.249
1636.13	157.805
1637.66	156.427
1639.20	155.190
1640.74	153.680
1642.28	152.266
1643.82	151.041
1645.35	149.459
1646.89	147.945
1648.43	146.424
1649.96	144.921
1651.50	143.503
1653.04	142.076
1654.57	140.645
1656.11	139.184
1657.64	137.805
1659.18	136.604
1660.71	135.434
1662.25	134.569
1663.78	134.186
1665.31	134.420
1666.85	135.282
1668.38	136.923
1669.91	138.850
1671.45	141.050
1672.98	143.332
1674.51	146.014
1676.04	148.405
1677.58	151.320
1679.11	153.549
1680.64	155.893
1682.17	157.912
1683.70	160.225
1685.23	162.065
1686.76	163.945
1688.29	165.747
1689.82	167.621
1691.35	168.969
1692.88	178.030
1694.41	174.129
1695.94	173.676
1697.46	170.796
1698.99	181.573
1700.52	175.283
1702.05	175.905
1703.57	179.107
1705.10	182.901
1706.63	179.203
