898.66	221.561
900.28	221.709
901.90	221.412
903.52	221.065
905.14	220.209
906.76	221.831
908.38	218.782
910.00	216.997
911.62	214.268
913.24	213.709
914.86	203.348
916.48	200.661
918.10	197.848
919.72	194.856
921.34	191.586
922.96	188.268
924.58	184.733
926.20	181.251
927.82	177.718
929.44	174.168
931.06	170.579
932.67	166.939
934.29	163.286
935.91	159.604
937.53	155.866
939.15	152.062
940.77	148.292
942.38	144.574
944.00	141.039
945.62	137.663
947.24	134.544
948.86	131.690
950.47	129.083
952.09	126.771
953.71	124.775
955.33	123.248
956.94	122.066
958.56	121.326
960.18	120.880
961.79	120.792
963.41	121.113
965.03	121.825
966.64	122.923
968.26	124.430
969.88	126.391
971.49	128.788
973.11	131.616
974.73	134.840
976.34	138.467
977.96	142.372
979.57	146.530
981.19	150.935
982.80	155.659
984.42	160.664
986.03	165.818
987.65	171.334
989.26	176.978
990.88	182.809
992.49	188.733
994.11	194.732
995.72	200.977
997.34	207.210
998.95	213.421
1000.57	219.781
1002.18	226.162
1003.79	232.362
1005.41	238.429
1007.02	244.464
1008.64	250.408
1010.25	256.215
1011.86	261.805
1013.48	267.445
1015.09	272.931
1016.70	278.083
1018.31	282.963
1019.93	287.660
1021.54	292.124
1023.15	296.279
1024.76	300.296
1026.38	304.076
1027.99	307.758
1029.60	311.148
1031.21	314.367
1032.82	317.376
1034.44	319.966
1036.05	322.388
1037.66	324.655
1039.27	326.664
1040.88	328.390
1042.49	329.890
1044.10	331.126
1045.71	332.223
1047.32	332.987
1048.93	333.502
1050.54	333.831
1052.15	334.008
1053.76	334.102
1055.37	333.798
1056.98	333.358
1058.59	332.858
1060.20	332.083
1061.81	331.242
1063.42	329.978
1065.03	328.479
1066.64	326.845
1068.25	325.020
1069.86	323.021
1071.47	320.863
1073.08	318.723
1074.68	316.519
1076.29	314.181
1077.90	311.583
1079.51	308.861
1081.12	306.107
1082.72	303.399
1084.33	300.684
1085.94	297.793
1087.55	294.610
1089.15	291.430
1090.76	288.307
1092.37	284.926
1093.97	281.637
1095.58	278.271
1097.19	275.051
1098.79	271.767
1100.40	268.497
1102.00	265.310
1103.61	262.102
1105.22	258.969
1106.82	255.725
1108.43	252.385
1110.03	249.160
1111.64	246.090
1113.24	243.193
1114.85	240.254
1116.45	237.254
1118.06	234.115
1119.66	231.127
1121.27	228.433
1122.87	225.797
1124.47	223.055
1126.08	220.426
1127.68	217.859
1129.28	215.309
1130.89	212.747
1132.49	210.350
1134.09	207.944
1135.70	205.613
1137.30	203.293
1138.90	200.985
1140.51	198.751
1142.11	196.691
1143.71	194.569
1145.31	192.529
1146.91	190.477
1148.52	188.478
1150.12	186.569
1151.72	184.785
1153.32	183.107
1154.92	181.400
1156.52	179.768
1158.12	178.368
1159.72	177.123
1161.33	176.018
1162.93	175.194
1164.53	174.666
1166.13	174.563
1167.73	175.010
1169.33	175.927
1170.93	177.297
1172.53	179.289
1174.12	181.667
1175.72	184.421
1177.32	187.472
1178.92	190.825
1180.52	194.213
1182.12	198.062
1183.72	202.146
1185.32	206.469
1186.91	210.864
1188.51	215.430
1190.11	220.036
1191.71	224.573
1193.30	228.969
1194.90	233.206
1196.50	237.315
1198.10	241.538
1199.69	245.633
1201.29	249.555
1202.89	253.297
1204.48	256.878
1206.08	260.017
1207.67	263.045
1209.27	266.147
1210.87	269.079
1212.46	271.888
1214.06	274.720
1215.65	277.138
1217.25	279.366
1218.84	281.623
1220.44	283.758
1222.03	285.744
1223.63	287.537
1225.22	289.138
1226.81	290.843
1228.41	292.487
1230.00	293.977
1231.59	295.207
1233.19	296.357
1234.78	297.374
1236.37	298.370
1237.97	299.398
1239.56	300.709
1241.15	301.782
1242.74	302.585
1244.34	303.191
1245.93	303.505
1247.52	303.655
1249.11	304.184
1250.70	304.548
1252.30	304.785
1253.89	304.871
1255.48	304.809
1257.07	304.660
1258.66	304.503
1260.25	304.102
1261.84	303.727
1263.43	303.422
1265.02	303.104
1266.61	302.690
1268.20	302.120
1269.79	301.501
1271.38	300.849
1272.97	299.942
1274.56	299.060
1276.14	298.108
1277.73	297.147
1279.32	296.387
1280.91	295.627
1282.50	294.406
1284.08	293.304
1285.67	291.995
1287.26	290.699
1288.85	289.454
1290.43	288.296
1292.02	287.096
1293.61	285.953
1295.19	284.717
1296.78	283.254
1298.37	281.599
1299.95	279.695
1301.54	277.877
1303.12	275.870
1304.71	273.830
1306.30	271.718
1307.88	269.636
1309.46	267.459
1311.05	265.329
1312.63	263.051
1314.22	260.600
1315.80	258.431
1317.39	256.037
1318.97	253.471
1320.55	250.805
1322.14	247.936
1323.72	244.865
1325.30	241.701
1326.89	238.311
1328.47	234.748
1330.05	231.077
1331.63	227.415
1333.22	223.819
1334.80	220.058
1336.38	216.213
1337.96	212.016
1339.54	207.624
1341.12	203.048
1342.70	198.371
1344.29	193.472
1345.87	188.359
1347.45	183.162
1349.03	177.499
1350.61	172.079
1352.19	167.082
1353.77	162.433
1355.34	158.343
1356.92	154.872
1358.50	151.962
1360.08	149.428
1361.66	147.196
1363.24	145.241
1364.82	143.428
1366.40	141.663
1367.97	139.919
1369.55	138.080
1371.13	136.245
1372.71	134.453
1374.28	132.587
1375.86	130.705
1377.44	128.842
1379.01	126.927
1380.59	125.130
1382.16	123.429
1383.74	121.663
1385.32	119.937
1386.89	118.230
1388.47	116.482
1390.04	114.698
1391.62	112.849
1393.19	110.973
1394.77	109.061
1396.34	107.230
1397.91	105.429
1399.49	103.784
1401.06	102.288
1402.63	100.950
1404.21	99.649
1405.78	98.469
1407.35	97.271
1408.93	96.124
1410.50	95.115
1412.07	94.202
1413.64	93.372
1415.21	92.627
1416.79	91.989
1418.36	91.468
1419.93	91.020
1421.50	90.690
1423.07	90.477
1424.64	90.353
1426.21	90.321
1427.78	90.384
1429.35	90.477
1430.92	90.591
1432.49	90.643
1434.06	90.682
1435.63	90.698
1437.20	90.800
1438.77	90.942
1440.33	91.032
1441.90	91.142
1443.47	91.166
1445.04	91.184
1446.60	91.208
1448.17	91.307
1449.74	91.450
1451.31	91.656
1452.87	91.912
1454.44	92.242
1456.01	92.631
1457.57	92.992
1459.14	93.346
1460.70	93.687
1462.27	94.182
1463.83	94.746
1465.40	95.440
1466.96	96.237
1468.53	97.141
1470.09	98.023
1471.66	98.902
1473.22	99.960
1474.78	101.079
1476.35	102.260
1477.91	103.573
1479.47	104.927
1481.04	106.267
1482.60	107.614
1484.16	108.897
1485.72	110.080
1487.28	111.268
1488.85	112.518
1490.41	113.882
1491.97	115.203
1493.53	116.658
1495.09	117.942
1496.65	119.225
1498.21	120.494
1499.77	121.541
1501.33	122.590
1502.89	123.617
1504.45	124.708
1506.01	125.887
1507.57	127.070
1509.13	128.273
1510.68	129.407
1512.24	130.451
1513.80	131.398
1515.36	132.323
1516.92	133.263
1518.47	134.278
1520.03	135.334
1521.59	136.432
1523.14	137.495
1524.70	138.641
1526.26	139.726
1527.81	140.925
1529.37	142.008
1530.92	143.063
1532.48	144.352
1534.03	145.633
1535.59	147.015
1537.14	148.361
1538.70	149.622
1540.25	150.780
1541.80	151.940
1543.36	153.027
1544.91	154.010
1546.46	154.965
1548.02	156.019
1549.57	157.106
1551.12	158.208
1552.67	159.197
1554.23	160.057
1555.78	160.887
1557.33	161.712
1558.88	162.436
1560.43	163.039
1561.98	163.825
1563.53	164.550
1565.08	165.095
1566.63	165.667
1568.18	166.224
1569.73	166.704
1571.28	167.039
1572.83	167.478
1574.38	167.934
1575.93	168.458
1577.48	169.249
1579.02	170.020
1580.57	170.635
1582.12	171.138
1583.67	171.618
1585.21	172.327
1586.76	172.912
1588.31	173.431
1589.85	173.827
1591.40	174.045
1592.94	174.232
1594.49	174.257
1596.04	174.364
1597.58	174.695
1599.13	174.888
1600.67	174.806
1602.21	174.864
1603.76	174.890
1605.30	174.777
1606.85	174.509
1608.39	174.254
1609.93	173.714
1611.48	173.153
1613.02	172.649
1614.56	172.149
1616.10	171.575
1617.64	170.658
1619.19	169.734
1620.73	168.787
1622.27	167.837
1623.81	167.136
1625.35	166.382
1626.89	165.651
1628.43	164.731
1629.97	163.496
1631.51	162.118
1633.05	160.878
1634.59	159.383
1636.13	157.853
1637.66	156.353
1639.20	154.993
1640.74	153.391
1642.28	151.931
1643.82	150.727
1645.35	149.216
1646.89	147.874
1648.43	146.453
1649.96	145.020
1651.50	143.634
1653.04	142.146
1654.57	140.651
1656.11	139.082
1657.64	137.636
1659.18	136.369
1660.71	135.228
1662.25	134.431
1663.78	134.151
1665.31	134.460
1666.85	135.359
1668.38	137.095
1669.91	138.963
1671.45	141.170
1672.98	143.446
1674.51	146.179
1676.04	148.483
1677.58	151.429
1679.11	153.656
1680.64	155.982
1682.17	158.075
1683.70	160.325
1685.23	162.255
1686.76	164.109
1688.29	165.916
1689.82	167.816
1691.35	169.162
1692.88	178.720
1694.41	175.779
1695.94	171.715
1697.46	173.631
1698.99	180.099
1700.52	176.371
1702.05	176.941
1703.57	177.943
1705.10	183.850
1706.63	179.096
