898.66	221.586
900.28	221.792
901.90	221.369
903.52	221.348
905.14	220.390
906.76	222.083
908.38	219.261
910.00	217.494
911.62	214.556
913.24	214.161
914.86	203.676
916.48	200.980
918.10	198.157
919.72	195.170
921.34	191.907
922.96	188.586
924.58	185.063
926.20	181.568
927.82	178.024
929.44	174.459
931.06	170.851
932.67	167.188
934.29	163.520
935.91	159.823
937.53	156.064
939.15	152.237
940.77	148.445
942.38	144.697
944.00	141.122
945.62	137.716
947.24	134.572
948.86	131.688
950.47	129.056
952.09	126.721
953.71	124.701
955.33	123.132
956.94	121.904
958.56	121.120
960.18	120.655
961.79	120.532
963.41	120.824
965.03	121.518
966.64	122.609
968.26	124.098
969.88	126.034
971.49	128.427
973.11	131.251
974.73	134.463
976.34	138.079
977.96	142.014
979.57	146.195
981.19	150.584
982.80	155.300
984.42	160.338
986.03	165.529
987.65	171.041
989.26	176.685
990.88	182.564
992.49	188.502
994.11	194.477
995.72	200.722
997.34	207.008
998.95	213.242
1000.57	219.580
1002.18	225.972
1003.79	232.214
1005.41	238.314
1007.02	244.346
1008.64	250.297
1010.25	256.139
1011.86	261.730
1013.48	267.321
1015.09	272.825
1016.70	278.041
1018.31	282.981
1019.93	287.704
1021.54	292.177
1023.15	296.357
1024.76	300.432
1026.38	304.278
1027.99	308.009
1029.60	311.409
1031.21	314.644
1032.82	317.768
1034.44	320.482
1036.05	322.953
1037.66	325.252
1039.27	327.327
1040.88	329.124
1042.49	330.630
1044.10	331.850
1045.71	332.996
1047.32	333.868
1048.93	334.408
1050.54	334.692
1052.15	334.824
1053.76	334.945
1055.37	334.710
1056.98	334.286
1058.59	333.706
1060.20	332.908
1061.81	332.129
1063.42	330.943
1065.03	329.386
1066.64	327.662
1068.25	325.840
1069.86	323.873
1071.47	321.692
1073.08	319.468
1074.68	317.250
1076.29	315.006
1077.90	312.476
1079.51	309.693
1081.12	306.851
1082.72	304.149
1084.33	301.502
1085.94	298.624
1087.55	295.363
1089.15	292.124
1090.76	289.022
1092.37	285.715
1093.97	282.429
1095.58	278.981
1097.19	275.678
1098.79	272.458
1100.40	269.235
1102.00	266.002
1103.61	262.694
1105.22	259.486
1106.82	256.268
1108.43	252.948
1110.03	249.667
1111.64	246.521
1113.24	243.614
1114.85	240.716
1116.45	237.723
1118.06	234.526
1119.66	231.486
1121.27	228.791
1122.87	226.166
1124.47	223.412
1126.08	220.726
1127.68	218.122
1129.28	215.577
1130.89	213.049
1132.49	210.619
1134.09	208.143
1135.70	205.767
1137.30	203.473
1138.90	201.240
1140.51	198.986
1142.11	196.871
1143.71	194.702
1145.31	192.645
1146.91	190.599
1148.52	188.568
1150.12	186.625
1151.72	184.826
1153.32	183.176
1154.92	181.494
1156.52	179.859
1158.12	178.423
1159.72	177.173
1161.33	176.071
1162.93	175.246
1164.53	174.708
1166.13	174.575
1167.73	175.036
1169.33	175.982
1170.93	177.379
1172.53	179.354
1174.12	181.712
1175.72	184.456
1177.32	187.568
1178.92	190.977
1180.52	194.340
1182.12	198.138
1183.72	202.195
1185.32	206.554
1186.91	210.993
1188.51	215.564
1190.11	220.119
1191.71	224.591
1193.30	229.003
1194.90	233.323
1196.50	237.537
1198.10	241.763
1199.69	245.775
1201.29	249.628
1202.89	253.387
1204.48	257.034
1206.08	260.240
1207.67	263.304
1209.27	266.358
1210.87	269.246
1212.46	272.124
1214.06	275.070
1215.65	277.570
1217.25	279.806
1218.84	282.048
1220.44	284.179
1222.03	286.216
1223.63	288.091
1225.22	289.762
1226.81	291.488
1228.41	293.079
1230.00	294.504
1231.59	295.770
1233.19	297.017
1234.78	298.118
1236.37	299.124
1237.97	300.081
1239.56	301.308
1241.15	302.313
1242.74	303.195
1244.34	303.893
1245.93	304.194
1247.52	304.266
1249.11	304.728
1250.70	305.048
1252.30	305.286
1253.89	305.398
1255.48	305.361
1257.07	305.179
1258.66	304.991
1260.25	304.555
1261.84	304.176
1263.43	303.904
1265.02	303.606
1266.61	303.191
1268.20	302.575
1269.79	301.923
1271.38	301.277
1272.97	300.447
1274.56	299.683
1276.14	298.782
1277.73	297.792
1279.32	296.987
1280.91	296.213
1282.50	295.015
1284.08	293.997
1285.67	292.763
1287.26	291.510
1288.85	290.235
1290.43	289.028
1292.02	287.783
1293.61	286.624
1295.19	285.428
1296.78	284.025
1298.37	282.373
1299.95	280.457
1301.54	278.608
1303.12	276.563
1304.71	274.561
1306.30	272.467
1307.88	270.376
1309.46	268.166
1311.05	266.019
1312.63	263.718
1314.22	261.261
1315.80	259.080
1317.39	256.664
1318.97	254.062
1320.55	251.346
1322.14	248.464
1323.72	245.439
1325.30	242.324
1326.89	238.957
1328.47	235.359
1330.05	231.611
1331.63	227.897
1333.22	224.282
1334.80	220.582
1336.38	216.801
1337.96	212.580
1339.54	208.121
1341.12	203.444
1342.70	198.679
1344.29	193.736
1345.87	188.679
1347.45	183.543
1349.03	177.917
1350.61	172.454
1352.19	167.347
1353.77	162.637
1355.34	158.535
1356.92	155.085
1358.50	152.197
1360.08	149.671
1361.66	147.433
1363.24	145.426
1364.82	143.605
1366.40	141.837
1367.97	140.095
1369.55	138.298
1371.13	136.495
1372.71	134.694
1374.28	132.805
1375.86	130.885
1377.44	129.001
1379.01	127.100
1380.59	125.315
1382.16	123.624
1383.74	121.858
1385.32	120.125
1386.89	118.357
1388.47	116.572
1390.04	114.762
1391.62	112.923
1393.19	111.075
1394.77	109.170
1396.34	107.361
1397.91	105.517
1399.49	103.842
1401.06	102.311
1402.63	100.962
1404.21	99.656
1405.78	98.507
1407.35	97.329
1408.93	96.186
1410.50	95.163
1412.07	94.231
1413.64	93.396
1415.21	92.677
1416.79	92.077
1418.36	91.577
1419.93	91.161
1421.50	90.813
1423.07	90.575
1424.64	90.401
1426.21	90.335
1427.78	90.386
1429.35	90.470
1430.92	90.618
1432.49	90.663
1434.06	90.691
1435.63	90.677
1437.20	90.739
1438.77	90.846
1440.33	90.932
1441.90	91.066
1443.47	91.143
1445.04	91.203
1446.60	91.236
1448.17	91.315
1449.74	91.400
1451.31	91.569
1452.87	91.781
1454.44	92.120
1456.01	92.522
1457.57	92.925
1459.14	93.332
1460.70	93.675
1462.27	94.145
1463.83	94.643
1465.40	95.292
1466.96	96.072
1468.53	97.007
1470.09	97.959
1471.66	98.898
1473.22	99.980
1474.78	101.074
1476.35	102.174
1477.91	103.394
1479.47	104.694
1481.04	106.023
1482.60	107.405
1484.16	108.740
1485.72	109.986
1487.28	111.203
1488.85	112.457
1490.41	113.771
1491.97	115.002
1493.53	116.416
1495.09	117.704
1496.65	119.051
1498.21	120.387
1499.77	121.487
1501.33	122.554
1502.89	123.560
1504.45	124.598
1506.01	125.715
1507.57	126.865
1509.13	128.080
1510.68	129.268
1512.24	130.383
1513.80	131.405
1515.36	132.386
1516.92	133.338
1518.47	134.334
1520.03	135.338
1521.59	136.387
1523.14	137.447
1524.70	138.626
1526.26	139.763
1527.81	141.012
1529.37	142.098
1530.92	143.154
1532.48	144.432
1534.03	145.676
1535.59	147.003
1537.14	148.320
1538.70	149.580
1540.25	150.761
1541.80	151.958
1543.36	153.069
1544.91	154.067
1546.46	155.026
1548.02	156.047
1549.57	157.075
1551.12	158.104
1552.67	159.059
1554.23	159.907
1555.78	160.748
1557.33	161.610
1558.88	162.358
1560.43	162.973
1561.98	163.780
1563.53	164.515
1565.08	165.046
1566.63	165.585
1568.18	166.129
1569.73	166.623
1571.28	166.983
1572.83	167.438
1574.38	167.920
1575.93	168.469
1577.48	169.254
1579.02	169.962
1580.57	170.513
1582.12	170.982
1583.67	171.459
1585.21	172.167
1586.76	172.760
1588.31	173.283
1589.85	173.680
1591.40	173.885
1592.94	174.051
1594.49	174.050
1596.04	174.111
1597.58	174.421
1599.13	174.650
1600.67	174.587
1602.21	174.636
1603.76	174.652
1605.30	174.541
1606.85	174.257
1608.39	173.953
1609.93	173.363
1611.48	172.803
1613.02	172.359
1614.56	171.918
1616.10	171.414
1617.64	170.552
1619.19	169.693
1620.73	168.745
1622.27	167.770
1623.81	167.026
1625.35	166.219
1626.89	165.452
1628.43	164.525
1629.97	163.297
1631.51	161.940
1633.05	160.758
1634.59	159.341
1636.13	157.862
1637.66	156.371
1639.20	154.951
1640.74	153.307
1642.28	151.784
1643.82	150.516
1645.35	148.942
1646.89	147.599
1648.43	146.224
1649.96	144.882
1651.50	143.547
1653.04	142.149
1654.57	140.647
1656.11	139.082
1657.64	137.591
1659.18	136.290
1660.71	135.112
1662.25	134.344
1663.78	134.091
1665.31	134.453
1666.85	135.385
1668.38	137.151
1669.91	138.985
1671.45	141.272
1672.98	143.492
1674.51	146.306
1676.04	148.660
1677.58	151.599
1679.11	153.830
1680.64	156.182
1682.17	158.325
1683.70	160.620
1685.23	162.553
1686.76	164.424
1688.29	166.233
1689.82	168.090
1691.35	169.422
1692.88	177.439
1694.41	174.468
1695.94	173.039
1697.46	174.378
1698.99	180.257
1700.52	176.992
1702.05	176.112
1703.57	179.477
1705.10	183.012
1706.63	179.417
