898.66	221.661
900.28	222.078
901.90	221.593
903.52	221.627
905.14	220.336
906.76	221.907
908.38	219.465
910.00	217.988
911.62	215.168
913.24	214.390
914.86	203.863
916.48	201.163
918.10	198.328
919.72	195.339
921.34	192.080
922.96	188.767
924.58	185.237
926.20	181.746
927.82	178.188
929.44	174.607
931.06	170.988
932.67	167.317
934.29	163.649
935.91	159.952
937.53	156.187
939.15	152.351
940.77	148.539
942.38	144.780
944.00	141.191
945.62	137.775
947.24	134.622
948.86	131.728
950.47	129.096
952.09	126.761
953.71	124.736
955.33	123.153
956.94	121.921
958.56	121.140
960.18	120.670
961.79	120.541
963.41	120.835
965.03	121.530
966.64	122.632
968.26	124.122
969.88	126.053
971.49	128.450
973.11	131.280
974.73	134.504
976.34	138.125
977.96	142.070
979.57	146.243
981.19	150.626
982.80	155.349
984.42	160.391
986.03	165.588
987.65	171.096
989.26	176.743
990.88	182.620
992.49	188.566
994.11	194.534
995.72	200.784
997.34	207.084
998.95	213.329
1000.57	219.652
1002.18	226.029
1003.79	232.277
1005.41	238.377
1007.02	244.416
1008.64	250.360
1010.25	256.202
1011.86	261.794
1013.48	267.387
1015.09	272.898
1016.70	278.130
1018.31	283.082
1019.93	287.815
1021.54	292.297
1023.15	296.488
1024.76	300.585
1026.38	304.458
1027.99	308.229
1029.60	311.660
1031.21	314.879
1032.82	318.004
1034.44	320.751
1036.05	323.269
1037.66	325.588
1039.27	327.677
1040.88	329.503
1042.49	331.036
1044.10	332.258
1045.71	333.416
1047.32	334.327
1048.93	334.899
1050.54	335.196
1052.15	335.320
1053.76	335.437
1055.37	335.200
1056.98	334.772
1058.59	334.166
1060.20	333.332
1061.81	332.541
1063.42	331.345
1065.03	329.779
1066.64	328.052
1068.25	326.225
1069.86	324.232
1071.47	322.033
1073.08	319.802
1074.68	317.576
1076.29	315.332
1077.90	312.813
1079.51	310.016
1081.12	307.141
1082.72	304.413
1084.33	301.748
1085.94	298.869
1087.55	295.613
1089.15	292.377
1090.76	289.273
1092.37	285.981
1093.97	282.715
1095.58	279.253
1097.19	275.921
1098.79	272.717
1100.40	269.506
1102.00	266.273
1103.61	262.961
1105.22	259.747
1106.82	256.520
1108.43	253.183
1110.03	249.888
1111.64	246.733
1113.24	243.821
1114.85	240.932
1116.45	237.947
1118.06	234.750
1119.66	231.711
1121.27	229.000
1122.87	226.365
1124.47	223.605
1126.08	220.917
1127.68	218.297
1129.28	215.751
1130.89	213.236
1132.49	210.794
1134.09	208.297
1135.70	205.899
1137.30	203.617
1138.90	201.386
1140.51	199.132
1142.11	197.005
1143.71	194.828
1145.31	192.763
1146.91	190.720
1148.52	188.682
1150.12	186.727
1151.72	184.915
1153.32	183.252
1154.92	181.573
1156.52	179.946
1158.12	178.522
1159.72	177.254
1161.33	176.159
1162.93	175.320
1164.53	174.777
1166.13	174.650
1167.73	175.119
1169.33	176.074
1170.93	177.462
1172.53	179.438
1174.12	181.815
1175.72	184.574
1177.32	187.713
1178.92	191.131
1180.52	194.499
1182.12	198.298
1183.72	202.349
1185.32	206.697
1186.91	211.148
1188.51	215.737
1190.11	220.298
1191.71	224.765
1193.30	229.167
1194.90	233.486
1196.50	237.726
1198.10	241.964
1199.69	245.971
1201.29	249.802
1202.89	253.560
1204.48	257.226
1206.08	260.440
1207.67	263.505
1209.27	266.550
1210.87	269.427
1212.46	272.305
1214.06	275.266
1215.65	277.776
1217.25	280.033
1218.84	282.296
1220.44	284.431
1222.03	286.480
1223.63	288.354
1225.22	290.036
1226.81	291.784
1228.41	293.393
1230.00	294.804
1231.59	296.068
1233.19	297.321
1234.78	298.428
1236.37	299.442
1237.97	300.372
1239.56	301.578
1241.15	302.559
1242.74	303.444
1244.34	304.148
1245.93	304.429
1247.52	304.491
1249.11	304.938
1250.70	305.239
1252.30	305.465
1253.89	305.565
1255.48	305.505
1257.07	305.326
1258.66	305.128
1260.25	304.684
1261.84	304.304
1263.43	304.039
1265.02	303.739
1266.61	303.327
1268.20	302.720
1269.79	302.073
1271.38	301.462
1272.97	300.662
1274.56	299.930
1276.14	299.044
1277.73	298.053
1279.32	297.280
1280.91	296.501
1282.50	295.322
1284.08	294.312
1285.67	293.076
1287.26	291.828
1288.85	290.558
1290.43	289.364
1292.02	288.142
1293.61	286.973
1295.19	285.764
1296.78	284.363
1298.37	282.722
1299.95	280.790
1301.54	278.930
1303.12	276.876
1304.71	274.853
1306.30	272.756
1307.88	270.663
1309.46	268.441
1311.05	266.304
1312.63	263.999
1314.22	261.544
1315.80	259.349
1317.39	256.919
1318.97	254.325
1320.55	251.618
1322.14	248.741
1323.72	245.694
1325.30	242.553
1326.89	239.196
1328.47	235.601
1330.05	231.848
1331.63	228.123
1333.22	224.527
1334.80	220.833
1336.38	217.047
1337.96	212.824
1339.54	208.347
1341.12	203.641
1342.70	198.865
1344.29	193.889
1345.87	188.803
1347.45	183.666
1349.03	178.047
1350.61	172.595
1352.19	167.467
1353.77	162.729
1355.34	158.621
1356.92	155.166
1358.50	152.287
1360.08	149.746
1361.66	147.510
1363.24	145.488
1364.82	143.661
1366.40	141.885
1367.97	140.142
1369.55	138.352
1371.13	136.558
1372.71	134.773
1374.28	132.883
1375.86	130.967
1377.44	129.092
1379.01	127.191
1380.59	125.380
1382.16	123.686
1383.74	121.892
1385.32	120.137
1386.89	118.364
1388.47	116.553
1390.04	114.752
1391.62	112.887
1393.19	111.047
1394.77	109.141
1396.34	107.338
1397.91	105.502
1399.49	103.824
1401.06	102.285
1402.63	100.927
1404.21	99.620
1405.78	98.453
1407.35	97.277
1408.93	96.128
1410.50	95.104
1412.07	94.165
1413.64	93.353
1415.21	92.619
1416.79	92.035
1418.36	91.563
1419.93	91.153
1421.50	90.822
1423.07	90.567
1424.64	90.395
1426.21	90.324
1427.78	90.376
1429.35	90.460
1430.92	90.593
1432.49	90.643
1434.06	90.680
1435.63	90.665
1437.20	90.726
1438.77	90.839
1440.33	90.936
1441.90	91.084
1443.47	91.176
1445.04	91.251
1446.60	91.285
1448.17	91.364
1449.74	91.460
1451.31	91.612
1452.87	91.830
1454.44	92.167
1456.01	92.574
1457.57	92.989
1459.14	93.392
1460.70	93.741
1462.27	94.213
1463.83	94.716
1465.40	95.358
1466.96	96.132
1468.53	97.076
1470.09	98.042
1471.66	98.989
1473.22	100.068
1474.78	101.156
1476.35	102.241
1477.91	103.460
1479.47	104.748
1481.04	106.082
1482.60	107.450
1484.16	108.780
1485.72	110.026
1487.28	111.241
1488.85	112.492
1490.41	113.791
1491.97	115.011
1493.53	116.410
1495.09	117.694
1496.65	119.041
1498.21	120.373
1499.77	121.471
1501.33	122.535
1502.89	123.541
1504.45	124.566
1506.01	125.683
1507.57	126.833
1509.13	128.052
1510.68	129.232
1512.24	130.359
1513.80	131.391
1515.36	132.384
1516.92	133.356
1518.47	134.358
1520.03	135.365
1521.59	136.404
1523.14	137.460
1524.70	138.646
1526.26	139.787
1527.81	141.039
1529.37	142.120
1530.92	143.190
1532.48	144.486
1534.03	145.741
1535.59	147.068
1537.14	148.394
1538.70	149.654
1540.25	150.835
1541.80	152.038
1543.36	153.155
1544.91	154.149
1546.46	155.104
1548.02	156.120
1549.57	157.129
1551.12	158.144
1552.67	159.091
1554.23	159.958
1555.78	160.808
1557.33	161.676
1558.88	162.433
1560.43	163.060
1561.98	163.889
1563.53	164.632
1565.08	165.157
1566.63	165.687
1568.18	166.214
1569.73	166.686
1571.28	167.037
1572.83	167.488
1574.38	167.978
1575.93	168.535
1577.48	169.343
1579.02	170.069
1580.57	170.623
1582.12	171.098
1583.67	171.573
1585.21	172.276
1586.76	172.855
1588.31	173.377
1589.85	173.765
1591.40	173.960
1592.94	174.112
1594.49	174.093
1596.04	174.137
1597.58	174.431
1599.13	174.646
1600.67	174.582
1602.21	174.640
1603.76	174.664
1605.30	174.559
1606.85	174.246
1608.39	173.929
1609.93	173.313
1611.48	172.722
1613.02	172.273
1614.56	171.841
1616.10	171.337
1617.64	170.503
1619.19	169.650
1620.73	168.718
1622.27	167.749
1623.81	167.009
1625.35	166.197
1626.89	165.425
1628.43	164.503
1629.97	163.280
1631.51	161.932
1633.05	160.766
1634.59	159.374
1636.13	157.900
1637.66	156.415
1639.20	155.027
1640.74	153.380
1642.28	151.883
1643.82	150.607
1645.35	149.053
1646.89	147.710
1648.43	146.380
1649.96	145.017
1651.50	143.700
1653.04	142.290
1654.57	140.822
1656.11	139.266
1657.64	137.782
1659.18	136.464
1660.71	135.274
1662.25	134.496
1663.78	134.243
1665.31	134.647
1666.85	135.589
1668.38	137.357
1669.91	139.197
1671.45	141.407
1672.98	143.700
1674.51	146.367
1676.04	148.769
1677.58	151.717
1679.11	153.967
1680.64	156.266
1682.17	158.387
1683.70	160.686
1685.23	162.612
1686.76	164.420
1688.29	166.196
1689.82	168.023
1691.35	169.347
1692.88	180.050
1694.41	174.468
1695.94	173.235
1697.46	173.134
1698.99	180.625
1700.52	176.112
1702.05	175.905
1703.57	177.731
1705.10	182.789
1706.63	178.508
