898.66	221.566
900.28	221.889
901.90	221.522
903.52	221.195
905.14	220.345
906.76	221.804
908.38	219.187
910.00	217.639
911.62	214.716
913.24	214.349
914.86	203.663
916.48	200.959
918.10	198.134
919.72	195.143
921.34	191.885
922.96	188.566
924.58	185.039
926.20	181.545
927.82	178.001
929.44	174.433
931.06	170.824
932.67	167.164
934.29	163.504
935.91	159.812
937.53	156.061
939.15	152.231
940.77	148.436
942.38	144.695
944.00	141.124
945.62	137.719
947.24	134.573
948.86	131.689
950.47	129.071
952.09	126.744
953.71	124.727
955.33	123.164
956.94	121.949
958.56	121.182
960.18	120.720
961.79	120.602
963.41	120.909
965.03	121.611
966.64	122.706
968.26	124.206
969.88	126.151
971.49	128.544
973.11	131.370
974.73	134.589
976.34	138.213
977.96	142.147
979.57	146.309
981.19	150.696
982.80	155.420
984.42	160.448
986.03	165.616
987.65	171.126
989.26	176.777
990.88	182.622
992.49	188.540
994.11	194.515
995.72	200.772
997.34	207.050
998.95	213.272
1000.57	219.608
1002.18	225.979
1003.79	232.207
1005.41	238.285
1007.02	244.317
1008.64	250.262
1010.25	256.090
1011.86	261.659
1013.48	267.254
1015.09	272.758
1016.70	277.980
1018.31	282.915
1019.93	287.646
1021.54	292.122
1023.15	296.301
1024.76	300.389
1026.38	304.240
1027.99	307.984
1029.60	311.394
1031.21	314.613
1032.82	317.703
1034.44	320.397
1036.05	322.884
1037.66	325.181
1039.27	327.244
1040.88	329.024
1042.49	330.536
1044.10	331.767
1045.71	332.927
1047.32	333.791
1048.93	334.339
1050.54	334.629
1052.15	334.770
1053.76	334.880
1055.37	334.619
1056.98	334.175
1058.59	333.605
1060.20	332.806
1061.81	332.001
1063.42	330.766
1065.03	329.204
1066.64	327.511
1068.25	325.689
1069.86	323.680
1071.47	321.483
1073.08	319.295
1074.68	317.110
1076.29	314.846
1077.90	312.292
1079.51	309.502
1081.12	306.677
1082.72	303.967
1084.33	301.286
1085.94	298.385
1087.55	295.154
1089.15	291.945
1090.76	288.851
1092.37	285.515
1093.97	282.221
1095.58	278.789
1097.19	275.513
1098.79	272.298
1100.40	269.059
1102.00	265.827
1103.61	262.559
1105.22	259.385
1106.82	256.158
1108.43	252.798
1110.03	249.514
1111.64	246.395
1113.24	243.509
1114.85	240.616
1116.45	237.629
1118.06	234.449
1119.66	231.444
1121.27	228.747
1122.87	226.113
1124.47	223.343
1126.08	220.677
1127.68	218.088
1129.28	215.544
1130.89	213.012
1132.49	210.581
1134.09	208.119
1135.70	205.766
1137.30	203.485
1138.90	201.232
1140.51	198.969
1142.11	196.871
1143.71	194.722
1145.31	192.664
1146.91	190.610
1148.52	188.573
1150.12	186.626
1151.72	184.834
1153.32	183.166
1154.92	181.463
1156.52	179.827
1158.12	178.419
1159.72	177.183
1161.33	176.084
1162.93	175.256
1164.53	174.716
1166.13	174.600
1167.73	175.069
1169.33	176.008
1170.93	177.379
1172.53	179.357
1174.12	181.743
1175.72	184.499
1177.32	187.611
1178.92	191.003
1180.52	194.381
1182.12	198.213
1183.72	202.282
1185.32	206.623
1186.91	211.058
1188.51	215.635
1190.11	220.197
1191.71	224.695
1193.30	229.087
1194.90	233.366
1196.50	237.552
1198.10	241.764
1199.69	245.795
1201.29	249.657
1202.89	253.410
1204.48	257.047
1206.08	260.220
1207.67	263.251
1209.27	266.301
1210.87	269.197
1212.46	272.058
1214.06	274.963
1215.65	277.422
1217.25	279.665
1218.84	281.913
1220.44	284.046
1222.03	286.069
1223.63	287.914
1225.22	289.548
1226.81	291.269
1228.41	292.896
1230.00	294.335
1231.59	295.604
1233.19	296.813
1234.78	297.889
1236.37	298.895
1237.97	299.861
1239.56	301.136
1241.15	302.169
1242.74	303.029
1244.34	303.695
1245.93	303.976
1247.52	304.074
1249.11	304.569
1250.70	304.894
1252.30	305.119
1253.89	305.205
1255.48	305.144
1257.07	304.978
1258.66	304.811
1260.25	304.395
1261.84	304.012
1263.43	303.725
1265.02	303.406
1266.61	303.003
1268.20	302.408
1269.79	301.776
1271.38	301.157
1272.97	300.301
1274.56	299.507
1276.14	298.601
1277.73	297.609
1279.32	296.842
1280.91	296.074
1282.50	294.884
1284.08	293.848
1285.67	292.602
1287.26	291.331
1288.85	290.056
1290.43	288.871
1292.02	287.660
1293.61	286.511
1295.19	285.310
1296.78	283.902
1298.37	282.264
1299.95	280.344
1301.54	278.501
1303.12	276.465
1304.71	274.443
1306.30	272.354
1307.88	270.273
1309.46	268.068
1311.05	265.940
1312.63	263.652
1314.22	261.198
1315.80	259.004
1317.39	256.586
1318.97	253.996
1320.55	251.314
1322.14	248.461
1323.72	245.417
1325.30	242.271
1326.89	238.897
1328.47	235.310
1330.05	231.579
1331.63	227.880
1333.22	224.287
1334.80	220.574
1336.38	216.759
1337.96	212.524
1339.54	208.063
1341.12	203.401
1342.70	198.666
1344.29	193.739
1345.87	188.652
1347.45	183.497
1349.03	177.856
1350.61	172.409
1352.19	167.345
1353.77	162.669
1355.34	158.577
1356.92	155.131
1358.50	152.230
1360.08	149.688
1361.66	147.448
1363.24	145.461
1364.82	143.646
1366.40	141.884
1367.97	140.147
1369.55	138.354
1371.13	136.556
1372.71	134.764
1374.28	132.894
1375.86	131.003
1377.44	129.139
1379.01	127.231
1380.59	125.427
1382.16	123.727
1383.74	121.926
1385.32	120.172
1386.89	118.407
1388.47	116.618
1390.04	114.815
1391.62	112.954
1393.19	111.095
1394.77	109.180
1396.34	107.365
1397.91	105.524
1399.49	103.856
1401.06	102.332
1402.63	100.971
1404.21	99.671
1405.78	98.492
1407.35	97.303
1408.93	96.150
1410.50	95.129
1412.07	94.207
1413.64	93.379
1415.21	92.657
1416.79	92.068
1418.36	91.574
1419.93	91.150
1421.50	90.820
1423.07	90.569
1424.64	90.415
1426.21	90.359
1427.78	90.422
1429.35	90.507
1430.92	90.637
1432.49	90.680
1434.06	90.709
1435.63	90.708
1437.20	90.775
1438.77	90.907
1440.33	91.010
1441.90	91.147
1443.47	91.216
1445.04	91.264
1446.60	91.294
1448.17	91.366
1449.74	91.477
1451.31	91.662
1452.87	91.895
1454.44	92.233
1456.01	92.639
1457.57	93.025
1459.14	93.407
1460.70	93.742
1462.27	94.212
1463.83	94.733
1465.40	95.391
1466.96	96.182
1468.53	97.112
1470.09	98.052
1471.66	98.967
1473.22	100.023
1474.78	101.111
1476.35	102.224
1477.91	103.476
1479.47	104.802
1481.04	106.141
1482.60	107.510
1484.16	108.817
1485.72	110.036
1487.28	111.232
1488.85	112.473
1490.41	113.793
1491.97	115.054
1493.53	116.481
1495.09	117.775
1496.65	119.103
1498.21	120.415
1499.77	121.481
1501.33	122.534
1502.89	123.535
1504.45	124.584
1506.01	125.728
1507.57	126.904
1509.13	128.125
1510.68	129.300
1512.24	130.383
1513.80	131.385
1515.36	132.342
1516.92	133.297
1518.47	134.295
1520.03	135.317
1521.59	136.383
1523.14	137.460
1524.70	138.633
1526.26	139.756
1527.81	140.983
1529.37	142.052
1530.92	143.106
1532.48	144.401
1534.03	145.667
1535.59	147.023
1537.14	148.362
1538.70	149.630
1540.25	150.810
1541.80	151.999
1543.36	153.101
1544.91	154.086
1546.46	155.031
1548.02	156.054
1549.57	157.088
1551.12	158.139
1552.67	159.112
1554.23	159.979
1555.78	160.814
1557.33	161.667
1558.88	162.410
1560.43	163.027
1561.98	163.847
1563.53	164.590
1565.08	165.131
1566.63	165.676
1568.18	166.219
1569.73	166.686
1571.28	167.016
1572.83	167.453
1574.38	167.925
1575.93	168.462
1577.48	169.270
1579.02	170.019
1580.57	170.603
1582.12	171.093
1583.67	171.577
1585.21	172.284
1586.76	172.866
1588.31	173.389
1589.85	173.773
1591.40	173.970
1592.94	174.132
1594.49	174.123
1596.04	174.180
1597.58	174.475
1599.13	174.680
1600.67	174.597
1602.21	174.662
1603.76	174.693
1605.30	174.578
1606.85	174.284
1608.39	173.990
1609.93	173.401
1611.48	172.827
1613.02	172.360
1614.56	171.907
1616.10	171.380
1617.64	170.508
1619.19	169.637
1620.73	168.698
1622.27	167.746
1623.81	167.022
1625.35	166.240
1626.89	165.494
1628.43	164.595
1629.97	163.374
1631.51	162.016
1633.05	160.827
1634.59	159.392
1636.13	157.900
1637.66	156.410
1639.20	155.017
1640.74	153.389
1642.28	151.897
1643.82	150.650
1645.35	149.110
1646.89	147.765
1648.43	146.380
1649.96	144.993
1651.50	143.611
1653.04	142.162
1654.57	140.642
1656.11	139.082
1657.64	137.622
1659.18	136.328
1660.71	135.167
1662.25	134.404
1663.78	134.190
1665.31	134.566
1666.85	135.511
1668.38	137.252
1669.91	139.137
1671.45	141.385
1672.98	143.674
1674.51	146.447
1676.04	148.775
1677.58	151.762
1679.11	153.977
1680.64	156.348
1682.17	158.398
1683.70	160.748
1685.23	162.692
1686.76	164.546
1688.29	166.261
1689.82	168.123
1691.35	169.458
1692.88	179.902
1694.41	173.789
1695.94	173.431
1697.46	172.388
1698.99	181.731
1700.52	177.614
1702.05	175.387
1703.57	176.461
1705.10	183.962
1706.63	178.401
