898.66	221.670
900.28	221.758
901.90	221.531
903.52	221.288
905.14	220.381
906.76	221.673
908.38	219.095
910.00	217.163
911.62	214.502
913.24	214.061
914.86	203.530
916.48	200.834
918.10	198.012
919.72	195.008
921.34	191.738
922.96	188.416
924.58	184.887
926.20	181.399
927.82	177.867
929.44	174.310
931.06	170.713
932.67	167.054
934.29	163.392
935.91	159.703
937.53	155.962
939.15	152.142
940.77	148.366
942.38	144.636
944.00	141.089
945.62	137.707
947.24	134.577
948.86	131.715
950.47	129.106
952.09	126.789
953.71	124.795
955.33	123.254
956.94	122.059
958.56	121.310
960.18	120.849
961.79	120.753
963.41	121.073
965.03	121.786
966.64	122.894
968.26	124.406
969.88	126.368
971.49	128.762
973.11	131.596
974.73	134.818
976.34	138.450
977.96	142.369
979.57	146.523
981.19	150.926
982.80	155.652
984.42	160.660
986.03	165.816
987.65	171.324
989.26	176.970
990.88	182.805
992.49	188.725
994.11	194.734
995.72	200.990
997.34	207.234
998.95	213.448
1000.57	219.800
1002.18	226.171
1003.79	232.382
1005.41	238.455
1007.02	244.482
1008.64	250.437
1010.25	256.248
1011.86	261.821
1013.48	267.441
1015.09	272.937
1016.70	278.122
1018.31	283.020
1019.93	287.734
1021.54	292.204
1023.15	296.357
1024.76	300.396
1026.38	304.197
1027.99	307.906
1029.60	311.311
1031.21	314.536
1032.82	317.584
1034.44	320.229
1036.05	322.697
1037.66	324.977
1039.27	327.003
1040.88	328.745
1042.49	330.236
1044.10	331.469
1045.71	332.590
1047.32	333.380
1048.93	333.904
1050.54	334.216
1052.15	334.394
1053.76	334.481
1055.37	334.193
1056.98	333.762
1058.59	333.246
1060.20	332.472
1061.81	331.632
1063.42	330.355
1065.03	328.831
1066.64	327.160
1068.25	325.308
1069.86	323.272
1071.47	321.087
1073.08	318.933
1074.68	316.741
1076.29	314.432
1077.90	311.852
1079.51	309.108
1081.12	306.327
1082.72	303.609
1084.33	300.893
1085.94	297.996
1087.55	294.814
1089.15	291.629
1090.76	288.506
1092.37	285.135
1093.97	281.837
1095.58	278.451
1097.19	275.220
1098.79	271.948
1100.40	268.694
1102.00	265.508
1103.61	262.290
1105.22	259.157
1106.82	255.917
1108.43	252.565
1110.03	249.304
1111.64	246.215
1113.24	243.328
1114.85	240.416
1116.45	237.423
1118.06	234.271
1119.66	231.271
1121.27	228.576
1122.87	225.933
1124.47	223.186
1126.08	220.540
1127.68	217.963
1129.28	215.402
1130.89	212.842
1132.49	210.433
1134.09	207.999
1135.70	205.654
1137.30	203.349
1138.90	201.047
1140.51	198.793
1142.11	196.724
1143.71	194.606
1145.31	192.559
1146.91	190.502
1148.52	188.481
1150.12	186.573
1151.72	184.784
1153.32	183.113
1154.92	181.389
1156.52	179.755
1158.12	178.360
1159.72	177.127
1161.33	176.043
1162.93	175.219
1164.53	174.707
1166.13	174.614
1167.73	175.080
1169.33	175.986
1170.93	177.349
1172.53	179.337
1174.12	181.724
1175.72	184.468
1177.32	187.534
1178.92	190.896
1180.52	194.279
1182.12	198.145
1183.72	202.212
1185.32	206.558
1186.91	210.974
1188.51	215.565
1190.11	220.175
1191.71	224.710
1193.30	229.111
1194.90	233.332
1196.50	237.460
1198.10	241.667
1199.69	245.755
1201.29	249.655
1202.89	253.409
1204.48	256.998
1206.08	260.145
1207.67	263.178
1209.27	266.283
1210.87	269.212
1212.46	272.035
1214.06	274.888
1215.65	277.312
1217.25	279.541
1218.84	281.786
1220.44	283.928
1222.03	285.923
1223.63	287.718
1225.22	289.318
1226.81	291.031
1228.41	292.683
1230.00	294.175
1231.59	295.420
1233.19	296.572
1234.78	297.606
1236.37	298.610
1237.97	299.631
1239.56	300.950
1241.15	302.010
1242.74	302.811
1244.34	303.425
1245.93	303.722
1247.52	303.861
1249.11	304.402
1250.70	304.755
1252.30	304.970
1253.89	305.024
1255.48	304.948
1257.07	304.801
1258.66	304.654
1260.25	304.262
1261.84	303.878
1263.43	303.556
1265.02	303.228
1266.61	302.820
1268.20	302.244
1269.79	301.628
1271.38	300.997
1272.97	300.093
1274.56	299.227
1276.14	298.293
1277.73	297.324
1279.32	296.580
1280.91	295.830
1282.50	294.614
1284.08	293.549
1285.67	292.284
1287.26	291.013
1288.85	289.763
1290.43	288.597
1292.02	287.399
1293.61	286.258
1295.19	285.045
1296.78	283.616
1298.37	281.989
1299.95	280.099
1301.54	278.287
1303.12	276.282
1304.71	274.255
1306.30	272.153
1307.88	270.085
1309.46	267.898
1311.05	265.774
1312.63	263.483
1314.22	261.018
1315.80	258.830
1317.39	256.416
1318.97	253.833
1320.55	251.156
1322.14	248.293
1323.72	245.230
1325.30	242.062
1326.89	238.661
1328.47	235.087
1330.05	231.394
1331.63	227.703
1333.22	224.091
1334.80	220.327
1336.38	216.453
1337.96	212.207
1339.54	207.785
1341.12	203.170
1342.70	198.487
1344.29	193.568
1345.87	188.465
1347.45	183.275
1349.03	177.610
1350.61	172.178
1352.19	167.168
1353.77	162.527
1355.34	158.444
1356.92	154.980
1358.50	152.061
1360.08	149.515
1361.66	147.270
1363.24	145.300
1364.82	143.484
1366.40	141.724
1367.97	139.979
1369.55	138.168
1371.13	136.337
1372.71	134.545
1374.28	132.685
1375.86	130.811
1377.44	128.968
1379.01	127.051
1380.59	125.224
1382.16	123.510
1383.74	121.727
1385.32	120.007
1386.89	118.270
1388.47	116.508
1390.04	114.715
1391.62	112.853
1393.19	110.971
1394.77	109.051
1396.34	107.233
1397.91	105.443
1399.49	103.792
1401.06	102.287
1402.63	100.932
1404.21	99.637
1405.78	98.471
1407.35	97.268
1408.93	96.112
1410.50	95.083
1412.07	94.170
1413.64	93.355
1415.21	92.621
1416.79	92.012
1418.36	91.480
1419.93	91.054
1421.50	90.731
1423.07	90.510
1424.64	90.383
1426.21	90.346
1427.78	90.406
1429.35	90.491
1430.92	90.598
1432.49	90.640
1434.06	90.691
1435.63	90.706
1437.20	90.812
1438.77	90.941
1440.33	91.045
1441.90	91.178
1443.47	91.220
1445.04	91.249
1446.60	91.271
1448.17	91.369
1449.74	91.502
1451.31	91.720
1452.87	91.965
1454.44	92.298
1456.01	92.687
1457.57	93.051
1459.14	93.410
1460.70	93.752
1462.27	94.239
1463.83	94.792
1465.40	95.483
1466.96	96.267
1468.53	97.175
1470.09	98.068
1471.66	98.950
1473.22	100.008
1474.78	101.107
1476.35	102.271
1477.91	103.576
1479.47	104.934
1481.04	106.274
1482.60	107.625
1484.16	108.903
1485.72	110.098
1487.28	111.285
1488.85	112.536
1490.41	113.887
1491.97	115.192
1493.53	116.643
1495.09	117.930
1496.65	119.224
1498.21	120.494
1499.77	121.532
1501.33	122.576
1502.89	123.593
1504.45	124.679
1506.01	125.852
1507.57	127.044
1509.13	128.253
1510.68	129.390
1512.24	130.431
1513.80	131.388
1515.36	132.319
1516.92	133.270
1518.47	134.277
1520.03	135.328
1521.59	136.420
1523.14	137.494
1524.70	138.656
1526.26	139.749
1527.81	140.947
1529.37	142.023
1530.92	143.079
1532.48	144.389
1534.03	145.671
1535.59	147.048
1537.14	148.394
1538.70	149.655
1540.25	150.817
1541.80	151.988
1543.36	153.067
1544.91	154.049
1546.46	155.000
1548.02	156.041
1549.57	157.114
1551.12	158.202
1552.67	159.193
1554.23	160.053
1555.78	160.882
1557.33	161.711
1558.88	162.443
1560.43	163.061
1561.98	163.853
1563.53	164.589
1565.08	165.132
1566.63	165.707
1568.18	166.269
1569.73	166.745
1571.28	167.073
1572.83	167.505
1574.38	167.964
1575.93	168.504
1577.48	169.316
1579.02	170.087
1580.57	170.708
1582.12	171.204
1583.67	171.693
1585.21	172.388
1586.76	172.977
1588.31	173.487
1589.85	173.870
1591.40	174.076
1592.94	174.244
1594.49	174.262
1596.04	174.353
1597.58	174.665
1599.13	174.856
1600.67	174.761
1602.21	174.816
1603.76	174.841
1605.30	174.723
1606.85	174.438
1608.39	174.173
1609.93	173.604
1611.48	173.045
1613.02	172.543
1614.56	172.062
1616.10	171.502
1617.64	170.597
1619.19	169.699
1620.73	168.769
1622.27	167.843
1623.81	167.150
1625.35	166.411
1626.89	165.696
1628.43	164.793
1629.97	163.564
1631.51	162.200
1633.05	160.966
1634.59	159.500
1636.13	157.984
1637.66	156.493
1639.20	155.137
1640.74	153.538
1642.28	152.085
1643.82	150.861
1645.35	149.332
1646.89	147.968
1648.43	146.557
1649.96	145.125
1651.50	143.701
1653.04	142.223
1654.57	140.687
1656.11	139.137
1657.64	137.670
1659.18	136.383
1660.71	135.241
1662.25	134.466
1663.78	134.168
1665.31	134.531
1666.85	135.405
1668.38	137.120
1669.91	139.029
1671.45	141.307
1672.98	143.570
1674.51	146.338
1676.04	148.632
1677.58	151.674
1679.11	153.884
1680.64	156.264
1682.17	158.366
1683.70	160.726
1685.23	162.614
1686.76	164.491
1688.29	166.202
1689.82	168.052
1691.35	169.424
1692.88	180.395
1694.41	173.012
1695.94	174.755
1697.46	170.995
1698.99	182.310
1700.52	175.956
1702.05	176.112
1703.57	177.890
1705.10	182.733
1706.63	179.951
