898.66	221.596
900.28	221.724
901.90	221.498
903.52	221.255
905.14	220.976
906.76	221.044
908.38	219.169
910.00	217.750
911.62	214.695
913.24	213.709
914.86	203.322
916.48	200.597
918.10	197.748
919.72	194.740
921.34	191.480
922.96	188.152
924.58	184.659
926.20	181.175
927.82	177.627
929.44	174.066
931.06	170.504
932.67	166.872
934.29	163.248
935.91	159.592
937.53	155.882
939.15	152.103
940.77	148.351
942.38	144.655
944.00	141.148
945.62	137.779
947.24	134.678
948.86	131.879
950.47	129.336
952.09	127.087
953.71	125.148
955.33	123.650
956.94	122.490
958.56	121.759
960.18	121.341
961.79	121.283
963.41	121.642
965.03	122.393
966.64	123.570
968.26	125.119
969.88	127.095
971.49	129.496
973.11	132.367
974.73	135.640
976.34	139.255
977.96	143.165
979.57	147.340
981.19	151.739
982.80	156.389
984.42	161.346
986.03	166.499
987.65	171.986
989.26	177.595
990.88	183.366
992.49	189.268
994.11	195.258
995.72	201.496
997.34	207.696
998.95	213.872
1000.57	220.125
1002.18	226.370
1003.79	232.485
1005.41	238.537
1007.02	244.544
1008.64	250.422
1010.25	256.116
1011.86	261.650
1013.48	267.247
1015.09	272.627
1016.70	277.776
1018.31	282.643
1019.93	287.306
1021.54	291.692
1023.15	295.680
1024.76	299.646
1026.38	303.427
1027.99	307.124
1029.60	310.486
1031.21	313.606
1032.82	316.621
1034.44	319.302
1036.05	321.794
1037.66	324.033
1039.27	325.972
1040.88	327.655
1042.49	329.094
1044.10	330.296
1045.71	331.309
1047.32	332.016
1048.93	332.673
1050.54	332.998
1052.15	333.083
1053.76	333.065
1055.37	332.832
1056.98	332.478
1058.59	331.919
1060.20	331.042
1061.81	330.131
1063.42	328.862
1065.03	327.360
1066.64	325.533
1068.25	323.551
1069.86	321.492
1071.47	319.358
1073.08	317.194
1074.68	314.993
1076.29	312.736
1077.90	310.332
1079.51	307.701
1081.12	304.882
1082.72	301.982
1084.33	299.253
1085.94	296.536
1087.55	293.513
1089.15	290.256
1090.76	287.097
1092.37	283.816
1093.97	280.655
1095.58	277.307
1097.19	274.001
1098.79	270.729
1100.40	267.636
1102.00	264.605
1103.61	261.485
1105.22	258.379
1106.82	255.164
1108.43	251.817
1110.03	248.591
1111.64	245.456
1113.24	242.516
1114.85	239.667
1116.45	236.837
1118.06	233.798
1119.66	230.784
1121.27	228.021
1122.87	225.410
1124.47	222.759
1126.08	220.196
1127.68	217.615
1129.28	215.053
1130.89	212.548
1132.49	210.223
1134.09	207.820
1135.70	205.463
1137.30	203.137
1138.90	200.839
1140.51	198.645
1142.11	196.626
1143.71	194.512
1145.31	192.470
1146.91	190.471
1148.52	188.498
1150.12	186.586
1151.72	184.765
1153.32	183.038
1154.92	181.335
1156.52	179.780
1158.12	178.405
1159.72	177.117
1161.33	175.988
1162.93	175.209
1164.53	174.776
1166.13	174.706
1167.73	175.147
1169.33	176.022
1170.93	177.357
1172.53	179.343
1174.12	181.730
1175.72	184.430
1177.32	187.445
1178.92	190.830
1180.52	194.222
1182.12	198.045
1183.72	201.983
1185.32	206.286
1186.91	210.744
1188.51	215.463
1190.11	220.077
1191.71	224.558
1193.30	228.803
1194.90	232.894
1196.50	237.040
1198.10	241.283
1199.69	245.383
1201.29	249.142
1202.89	252.786
1204.48	256.387
1206.08	259.624
1207.67	262.700
1209.27	265.788
1210.87	268.593
1212.46	271.250
1214.06	274.008
1215.65	276.434
1217.25	278.734
1218.84	280.934
1220.44	282.962
1222.03	284.743
1223.63	286.463
1225.22	288.052
1226.81	289.858
1228.41	291.597
1230.00	293.044
1231.59	294.189
1233.19	295.310
1234.78	296.473
1236.37	297.584
1237.97	298.644
1239.56	299.845
1241.15	300.781
1242.74	301.509
1244.34	302.195
1245.93	302.556
1247.52	302.813
1249.11	303.397
1250.70	303.679
1252.30	303.824
1253.89	303.864
1255.48	303.900
1257.07	303.880
1258.66	303.842
1260.25	303.442
1261.84	302.971
1263.43	302.574
1265.02	302.260
1266.61	301.869
1268.20	301.265
1269.79	300.614
1271.38	299.857
1272.97	298.854
1274.56	297.972
1276.14	297.083
1277.73	296.150
1279.32	295.495
1280.91	294.691
1282.50	293.397
1284.08	292.292
1285.67	291.020
1287.26	289.741
1288.85	288.499
1290.43	287.366
1292.02	286.135
1293.61	284.913
1295.19	283.661
1296.78	282.304
1298.37	280.766
1299.95	278.903
1301.54	277.114
1303.12	275.100
1304.71	273.083
1306.30	271.068
1307.88	269.086
1309.46	266.952
1311.05	264.911
1312.63	262.630
1314.22	260.181
1315.80	257.981
1317.39	255.581
1318.97	253.049
1320.55	250.450
1322.14	247.614
1323.72	244.476
1325.30	241.286
1326.89	237.974
1328.47	234.503
1330.05	230.812
1331.63	227.097
1333.22	223.471
1334.80	219.681
1336.38	215.798
1337.96	211.635
1339.54	207.314
1341.12	202.725
1342.70	198.015
1344.29	192.921
1345.87	187.704
1347.45	182.535
1349.03	177.044
1350.61	171.804
1352.19	166.892
1353.77	162.244
1355.34	158.108
1356.92	154.589
1358.50	151.663
1360.08	149.129
1361.66	146.977
1363.24	145.071
1364.82	143.237
1366.40	141.442
1367.97	139.662
1369.55	137.878
1371.13	136.147
1372.71	134.444
1374.28	132.672
1375.86	130.837
1377.44	128.962
1379.01	126.996
1380.59	125.122
1382.16	123.381
1383.74	121.628
1385.32	119.948
1386.89	118.237
1388.47	116.422
1390.04	114.559
1391.62	112.644
1393.19	110.739
1394.77	108.834
1396.34	107.062
1397.91	105.266
1399.49	103.617
1401.06	102.086
1402.63	100.702
1404.21	99.356
1405.78	98.153
1407.35	96.977
1408.93	95.866
1410.50	94.886
1412.07	94.011
1413.64	93.211
1415.21	92.476
1416.79	91.875
1418.36	91.387
1419.93	91.027
1421.50	90.790
1423.07	90.631
1424.64	90.522
1426.21	90.467
1427.78	90.482
1429.35	90.520
1430.92	90.654
1432.49	90.740
1434.06	90.853
1435.63	90.932
1437.20	91.047
1438.77	91.162
1440.33	91.218
1441.90	91.294
1443.47	91.318
1445.04	91.379
1446.60	91.453
1448.17	91.623
1449.74	91.810
1451.31	92.012
1452.87	92.209
1454.44	92.475
1456.01	92.818
1457.57	93.167
1459.14	93.569
1460.70	94.011
1462.27	94.609
1463.83	95.213
1465.40	95.872
1466.96	96.561
1468.53	97.338
1470.09	98.157
1471.66	99.078
1473.22	100.209
1474.78	101.405
1476.35	102.673
1477.91	104.026
1479.47	105.362
1481.04	106.595
1482.60	107.827
1484.16	109.022
1485.72	110.202
1487.28	111.458
1488.85	112.793
1490.41	114.224
1491.97	115.568
1493.53	116.980
1495.09	118.147
1496.65	119.308
1498.21	120.503
1499.77	121.512
1501.33	122.623
1502.89	123.756
1504.45	124.892
1506.01	126.093
1507.57	127.255
1509.13	128.348
1510.68	129.354
1512.24	130.304
1513.80	131.218
1515.36	132.187
1516.92	133.253
1518.47	134.359
1520.03	135.471
1521.59	136.552
1523.14	137.557
1524.70	138.613
1526.26	139.600
1527.81	140.740
1529.37	141.815
1530.92	142.953
1532.48	144.373
1534.03	145.746
1535.59	147.129
1537.14	148.418
1538.70	149.605
1540.25	150.692
1541.80	151.826
1543.36	152.878
1544.91	153.865
1546.46	154.907
1548.02	156.038
1549.57	157.177
1551.12	158.266
1552.67	159.215
1554.23	160.017
1555.78	160.768
1557.33	161.575
1558.88	162.317
1560.43	163.016
1561.98	163.904
1563.53	164.710
1565.08	165.314
1566.63	165.915
1568.18	166.489
1569.73	166.931
1571.28	167.227
1572.83	167.655
1574.38	168.141
1575.93	168.752
1577.48	169.677
1579.02	170.535
1580.57	171.189
1582.12	171.642
1583.67	172.107
1585.21	172.751
1586.76	173.298
1588.31	173.806
1589.85	174.174
1591.40	174.403
1592.94	174.580
1594.49	174.604
1596.04	174.635
1597.58	174.879
1599.13	174.982
1600.67	174.809
1602.21	174.884
1603.76	174.932
1605.30	174.819
1606.85	174.530
1608.39	174.258
1609.93	173.635
1611.48	172.993
1613.02	172.429
1614.56	171.915
1616.10	171.325
1617.64	170.429
1619.19	169.626
1620.73	168.860
1622.27	168.074
1623.81	167.476
1625.35	166.763
1626.89	166.014
1628.43	165.059
1629.97	163.771
1631.51	162.334
1633.05	161.062
1634.59	159.595
1636.13	158.125
1637.66	156.758
1639.20	155.535
1640.74	154.043
1642.28	152.625
1643.82	151.345
1645.35	149.690
1646.89	148.136
1648.43	146.581
1649.96	145.082
1651.50	143.602
1653.04	142.084
1654.57	140.592
1656.11	139.098
1657.64	137.700
1659.18	136.466
1660.71	135.301
1662.25	134.421
1663.78	134.006
1665.31	134.254
1666.85	135.088
1668.38	136.781
1669.91	138.644
1671.45	140.891
1672.98	143.229
1674.51	145.979
1676.04	148.382
1677.58	151.348
1679.11	153.700
1680.64	156.077
1682.17	158.107
1683.70	160.411
1685.23	162.402
1686.76	164.341
1688.29	166.145
1689.82	168.023
1691.35	169.355
1692.88	179.656
1694.41	175.099
1695.94	173.137
1697.46	171.393
1698.99	179.836
1700.52	176.837
1702.05	177.304
1703.57	178.419
1705.10	183.795
1706.63	179.791
