898.66	221.720
900.28	221.758
901.90	221.802
903.52	221.497
905.14	221.063
906.76	221.287
908.38	218.947
910.00	217.397
911.62	214.408
913.24	213.749
914.86	203.416
916.48	200.704
918.10	197.875
919.72	194.871
921.34	191.591
922.96	188.249
924.58	184.743
926.20	181.268
927.82	177.745
929.44	174.202
931.06	170.648
932.67	167.022
934.29	163.403
935.91	159.750
937.53	156.042
939.15	152.259
940.77	148.512
942.38	144.840
944.00	141.355
945.62	138.004
947.24	134.907
948.86	132.118
950.47	129.575
952.09	127.327
953.71	125.396
955.33	123.932
956.94	122.804
958.56	122.107
960.18	121.710
961.79	121.659
963.41	122.027
965.03	122.782
966.64	123.957
968.26	125.504
969.88	127.481
971.49	129.891
973.11	132.775
974.73	136.024
976.34	139.640
977.96	143.541
979.57	147.716
981.19	152.114
982.80	156.759
984.42	161.720
986.03	166.877
987.65	172.358
989.26	177.938
990.88	183.732
992.49	189.655
994.11	195.642
995.72	201.838
997.34	208.022
998.95	214.201
1000.57	220.473
1002.18	226.733
1003.79	232.864
1005.41	238.945
1007.02	244.973
1008.64	250.850
1010.25	256.560
1011.86	262.127
1013.48	267.754
1015.09	273.159
1016.70	278.282
1018.31	283.134
1019.93	287.792
1021.54	292.195
1023.15	296.214
1024.76	300.156
1026.38	303.908
1027.99	307.576
1029.60	310.922
1031.21	314.044
1032.82	317.011
1034.44	319.617
1036.05	322.027
1037.66	324.219
1039.27	326.120
1040.88	327.769
1042.49	329.227
1044.10	330.399
1045.71	331.374
1047.32	332.063
1048.93	332.663
1050.54	332.984
1052.15	333.084
1053.76	333.082
1055.37	332.838
1056.98	332.465
1058.59	331.898
1060.20	331.009
1061.81	330.125
1063.42	328.916
1065.03	327.442
1066.64	325.669
1068.25	323.714
1069.86	321.741
1071.47	319.670
1073.08	317.510
1074.68	315.240
1076.29	312.939
1077.90	310.500
1079.51	307.885
1081.12	305.086
1082.72	302.219
1084.33	299.517
1085.94	296.783
1087.55	293.720
1089.15	290.440
1090.76	287.285
1092.37	284.006
1093.97	280.851
1095.58	277.493
1097.19	274.179
1098.79	270.887
1100.40	267.756
1102.00	264.736
1103.61	261.595
1105.22	258.451
1106.82	255.231
1108.43	251.953
1110.03	248.776
1111.64	245.679
1113.24	242.725
1114.85	239.827
1116.45	236.982
1118.06	233.926
1119.66	230.905
1121.27	228.141
1122.87	225.536
1124.47	222.883
1126.08	220.314
1127.68	217.724
1129.28	215.155
1130.89	212.638
1132.49	210.309
1134.09	207.938
1135.70	205.594
1137.30	203.249
1138.90	200.948
1140.51	198.753
1142.11	196.739
1143.71	194.614
1145.31	192.569
1146.91	190.571
1148.52	188.627
1150.12	186.719
1151.72	184.911
1153.32	183.199
1154.92	181.523
1156.52	179.982
1158.12	178.591
1159.72	177.287
1161.33	176.156
1162.93	175.389
1164.53	174.947
1166.13	174.873
1167.73	175.301
1169.33	176.184
1170.93	177.552
1172.53	179.546
1174.12	181.925
1175.72	184.608
1177.32	187.609
1178.92	190.997
1180.52	194.417
1182.12	198.217
1183.72	202.170
1185.32	206.462
1186.91	210.917
1188.51	215.620
1190.11	220.265
1191.71	224.773
1193.30	229.044
1194.90	233.150
1196.50	237.276
1198.10	241.526
1199.69	245.627
1201.29	249.423
1202.89	253.062
1204.48	256.633
1206.08	259.871
1207.67	262.946
1209.27	266.056
1210.87	268.890
1212.46	271.523
1214.06	274.263
1215.65	276.686
1217.25	278.964
1218.84	281.156
1220.44	283.147
1222.03	284.928
1223.63	286.660
1225.22	288.240
1226.81	290.016
1228.41	291.718
1230.00	293.151
1231.59	294.271
1233.19	295.369
1234.78	296.490
1236.37	297.585
1237.97	298.656
1239.56	299.849
1241.15	300.813
1242.74	301.524
1244.34	302.182
1245.93	302.596
1247.52	302.849
1249.11	303.420
1250.70	303.717
1252.30	303.871
1253.89	303.945
1255.48	303.954
1257.07	303.886
1258.66	303.806
1260.25	303.377
1261.84	302.888
1263.43	302.526
1265.02	302.272
1266.61	301.933
1268.20	301.378
1269.79	300.715
1271.38	299.931
1272.97	298.933
1274.56	298.021
1276.14	297.119
1277.73	296.211
1279.32	295.515
1280.91	294.710
1282.50	293.405
1284.08	292.264
1285.67	290.977
1287.26	289.718
1288.85	288.530
1290.43	287.409
1292.02	286.173
1293.61	284.983
1295.19	283.761
1296.78	282.354
1298.37	280.757
1299.95	278.857
1301.54	277.022
1303.12	275.007
1304.71	272.989
1306.30	270.968
1307.88	268.955
1309.46	266.816
1311.05	264.738
1312.63	262.466
1314.22	260.005
1315.80	257.826
1317.39	255.457
1318.97	252.944
1320.55	250.322
1322.14	247.452
1323.72	244.300
1325.30	241.128
1326.89	237.804
1328.47	234.331
1330.05	230.677
1331.63	226.969
1333.22	223.325
1334.80	219.530
1336.38	215.668
1337.96	211.537
1339.54	207.208
1341.12	202.663
1342.70	197.972
1344.29	192.897
1345.87	187.669
1347.45	182.512
1349.03	177.013
1350.61	171.745
1352.19	166.824
1353.77	162.165
1355.34	158.032
1356.92	154.545
1358.50	151.676
1360.08	149.165
1361.66	147.011
1363.24	145.105
1364.82	143.258
1366.40	141.477
1367.97	139.704
1369.55	137.916
1371.13	136.169
1372.71	134.454
1374.28	132.671
1375.86	130.820
1377.44	128.951
1379.01	126.970
1380.59	125.134
1382.16	123.428
1383.74	121.723
1385.32	120.073
1386.89	118.385
1388.47	116.590
1390.04	114.746
1391.62	112.840
1393.19	110.950
1394.77	109.060
1396.34	107.283
1397.91	105.507
1399.49	103.870
1401.06	102.350
1402.63	100.984
1404.21	99.637
1405.78	98.439
1407.35	97.284
1408.93	96.162
1410.50	95.175
1412.07	94.283
1413.64	93.453
1415.21	92.688
1416.79	92.046
1418.36	91.513
1419.93	91.108
1421.50	90.845
1423.07	90.682
1424.64	90.548
1426.21	90.489
1427.78	90.494
1429.35	90.551
1430.92	90.692
1432.49	90.779
1434.06	90.900
1435.63	90.965
1437.20	91.081
1438.77	91.200
1440.33	91.217
1441.90	91.280
1443.47	91.277
1445.04	91.329
1446.60	91.416
1448.17	91.599
1449.74	91.795
1451.31	92.006
1452.87	92.220
1454.44	92.499
1456.01	92.852
1457.57	93.220
1459.14	93.637
1460.70	94.082
1462.27	94.675
1463.83	95.277
1465.40	95.943
1466.96	96.639
1468.53	97.411
1470.09	98.241
1471.66	99.159
1473.22	100.317
1474.78	101.559
1476.35	102.863
1477.91	104.233
1479.47	105.558
1481.04	106.788
1482.60	108.020
1484.16	109.240
1485.72	110.432
1487.28	111.701
1488.85	113.040
1490.41	114.477
1491.97	115.817
1493.53	117.226
1495.09	118.385
1496.65	119.536
1498.21	120.741
1499.77	121.772
1501.33	122.903
1502.89	124.041
1504.45	125.183
1506.01	126.384
1507.57	127.519
1509.13	128.585
1510.68	129.586
1512.24	130.539
1513.80	131.469
1515.36	132.447
1516.92	133.500
1518.47	134.615
1520.03	135.711
1521.59	136.792
1523.14	137.777
1524.70	138.830
1526.26	139.819
1527.81	140.976
1529.37	142.102
1530.92	143.249
1532.48	144.650
1534.03	146.028
1535.59	147.408
1537.14	148.690
1538.70	149.856
1540.25	150.927
1541.80	152.070
1543.36	153.151
1544.91	154.172
1546.46	155.221
1548.02	156.369
1549.57	157.518
1551.12	158.611
1552.67	159.556
1554.23	160.355
1555.78	161.119
1557.33	161.906
1558.88	162.641
1560.43	163.318
1561.98	164.160
1563.53	164.935
1565.08	165.516
1566.63	166.086
1568.18	166.648
1569.73	167.092
1571.28	167.401
1572.83	167.843
1574.38	168.328
1575.93	168.907
1577.48	169.789
1579.02	170.626
1580.57	171.274
1582.12	171.732
1583.67	172.193
1585.21	172.849
1586.76	173.392
1588.31	173.900
1589.85	174.294
1591.40	174.547
1592.94	174.748
1594.49	174.786
1596.04	174.849
1597.58	175.137
1599.13	175.272
1600.67	175.135
1602.21	175.241
1603.76	175.296
1605.30	175.197
1606.85	174.927
1608.39	174.673
1609.93	174.073
1611.48	173.416
1613.02	172.809
1614.56	172.257
1616.10	171.636
1617.64	170.726
1619.19	169.913
1620.73	169.123
1622.27	168.330
1623.81	167.712
1625.35	166.984
1626.89	166.223
1628.43	165.239
1629.97	163.919
1631.51	162.463
1633.05	161.163
1634.59	159.655
1636.13	158.195
1637.66	156.818
1639.20	155.585
1640.74	154.085
1642.28	152.644
1643.82	151.394
1645.35	149.767
1646.89	148.236
1648.43	146.695
1649.96	145.197
1651.50	143.746
1653.04	142.281
1654.57	140.807
1656.11	139.338
1657.64	137.958
1659.18	136.729
1660.71	135.551
1662.25	134.634
1663.78	134.249
1665.31	134.459
1666.85	135.358
1668.38	137.011
1669.91	138.942
1671.45	141.189
1672.98	143.459
1674.51	146.274
1676.04	148.704
1677.58	151.652
1679.11	153.964
1680.64	156.256
1682.17	158.431
1683.70	160.737
1685.23	162.680
1686.76	164.579
1688.29	166.318
1689.82	168.284
1691.35	169.630
1692.88	178.819
1694.41	175.585
1695.94	172.157
1697.46	173.482
1698.99	180.889
1700.52	176.526
1702.05	177.096
1703.57	178.049
1705.10	185.303
1706.63	180.700
