898.66	221.412
900.28	221.709
901.90	221.603
903.52	221.241
905.14	220.781
906.76	221.008
908.38	218.752
910.00	217.095
911.62	214.066
913.24	213.477
914.86	203.243
916.48	200.531
918.10	197.703
919.72	194.707
921.34	191.438
922.96	188.102
924.58	184.605
926.20	181.134
927.82	177.614
929.44	174.087
931.06	170.541
932.67	166.925
934.29	163.308
935.91	159.657
937.53	155.946
939.15	152.162
940.77	148.422
942.38	144.766
944.00	141.275
945.62	137.921
947.24	134.826
948.86	132.032
950.47	129.489
952.09	127.236
953.71	125.306
955.33	123.840
956.94	122.708
958.56	122.009
960.18	121.607
961.79	121.559
963.41	121.924
965.03	122.673
966.64	123.837
968.26	125.376
969.88	127.343
971.49	129.746
973.11	132.612
974.73	135.855
976.34	139.455
977.96	143.353
979.57	147.536
981.19	151.928
982.80	156.572
984.42	161.534
986.03	166.693
987.65	172.167
989.26	177.739
990.88	183.533
992.49	189.455
994.11	195.440
995.72	201.619
997.34	207.795
998.95	213.967
1000.57	220.241
1002.18	226.492
1003.79	232.621
1005.41	238.701
1007.02	244.729
1008.64	250.601
1010.25	256.320
1011.86	261.881
1013.48	267.500
1015.09	272.891
1016.70	278.009
1018.31	282.858
1019.93	287.512
1021.54	291.909
1023.15	295.924
1024.76	299.859
1026.38	303.592
1027.99	307.244
1029.60	310.578
1031.21	313.699
1032.82	316.657
1034.44	319.249
1036.05	321.654
1037.66	323.834
1039.27	325.734
1040.88	327.383
1042.49	328.841
1044.10	330.013
1045.71	330.992
1047.32	331.688
1048.93	332.288
1050.54	332.601
1052.15	332.706
1053.76	332.711
1055.37	332.471
1056.98	332.110
1058.59	331.554
1060.20	330.673
1061.81	329.813
1063.42	328.624
1065.03	327.148
1066.64	325.380
1068.25	323.446
1069.86	321.498
1071.47	319.444
1073.08	317.287
1074.68	315.029
1076.29	312.723
1077.90	310.277
1079.51	307.651
1081.12	304.845
1082.72	301.982
1084.33	299.279
1085.94	296.539
1087.55	293.458
1089.15	290.179
1090.76	287.023
1092.37	283.739
1093.97	280.590
1095.58	277.214
1097.19	273.901
1098.79	270.613
1100.40	267.488
1102.00	264.447
1103.61	261.288
1105.22	258.132
1106.82	254.913
1108.43	251.639
1110.03	248.473
1111.64	245.389
1113.24	242.444
1114.85	239.555
1116.45	236.718
1118.06	233.683
1119.66	230.664
1121.27	227.923
1122.87	225.326
1124.47	222.675
1126.08	220.102
1127.68	217.512
1129.28	214.954
1130.89	212.441
1132.49	210.116
1134.09	207.750
1135.70	205.431
1137.30	203.101
1138.90	200.816
1140.51	198.623
1142.11	196.601
1143.71	194.471
1145.31	192.419
1146.91	190.436
1148.52	188.484
1150.12	186.579
1151.72	184.756
1153.32	183.052
1154.92	181.377
1156.52	179.823
1158.12	178.430
1159.72	177.144
1161.33	176.025
1162.93	175.274
1164.53	174.838
1166.13	174.754
1167.73	175.171
1169.33	176.043
1170.93	177.417
1172.53	179.423
1174.12	181.803
1175.72	184.498
1177.32	187.498
1178.92	190.895
1180.52	194.318
1182.12	198.125
1183.72	202.073
1185.32	206.378
1186.91	210.832
1188.51	215.507
1190.11	220.148
1191.71	224.640
1193.30	228.904
1194.90	233.002
1196.50	237.135
1198.10	241.385
1199.69	245.477
1201.29	249.267
1202.89	252.906
1204.48	256.476
1206.08	259.698
1207.67	262.758
1209.27	265.845
1210.87	268.656
1212.46	271.281
1214.06	274.018
1215.65	276.442
1217.25	278.736
1218.84	280.905
1220.44	282.879
1222.03	284.659
1223.63	286.405
1225.22	288.000
1226.81	289.769
1228.41	291.464
1230.00	292.874
1231.59	293.981
1233.19	295.084
1234.78	296.213
1236.37	297.325
1237.97	298.407
1239.56	299.610
1241.15	300.580
1242.74	301.300
1244.34	301.982
1245.93	302.415
1247.52	302.674
1249.11	303.254
1250.70	303.543
1252.30	303.715
1253.89	303.802
1255.48	303.829
1257.07	303.765
1258.66	303.689
1260.25	303.255
1261.84	302.760
1263.43	302.409
1265.02	302.171
1266.61	301.840
1268.20	301.284
1269.79	300.607
1271.38	299.812
1272.97	298.809
1274.56	297.909
1276.14	297.008
1277.73	296.076
1279.32	295.346
1280.91	294.529
1282.50	293.188
1284.08	292.035
1285.67	290.745
1287.26	289.487
1288.85	288.280
1290.43	287.143
1292.02	285.884
1293.61	284.706
1295.19	283.497
1296.78	282.099
1298.37	280.500
1299.95	278.606
1301.54	276.783
1303.12	274.774
1304.71	272.754
1306.30	270.735
1307.88	268.712
1309.46	266.578
1311.05	264.516
1312.63	262.258
1314.22	259.804
1315.80	257.636
1317.39	255.276
1318.97	252.768
1320.55	250.149
1322.14	247.297
1323.72	244.159
1325.30	241.004
1326.89	237.682
1328.47	234.212
1330.05	230.555
1331.63	226.842
1333.22	223.190
1334.80	219.383
1336.38	215.517
1337.96	211.395
1339.54	207.064
1341.12	202.533
1342.70	197.840
1344.29	192.778
1345.87	187.560
1347.45	182.417
1349.03	176.950
1350.61	171.702
1352.19	166.780
1353.77	162.126
1355.34	157.980
1356.92	154.486
1358.50	151.614
1360.08	149.117
1361.66	146.960
1363.24	145.040
1364.82	143.206
1366.40	141.422
1367.97	139.649
1369.55	137.874
1371.13	136.117
1372.71	134.413
1374.28	132.624
1375.86	130.775
1377.44	128.904
1379.01	126.941
1380.59	125.097
1382.16	123.406
1383.74	121.692
1385.32	120.048
1386.89	118.360
1388.47	116.583
1390.04	114.745
1391.62	112.844
1393.19	110.951
1394.77	109.057
1396.34	107.292
1397.91	105.512
1399.49	103.861
1401.06	102.349
1402.63	100.963
1404.21	99.629
1405.78	98.446
1407.35	97.285
1408.93	96.167
1410.50	95.172
1412.07	94.279
1413.64	93.434
1415.21	92.676
1416.79	92.030
1418.36	91.497
1419.93	91.093
1421.50	90.819
1423.07	90.643
1424.64	90.517
1426.21	90.452
1427.78	90.471
1429.35	90.526
1430.92	90.664
1432.49	90.769
1434.06	90.880
1435.63	90.939
1437.20	91.051
1438.77	91.153
1440.33	91.177
1441.90	91.235
1443.47	91.235
1445.04	91.278
1446.60	91.374
1448.17	91.547
1449.74	91.740
1451.31	91.948
1452.87	92.160
1454.44	92.439
1456.01	92.795
1457.57	93.151
1459.14	93.569
1460.70	94.017
1462.27	94.608
1463.83	95.207
1465.40	95.864
1466.96	96.550
1468.53	97.325
1470.09	98.149
1471.66	99.069
1473.22	100.220
1474.78	101.457
1476.35	102.757
1477.91	104.128
1479.47	105.447
1481.04	106.673
1482.60	107.908
1484.16	109.126
1485.72	110.320
1487.28	111.593
1488.85	112.931
1490.41	114.375
1491.97	115.720
1493.53	117.124
1495.09	118.286
1496.65	119.433
1498.21	120.643
1499.77	121.684
1501.33	122.815
1502.89	123.955
1504.45	125.102
1506.01	126.306
1507.57	127.440
1509.13	128.502
1510.68	129.492
1512.24	130.445
1513.80	131.371
1515.36	132.347
1516.92	133.396
1518.47	134.502
1520.03	135.594
1521.59	136.677
1523.14	137.666
1524.70	138.711
1526.26	139.696
1527.81	140.854
1529.37	141.983
1530.92	143.125
1532.48	144.512
1534.03	145.890
1535.59	147.269
1537.14	148.538
1538.70	149.701
1540.25	150.769
1541.80	151.910
1543.36	152.994
1544.91	154.021
1546.46	155.077
1548.02	156.231
1549.57	157.386
1551.12	158.475
1552.67	159.414
1554.23	160.207
1555.78	160.947
1557.33	161.735
1558.88	162.477
1560.43	163.153
1561.98	163.989
1563.53	164.762
1565.08	165.358
1566.63	165.920
1568.18	166.484
1569.73	166.934
1571.28	167.228
1572.83	167.669
1574.38	168.154
1575.93	168.717
1577.48	169.574
1579.02	170.405
1580.57	171.051
1582.12	171.513
1583.67	171.982
1585.21	172.648
1586.76	173.187
1588.31	173.711
1589.85	174.093
1591.40	174.336
1592.94	174.525
1594.49	174.565
1596.04	174.618
1597.58	174.905
1599.13	175.048
1600.67	174.911
1602.21	175.011
1603.76	175.082
1605.30	174.995
1606.85	174.735
1608.39	174.504
1609.93	173.932
1611.48	173.276
1613.02	172.658
1614.56	172.098
1616.10	171.477
1617.64	170.570
1619.19	169.752
1620.73	168.957
1622.27	168.167
1623.81	167.544
1625.35	166.821
1626.89	166.055
1628.43	165.076
1629.97	163.737
1631.51	162.280
1633.05	160.965
1634.59	159.474
1636.13	158.019
1637.66	156.636
1639.20	155.401
1640.74	153.901
1642.28	152.470
1643.82	151.222
1645.35	149.581
1646.89	148.035
1648.43	146.484
1649.96	144.959
1651.50	143.526
1653.04	142.072
1654.57	140.614
1656.11	139.144
1657.64	137.779
1659.18	136.585
1660.71	135.424
1662.25	134.562
1663.78	134.140
1665.31	134.373
1666.85	135.238
1668.38	136.948
1669.91	138.863
1671.45	141.155
1672.98	143.466
1674.51	146.279
1676.04	148.640
1677.58	151.647
1679.11	153.974
1680.64	156.327
1682.17	158.479
1683.70	160.769
1685.23	162.734
1686.76	164.641
1688.29	166.430
1689.82	168.385
1691.35	169.696
1692.88	179.607
1694.41	175.391
1695.94	172.990
1697.46	172.985
1698.99	180.047
1700.52	177.873
1702.05	176.216
1703.57	177.943
1705.10	185.470
1706.63	179.737
