898.66	221.725
900.28	221.632
901.90	221.431
903.52	221.139
905.14	220.663
906.76	221.026
908.38	219.178
910.00	217.720
911.62	214.835
913.24	213.809
914.86	203.322
916.48	200.597
918.10	197.747
919.72	194.732
921.34	191.476
922.96	188.159
924.58	184.657
926.20	181.174
927.82	177.632
929.44	174.068
931.06	170.491
932.67	166.857
934.29	163.232
935.91	159.575
937.53	155.859
939.15	152.082
940.77	148.314
942.38	144.621
944.00	141.102
945.62	137.740
947.24	134.640
948.86	131.837
950.47	129.284
952.09	127.032
953.71	125.091
955.33	123.587
956.94	122.418
958.56	121.688
960.18	121.260
961.79	121.193
963.41	121.543
965.03	122.288
966.64	123.451
968.26	124.997
969.88	126.969
971.49	129.375
973.11	132.239
974.73	135.510
976.34	139.120
977.96	143.023
979.57	147.184
981.19	151.584
982.80	156.239
984.42	161.202
986.03	166.358
987.65	171.854
989.26	177.457
990.88	183.225
992.49	189.115
994.11	195.101
995.72	201.332
997.34	207.533
998.95	213.718
1000.57	219.990
1002.18	226.253
1003.79	232.370
1005.41	238.405
1007.02	244.412
1008.64	250.282
1010.25	255.977
1011.86	261.507
1013.48	267.109
1015.09	272.518
1016.70	277.667
1018.31	282.539
1019.93	287.216
1021.54	291.622
1023.15	295.642
1024.76	299.630
1026.38	303.427
1027.99	307.141
1029.60	310.513
1031.21	313.633
1032.82	316.651
1034.44	319.336
1036.05	321.844
1037.66	324.109
1039.27	326.061
1040.88	327.771
1042.49	329.256
1044.10	330.493
1045.71	331.535
1047.32	332.263
1048.93	332.899
1050.54	333.233
1052.15	333.327
1053.76	333.296
1055.37	333.025
1056.98	332.665
1058.59	332.113
1060.20	331.237
1061.81	330.316
1063.42	329.052
1065.03	327.575
1066.64	325.780
1068.25	323.787
1069.86	321.700
1071.47	319.552
1073.08	317.422
1074.68	315.193
1076.29	312.890
1077.90	310.434
1079.51	307.789
1081.12	304.972
1082.72	302.083
1084.33	299.335
1085.94	296.593
1087.55	293.571
1089.15	290.340
1090.76	287.166
1092.37	283.863
1093.97	280.698
1095.58	277.375
1097.19	274.073
1098.79	270.786
1100.40	267.657
1102.00	264.618
1103.61	261.492
1105.22	258.374
1106.82	255.127
1108.43	251.787
1110.03	248.581
1111.64	245.466
1113.24	242.537
1114.85	239.670
1116.45	236.812
1118.06	233.766
1119.66	230.757
1121.27	227.987
1122.87	225.374
1124.47	222.717
1126.08	220.151
1127.68	217.568
1129.28	214.991
1130.89	212.481
1132.49	210.142
1134.09	207.744
1135.70	205.388
1137.30	203.064
1138.90	200.768
1140.51	198.570
1142.11	196.556
1143.71	194.432
1145.31	192.392
1146.91	190.379
1148.52	188.413
1150.12	186.516
1151.72	184.706
1153.32	182.987
1154.92	181.292
1156.52	179.728
1158.12	178.364
1159.72	177.077
1161.33	175.959
1162.93	175.154
1164.53	174.712
1166.13	174.636
1167.73	175.078
1169.33	175.946
1170.93	177.293
1172.53	179.288
1174.12	181.682
1175.72	184.372
1177.32	187.386
1178.92	190.751
1180.52	194.145
1182.12	197.972
1183.72	201.927
1185.32	206.210
1186.91	210.642
1188.51	215.344
1190.11	219.976
1191.71	224.468
1193.30	228.735
1194.90	232.826
1196.50	236.974
1198.10	241.234
1199.69	245.363
1201.29	249.150
1202.89	252.803
1204.48	256.383
1206.08	259.599
1207.67	262.673
1209.27	265.782
1210.87	268.616
1212.46	271.287
1214.06	274.045
1215.65	276.470
1217.25	278.777
1218.84	281.028
1220.44	283.088
1222.03	284.904
1223.63	286.611
1225.22	288.197
1226.81	290.008
1228.41	291.758
1230.00	293.220
1231.59	294.354
1233.19	295.447
1234.78	296.559
1236.37	297.651
1237.97	298.703
1239.56	299.926
1241.15	300.860
1242.74	301.566
1244.34	302.219
1245.93	302.573
1247.52	302.824
1249.11	303.392
1250.70	303.657
1252.30	303.784
1253.89	303.803
1255.48	303.804
1257.07	303.763
1258.66	303.704
1260.25	303.291
1261.84	302.824
1263.43	302.414
1265.02	302.083
1266.61	301.692
1268.20	301.124
1269.79	300.498
1271.38	299.787
1272.97	298.800
1274.56	297.921
1276.14	297.040
1277.73	296.112
1279.32	295.456
1280.91	294.657
1282.50	293.393
1284.08	292.292
1285.67	291.003
1287.26	289.731
1288.85	288.498
1290.43	287.381
1292.02	286.171
1293.61	284.949
1295.19	283.684
1296.78	282.316
1298.37	280.776
1299.95	278.930
1301.54	277.136
1303.12	275.112
1304.71	273.070
1306.30	271.027
1307.88	269.038
1309.46	266.898
1311.05	264.847
1312.63	262.572
1314.22	260.125
1315.80	257.924
1317.39	255.530
1318.97	253.011
1320.55	250.409
1322.14	247.574
1323.72	244.432
1325.30	241.240
1326.89	237.929
1328.47	234.459
1330.05	230.792
1331.63	227.098
1333.22	223.465
1334.80	219.681
1336.38	215.807
1337.96	211.651
1339.54	207.343
1341.12	202.771
1342.70	198.078
1344.29	193.019
1345.87	187.798
1347.45	182.629
1349.03	177.110
1350.61	171.870
1352.19	166.962
1353.77	162.328
1355.34	158.202
1356.92	154.706
1358.50	151.776
1360.08	149.239
1361.66	147.084
1363.24	145.158
1364.82	143.327
1366.40	141.531
1367.97	139.736
1369.55	137.942
1371.13	136.188
1372.71	134.474
1374.28	132.684
1375.86	130.861
1377.44	128.993
1379.01	127.035
1380.59	125.146
1382.16	123.395
1383.74	121.627
1385.32	119.930
1386.89	118.216
1388.47	116.401
1390.04	114.549
1391.62	112.638
1393.19	110.749
1394.77	108.837
1396.34	107.073
1397.91	105.289
1399.49	103.657
1401.06	102.128
1402.63	100.750
1404.21	99.403
1405.78	98.197
1407.35	97.032
1408.93	95.899
1410.50	94.919
1412.07	94.034
1413.64	93.229
1415.21	92.493
1416.79	91.880
1418.36	91.394
1419.93	91.023
1421.50	90.784
1423.07	90.615
1424.64	90.504
1426.21	90.462
1427.78	90.474
1429.35	90.516
1430.92	90.634
1432.49	90.711
1434.06	90.825
1435.63	90.898
1437.20	91.025
1438.77	91.151
1440.33	91.200
1441.90	91.292
1443.47	91.305
1445.04	91.367
1446.60	91.446
1448.17	91.607
1449.74	91.798
1451.31	92.008
1452.87	92.222
1454.44	92.489
1456.01	92.831
1457.57	93.171
1459.14	93.558
1460.70	93.983
1462.27	94.573
1463.83	95.183
1465.40	95.853
1466.96	96.559
1468.53	97.355
1470.09	98.171
1471.66	99.077
1473.22	100.186
1474.78	101.361
1476.35	102.620
1477.91	103.971
1479.47	105.310
1481.04	106.556
1482.60	107.800
1484.16	108.988
1485.72	110.158
1487.28	111.400
1488.85	112.728
1490.41	114.160
1491.97	115.505
1493.53	116.929
1495.09	118.113
1496.65	119.287
1498.21	120.483
1499.77	121.479
1501.33	122.573
1502.89	123.692
1504.45	124.831
1506.01	126.040
1507.57	127.210
1509.13	128.323
1510.68	129.347
1512.24	130.298
1513.80	131.219
1515.36	132.176
1516.92	133.231
1518.47	134.331
1520.03	135.440
1521.59	136.517
1523.14	137.528
1524.70	138.591
1526.26	139.590
1527.81	140.724
1529.37	141.784
1530.92	142.900
1532.48	144.322
1534.03	145.694
1535.59	147.086
1537.14	148.391
1538.70	149.591
1540.25	150.687
1541.80	151.820
1543.36	152.861
1544.91	153.843
1546.46	154.862
1548.02	155.975
1549.57	157.096
1551.12	158.184
1552.67	159.138
1554.23	159.965
1555.78	160.737
1557.33	161.540
1558.88	162.274
1560.43	162.961
1561.98	163.841
1563.53	164.641
1565.08	165.228
1566.63	165.815
1568.18	166.379
1569.73	166.808
1571.28	167.098
1572.83	167.521
1574.38	167.999
1575.93	168.610
1577.48	169.513
1579.02	170.364
1580.57	171.014
1582.12	171.482
1583.67	171.954
1585.21	172.614
1586.76	173.158
1588.31	173.649
1589.85	174.023
1591.40	174.248
1592.94	174.417
1594.49	174.435
1596.04	174.479
1597.58	174.735
1599.13	174.851
1600.67	174.688
1602.21	174.762
1603.76	174.807
1605.30	174.697
1606.85	174.416
1608.39	174.141
1609.93	173.540
1611.48	172.911
1613.02	172.365
1614.56	171.864
1616.10	171.270
1617.64	170.362
1619.19	169.535
1620.73	168.750
1622.27	167.950
1623.81	167.350
1625.35	166.646
1626.89	165.932
1628.43	165.003
1629.97	163.725
1631.51	162.301
1633.05	161.049
1634.59	159.588
1636.13	158.136
1637.66	156.750
1639.20	155.525
1640.74	154.041
1642.28	152.644
1643.82	151.400
1645.35	149.772
1646.89	148.269
1648.43	146.732
1649.96	145.239
1651.50	143.776
1653.04	142.276
1654.57	140.805
1656.11	139.317
1657.64	137.959
1659.18	136.696
1660.71	135.541
1662.25	134.682
1663.78	134.297
1665.31	134.559
1666.85	135.368
1668.38	137.012
1669.91	138.901
1671.45	141.144
1672.98	143.443
1674.51	146.222
1676.04	148.576
1677.58	151.618
1679.11	153.860
1680.64	156.308
1682.17	158.375
1683.70	160.699
1685.23	162.640
1686.76	164.499
1688.29	166.322
1689.82	168.106
1691.35	169.480
1692.88	180.592
1694.41	174.323
1695.94	173.970
1697.46	172.238
1698.99	180.047
1700.52	176.630
1702.05	175.646
1703.57	178.684
1705.10	182.063
1706.63	179.844
