898.66	221.586
900.28	221.568
901.90	221.108
903.52	220.749
905.14	220.140
906.76	221.084
908.38	218.530
910.00	217.018
911.62	213.898
913.24	213.037
914.86	202.847
916.48	200.130
918.10	197.304
919.72	194.311
921.34	191.042
922.96	187.708
924.58	184.201
926.20	180.733
927.82	177.202
929.44	173.670
931.06	170.122
932.67	166.526
934.29	162.924
935.91	159.283
937.53	155.602
939.15	151.842
940.77	148.123
942.38	144.467
944.00	141.012
945.62	137.697
947.24	134.648
948.86	131.884
950.47	129.350
952.09	127.107
953.71	125.190
955.33	123.738
956.94	122.625
958.56	121.941
960.18	121.566
961.79	121.538
963.41	121.903
965.03	122.660
966.64	123.820
968.26	125.362
969.88	127.344
971.49	129.768
973.11	132.658
974.73	135.897
976.34	139.513
977.96	143.394
979.57	147.561
981.19	151.944
982.80	156.591
984.42	161.559
986.03	166.713
987.65	172.187
989.26	177.756
990.88	183.544
992.49	189.434
994.11	195.364
995.72	201.494
997.34	207.670
998.95	213.836
1000.57	220.097
1002.18	226.336
1003.79	232.424
1005.41	238.461
1007.02	244.449
1008.64	250.292
1010.25	255.983
1011.86	261.516
1013.48	267.086
1015.09	272.484
1016.70	277.559
1018.31	282.365
1019.93	286.987
1021.54	291.367
1023.15	295.406
1024.76	299.347
1026.38	303.109
1027.99	306.765
1029.60	310.117
1031.21	313.217
1032.82	316.173
1034.44	318.783
1036.05	321.183
1037.66	323.372
1039.27	325.271
1040.88	326.917
1042.49	328.365
1044.10	329.532
1045.71	330.519
1047.32	331.220
1048.93	331.761
1050.54	332.058
1052.15	332.167
1053.76	332.194
1055.37	331.930
1056.98	331.531
1058.59	330.945
1060.20	330.029
1061.81	329.137
1063.42	327.958
1065.03	326.524
1066.64	324.794
1068.25	322.824
1069.86	320.873
1071.47	318.833
1073.08	316.661
1074.68	314.356
1076.29	312.064
1077.90	309.615
1079.51	307.014
1081.12	304.247
1082.72	301.429
1084.33	298.751
1085.94	296.011
1087.55	292.923
1089.15	289.677
1090.76	286.540
1092.37	283.288
1093.97	280.173
1095.58	276.857
1097.19	273.544
1098.79	270.232
1100.40	267.090
1102.00	264.087
1103.61	260.933
1105.22	257.760
1106.82	254.568
1108.43	251.359
1110.03	248.210
1111.64	245.133
1113.24	242.183
1114.85	239.272
1116.45	236.416
1118.06	233.383
1119.66	230.373
1121.27	227.629
1122.87	225.026
1124.47	222.371
1126.08	219.795
1127.68	217.207
1129.28	214.655
1130.89	212.154
1132.49	209.836
1134.09	207.459
1135.70	205.112
1137.30	202.781
1138.90	200.527
1140.51	198.357
1142.11	196.340
1143.71	194.221
1145.31	192.187
1146.91	190.199
1148.52	188.271
1150.12	186.372
1151.72	184.545
1153.32	182.856
1154.92	181.210
1156.52	179.659
1158.12	178.270
1159.72	176.971
1161.33	175.835
1162.93	175.055
1164.53	174.603
1166.13	174.530
1167.73	174.954
1169.33	175.848
1170.93	177.242
1172.53	179.237
1174.12	181.571
1175.72	184.240
1177.32	187.249
1178.92	190.648
1180.52	194.051
1182.12	197.831
1183.72	201.790
1185.32	206.062
1186.91	210.501
1188.51	215.183
1190.11	219.862
1191.71	224.373
1193.30	228.652
1194.90	232.792
1196.50	236.934
1198.10	241.207
1199.69	245.271
1201.29	249.056
1202.89	252.684
1204.48	256.228
1206.08	259.454
1207.67	262.600
1209.27	265.723
1210.87	268.529
1212.46	271.130
1214.06	273.861
1215.65	276.294
1217.25	278.562
1218.84	280.800
1220.44	282.819
1222.03	284.602
1223.63	286.319
1225.22	287.872
1226.81	289.639
1228.41	291.312
1230.00	292.713
1231.59	293.792
1233.19	294.884
1234.78	295.983
1236.37	297.050
1237.97	298.086
1239.56	299.248
1241.15	300.148
1242.74	300.847
1244.34	301.490
1245.93	301.932
1247.52	302.197
1249.11	302.721
1250.70	302.985
1252.30	303.125
1253.89	303.178
1255.48	303.190
1257.07	303.071
1258.66	302.974
1260.25	302.532
1261.84	302.056
1263.43	301.716
1265.02	301.477
1266.61	301.183
1268.20	300.678
1269.79	300.049
1271.38	299.271
1272.97	298.318
1274.56	297.443
1276.14	296.541
1277.73	295.638
1279.32	294.911
1280.91	294.076
1282.50	292.768
1284.08	291.629
1285.67	290.320
1287.26	289.091
1288.85	287.932
1290.43	286.830
1292.02	285.601
1293.61	284.372
1295.19	283.097
1296.78	281.633
1298.37	279.980
1299.95	278.054
1301.54	276.182
1303.12	274.126
1304.71	272.099
1306.30	270.017
1307.88	267.941
1309.46	265.794
1311.05	263.703
1312.63	261.430
1314.22	258.992
1315.80	256.848
1317.39	254.527
1318.97	252.036
1320.55	249.385
1322.14	246.467
1323.72	243.329
1325.30	240.171
1326.89	236.888
1328.47	233.458
1330.05	229.860
1331.63	226.216
1333.22	222.569
1334.80	218.777
1336.38	214.971
1337.96	210.912
1339.54	206.651
1341.12	202.184
1342.70	197.512
1344.29	192.501
1345.87	187.319
1347.45	182.193
1349.03	176.711
1350.61	171.439
1352.19	166.506
1353.77	161.852
1355.34	157.734
1356.92	154.286
1358.50	151.420
1360.08	148.957
1361.66	146.807
1363.24	144.902
1364.82	143.092
1366.40	141.322
1367.97	139.582
1369.55	137.795
1371.13	136.039
1372.71	134.319
1374.28	132.529
1375.86	130.671
1377.44	128.790
1379.01	126.834
1380.59	125.000
1382.16	123.329
1383.74	121.640
1385.32	120.001
1386.89	118.332
1388.47	116.571
1390.04	114.734
1391.62	112.847
1393.19	110.955
1394.77	109.066
1396.34	107.308
1397.91	105.538
1399.49	103.915
1401.06	102.378
1402.63	100.999
1404.21	99.661
1405.78	98.487
1407.35	97.331
1408.93	96.225
1410.50	95.248
1412.07	94.340
1413.64	93.491
1415.21	92.709
1416.79	92.039
1418.36	91.494
1419.93	91.071
1421.50	90.790
1423.07	90.608
1424.64	90.481
1426.21	90.416
1427.78	90.431
1429.35	90.465
1430.92	90.592
1432.49	90.681
1434.06	90.803
1435.63	90.878
1437.20	90.995
1438.77	91.101
1440.33	91.119
1441.90	91.175
1443.47	91.186
1445.04	91.236
1446.60	91.332
1448.17	91.515
1449.74	91.712
1451.31	91.922
1452.87	92.127
1454.44	92.390
1456.01	92.741
1457.57	93.095
1459.14	93.509
1460.70	93.949
1462.27	94.548
1463.83	95.148
1465.40	95.818
1466.96	96.510
1468.53	97.293
1470.09	98.128
1471.66	99.035
1473.22	100.183
1474.78	101.418
1476.35	102.707
1477.91	104.069
1479.47	105.380
1481.04	106.603
1482.60	107.838
1484.16	109.052
1485.72	110.254
1487.28	111.541
1488.85	112.898
1490.41	114.345
1491.97	115.691
1493.53	117.099
1495.09	118.269
1496.65	119.437
1498.21	120.652
1499.77	121.707
1501.33	122.845
1502.89	123.980
1504.45	125.136
1506.01	126.332
1507.57	127.462
1509.13	128.536
1510.68	129.534
1512.24	130.498
1513.80	131.427
1515.36	132.406
1516.92	133.464
1518.47	134.590
1520.03	135.692
1521.59	136.769
1523.14	137.748
1524.70	138.800
1526.26	139.793
1527.81	140.939
1529.37	142.054
1530.92	143.190
1532.48	144.580
1534.03	145.942
1535.59	147.319
1537.14	148.603
1538.70	149.765
1540.25	150.824
1541.80	151.938
1543.36	153.026
1544.91	154.060
1546.46	155.120
1548.02	156.266
1549.57	157.395
1551.12	158.451
1552.67	159.358
1554.23	160.139
1555.78	160.912
1557.33	161.681
1558.88	162.391
1560.43	163.055
1561.98	163.886
1563.53	164.649
1565.08	165.209
1566.63	165.761
1568.18	166.313
1569.73	166.759
1571.28	167.098
1572.83	167.560
1574.38	168.055
1575.93	168.639
1577.48	169.475
1579.02	170.272
1580.57	170.889
1582.12	171.353
1583.67	171.843
1585.21	172.522
1586.76	173.050
1588.31	173.528
1589.85	173.920
1591.40	174.186
1592.94	174.390
1594.49	174.431
1596.04	174.492
1597.58	174.791
1599.13	174.923
1600.67	174.779
1602.21	174.848
1603.76	174.859
1605.30	174.736
1606.85	174.466
1608.39	174.177
1609.93	173.585
1611.48	172.949
1613.02	172.355
1614.56	171.804
1616.10	171.145
1617.64	170.232
1619.19	169.419
1620.73	168.619
1622.27	167.831
1623.81	167.193
1625.35	166.468
1626.89	165.687
1628.43	164.687
1629.97	163.328
1631.51	161.879
1633.05	160.583
1634.59	159.102
1636.13	157.655
1637.66	156.303
1639.20	155.084
1640.74	153.616
1642.28	152.214
1643.82	150.989
1645.35	149.394
1646.89	147.876
1648.43	146.350
1649.96	144.857
1651.50	143.448
1653.04	142.034
1654.57	140.587
1656.11	139.154
1657.64	137.753
1659.18	136.552
1660.71	135.385
1662.25	134.533
1663.78	134.112
1665.31	134.340
1666.85	135.174
1668.38	136.879
1669.91	138.781
1671.45	140.991
1672.98	143.175
1674.51	145.926
1676.04	148.221
1677.58	151.182
1679.11	153.428
1680.64	155.742
1682.17	157.822
1683.70	160.087
1685.23	162.024
1686.76	163.896
1688.29	165.704
1689.82	167.539
1691.35	168.845
1692.88	179.853
1694.41	174.517
1695.94	171.862
1697.46	172.487
1698.99	180.099
1700.52	177.148
1702.05	177.096
1703.57	179.319
1705.10	181.392
1706.63	178.561
