898.66	221.626
900.28	221.729
901.90	221.274
903.52	220.628
905.14	220.081
906.76	221.075
908.38	218.726
910.00	216.984
911.62	213.585
913.24	213.061
914.86	202.816
916.48	200.103
918.10	197.273
919.72	194.281
921.34	191.019
922.96	187.689
924.58	184.184
926.20	180.711
927.82	177.180
929.44	173.661
931.06	170.118
932.67	166.523
934.29	162.923
935.91	159.286
937.53	155.615
939.15	151.859
940.77	148.146
942.38	144.499
944.00	141.053
945.62	137.750
947.24	134.697
948.86	131.936
950.47	129.402
952.09	127.158
953.71	125.243
955.33	123.795
956.94	122.695
958.56	122.013
960.18	121.641
961.79	121.614
963.41	121.985
965.03	122.734
966.64	123.891
968.26	125.434
969.88	127.418
971.49	129.843
973.11	132.728
974.73	135.976
976.34	139.582
977.96	143.462
979.57	147.628
981.19	152.017
982.80	156.673
984.42	161.642
986.03	166.804
987.65	172.287
989.26	177.862
990.88	183.647
992.49	189.551
994.11	195.479
995.72	201.607
997.34	207.768
998.95	213.939
1000.57	220.206
1002.18	226.453
1003.79	232.546
1005.41	238.576
1007.02	244.564
1008.64	250.392
1010.25	256.090
1011.86	261.623
1013.48	267.201
1015.09	272.598
1016.70	277.648
1018.31	282.448
1019.93	287.052
1021.54	291.418
1023.15	295.454
1024.76	299.379
1026.38	303.115
1027.99	306.758
1029.60	310.100
1031.21	313.218
1032.82	316.154
1034.44	318.745
1036.05	321.129
1037.66	323.298
1039.27	325.191
1040.88	326.835
1042.49	328.283
1044.10	329.441
1045.71	330.420
1047.32	331.110
1048.93	331.635
1050.54	331.949
1052.15	332.054
1053.76	332.087
1055.37	331.813
1056.98	331.413
1058.59	330.845
1060.20	329.940
1061.81	329.052
1063.42	327.886
1065.03	326.447
1066.64	324.731
1068.25	322.772
1069.86	320.820
1071.47	318.788
1073.08	316.620
1074.68	314.304
1076.29	311.990
1077.90	309.531
1079.51	306.937
1081.12	304.182
1082.72	301.376
1084.33	298.692
1085.94	295.941
1087.55	292.843
1089.15	289.611
1090.76	286.466
1092.37	283.191
1093.97	280.069
1095.58	276.764
1097.19	273.461
1098.79	270.143
1100.40	266.997
1102.00	263.987
1103.61	260.846
1105.22	257.682
1106.82	254.494
1108.43	251.294
1110.03	248.170
1111.64	245.119
1113.24	242.169
1114.85	239.249
1116.45	236.386
1118.06	233.365
1119.66	230.378
1121.27	227.650
1122.87	225.049
1124.47	222.402
1126.08	219.838
1127.68	217.261
1129.28	214.712
1130.89	212.202
1132.49	209.888
1134.09	207.511
1135.70	205.180
1137.30	202.844
1138.90	200.582
1140.51	198.412
1142.11	196.402
1143.71	194.276
1145.31	192.232
1146.91	190.245
1148.52	188.311
1150.12	186.423
1151.72	184.596
1153.32	182.901
1154.92	181.252
1156.52	179.694
1158.12	178.297
1159.72	177.000
1161.33	175.862
1162.93	175.073
1164.53	174.619
1166.13	174.532
1167.73	174.966
1169.33	175.860
1170.93	177.250
1172.53	179.240
1174.12	181.580
1175.72	184.254
1177.32	187.272
1178.92	190.666
1180.52	194.074
1182.12	197.864
1183.72	201.832
1185.32	206.100
1186.91	210.530
1188.51	215.197
1190.11	219.857
1191.71	224.367
1193.30	228.648
1194.90	232.781
1196.50	236.908
1198.10	241.177
1199.69	245.243
1201.29	249.036
1202.89	252.655
1204.48	256.183
1206.08	259.406
1207.67	262.544
1209.27	265.665
1210.87	268.475
1212.46	271.078
1214.06	273.804
1215.65	276.236
1217.25	278.508
1218.84	280.748
1220.44	282.767
1222.03	284.552
1223.63	286.271
1225.22	287.830
1226.81	289.594
1228.41	291.268
1230.00	292.683
1231.59	293.766
1233.19	294.862
1234.78	295.949
1236.37	297.019
1237.97	298.073
1239.56	299.248
1241.15	300.159
1242.74	300.863
1244.34	301.503
1245.93	301.960
1247.52	302.231
1249.11	302.759
1250.70	303.029
1252.30	303.176
1253.89	303.240
1255.48	303.261
1257.07	303.144
1258.66	303.043
1260.25	302.595
1261.84	302.121
1263.43	301.780
1265.02	301.537
1266.61	301.236
1268.20	300.738
1269.79	300.107
1271.38	299.315
1272.97	298.354
1274.56	297.470
1276.14	296.560
1277.73	295.657
1279.32	294.912
1280.91	294.074
1282.50	292.754
1284.08	291.598
1285.67	290.282
1287.26	289.036
1288.85	287.868
1290.43	286.771
1292.02	285.536
1293.61	284.313
1295.19	283.038
1296.78	281.568
1298.37	279.907
1299.95	277.971
1301.54	276.098
1303.12	274.044
1304.71	272.020
1306.30	269.935
1307.88	267.855
1309.46	265.703
1311.05	263.603
1312.63	261.332
1314.22	258.894
1315.80	256.761
1317.39	254.441
1318.97	251.949
1320.55	249.310
1322.14	246.395
1323.72	243.257
1325.30	240.104
1326.89	236.818
1328.47	233.386
1330.05	229.791
1331.63	226.158
1333.22	222.533
1334.80	218.736
1336.38	214.934
1337.96	210.880
1339.54	206.622
1341.12	202.161
1342.70	197.505
1344.29	192.508
1345.87	187.329
1347.45	182.187
1349.03	176.694
1350.61	171.417
1352.19	166.494
1353.77	161.830
1355.34	157.713
1356.92	154.247
1358.50	151.388
1360.08	148.934
1361.66	146.785
1363.24	144.878
1364.82	143.071
1366.40	141.306
1367.97	139.570
1369.55	137.790
1371.13	136.022
1372.71	134.305
1374.28	132.514
1375.86	130.648
1377.44	128.773
1379.01	126.818
1380.59	125.008
1382.16	123.335
1383.74	121.662
1385.32	120.014
1386.89	118.364
1388.47	116.616
1390.04	114.811
1391.62	112.922
1393.19	111.032
1394.77	109.138
1396.34	107.367
1397.91	105.602
1399.49	103.971
1401.06	102.445
1402.63	101.059
1404.21	99.730
1405.78	98.554
1407.35	97.393
1408.93	96.290
1410.50	95.315
1412.07	94.416
1413.64	93.567
1415.21	92.784
1416.79	92.116
1418.36	91.567
1419.93	91.137
1421.50	90.859
1423.07	90.665
1424.64	90.539
1426.21	90.472
1427.78	90.492
1429.35	90.538
1430.92	90.659
1432.49	90.735
1434.06	90.855
1435.63	90.918
1437.20	91.040
1438.77	91.145
1440.33	91.170
1441.90	91.219
1443.47	91.220
1445.04	91.264
1446.60	91.347
1448.17	91.532
1449.74	91.725
1451.31	91.943
1452.87	92.153
1454.44	92.414
1456.01	92.766
1457.57	93.119
1459.14	93.526
1460.70	93.964
1462.27	94.557
1463.83	95.156
1465.40	95.832
1466.96	96.530
1468.53	97.317
1470.09	98.147
1471.66	99.042
1473.22	100.179
1474.78	101.419
1476.35	102.715
1477.91	104.083
1479.47	105.402
1481.04	106.632
1482.60	107.868
1484.16	109.079
1485.72	110.274
1487.28	111.549
1488.85	112.899
1490.41	114.353
1491.97	115.711
1493.53	117.130
1495.09	118.310
1496.65	119.484
1498.21	120.700
1499.77	121.762
1501.33	122.896
1502.89	124.031
1504.45	125.198
1506.01	126.403
1507.57	127.538
1509.13	128.609
1510.68	129.605
1512.24	130.563
1513.80	131.483
1515.36	132.459
1516.92	133.506
1518.47	134.628
1520.03	135.737
1521.59	136.824
1523.14	137.806
1524.70	138.855
1526.26	139.849
1527.81	140.994
1529.37	142.113
1530.92	143.249
1532.48	144.627
1534.03	145.993
1535.59	147.372
1537.14	148.656
1538.70	149.826
1540.25	150.887
1541.80	152.002
1543.36	153.091
1544.91	154.127
1546.46	155.183
1548.02	156.329
1549.57	157.462
1551.12	158.529
1552.67	159.443
1554.23	160.222
1555.78	160.994
1557.33	161.765
1558.88	162.459
1560.43	163.110
1561.98	163.927
1563.53	164.682
1565.08	165.239
1566.63	165.790
1568.18	166.334
1569.73	166.779
1571.28	167.112
1572.83	167.572
1574.38	168.072
1575.93	168.642
1577.48	169.467
1579.02	170.260
1580.57	170.871
1582.12	171.342
1583.67	171.825
1585.21	172.498
1586.76	173.030
1588.31	173.509
1589.85	173.906
1591.40	174.182
1592.94	174.397
1594.49	174.433
1596.04	174.494
1597.58	174.797
1599.13	174.939
1600.67	174.804
1602.21	174.881
1603.76	174.898
1605.30	174.781
1606.85	174.504
1608.39	174.236
1609.93	173.665
1611.48	173.047
1613.02	172.457
1614.56	171.900
1616.10	171.242
1617.64	170.329
1619.19	169.511
1620.73	168.695
1622.27	167.880
1623.81	167.234
1625.35	166.492
1626.89	165.729
1628.43	164.755
1629.97	163.411
1631.51	161.949
1633.05	160.647
1634.59	159.149
1636.13	157.695
1637.66	156.337
1639.20	155.106
1640.74	153.628
1642.28	152.230
1643.82	151.005
1645.35	149.425
1646.89	147.912
1648.43	146.401
1649.96	144.906
1651.50	143.498
1653.04	142.093
1654.57	140.660
1656.11	139.225
1657.64	137.877
1659.18	136.679
1660.71	135.514
1662.25	134.648
1663.78	134.266
1665.31	134.553
1666.85	135.421
1668.38	137.143
1669.91	138.999
1671.45	141.253
1672.98	143.447
1674.51	146.175
1676.04	148.492
1677.58	151.453
1679.11	153.698
1680.64	156.007
1682.17	158.144
1683.70	160.369
1685.23	162.329
1686.76	164.199
1688.29	165.954
1689.82	167.834
1691.35	169.222
1692.88	179.508
1694.41	173.692
1695.94	172.647
1697.46	173.532
1698.99	180.204
1700.52	177.769
1702.05	176.267
1703.57	178.102
1705.10	183.571
1706.63	179.737
