898.66	221.328
900.28	221.787
901.90	221.246
903.52	220.795
905.14	220.163
906.76	221.089
908.38	218.482
910.00	216.827
911.62	213.643
913.24	212.997
914.86	202.821
916.48	200.115
918.10	197.279
919.72	194.292
921.34	191.026
922.96	187.695
924.58	184.193
926.20	180.721
927.82	177.201
929.44	173.679
931.06	170.136
932.67	166.537
934.29	162.936
935.91	159.298
937.53	155.619
939.15	151.862
940.77	148.146
942.38	144.499
944.00	141.052
945.62	137.740
947.24	134.682
948.86	131.911
950.47	129.379
952.09	127.138
953.71	125.215
955.33	123.766
956.94	122.662
958.56	121.978
960.18	121.604
961.79	121.575
963.41	121.941
965.03	122.694
966.64	123.850
968.26	125.390
969.88	127.368
971.49	129.794
973.11	132.678
974.73	135.919
976.34	139.527
977.96	143.405
979.57	147.572
981.19	151.965
982.80	156.620
984.42	161.582
986.03	166.739
987.65	172.228
989.26	177.793
990.88	183.582
992.49	189.484
994.11	195.430
995.72	201.558
997.34	207.719
998.95	213.884
1000.57	220.155
1002.18	226.398
1003.79	232.493
1005.41	238.524
1007.02	244.524
1008.64	250.366
1010.25	256.067
1011.86	261.605
1013.48	267.189
1015.09	272.589
1016.70	277.645
1018.31	282.449
1019.93	287.067
1021.54	291.439
1023.15	295.484
1024.76	299.405
1026.38	303.140
1027.99	306.773
1029.60	310.122
1031.21	313.241
1032.82	316.175
1034.44	318.759
1036.05	321.147
1037.66	323.325
1039.27	325.219
1040.88	326.860
1042.49	328.319
1044.10	329.481
1045.71	330.462
1047.32	331.152
1048.93	331.683
1050.54	332.003
1052.15	332.113
1053.76	332.142
1055.37	331.859
1056.98	331.455
1058.59	330.896
1060.20	329.995
1061.81	329.107
1063.42	327.936
1065.03	326.499
1066.64	324.786
1068.25	322.830
1069.86	320.886
1071.47	318.852
1073.08	316.693
1074.68	314.381
1076.29	312.060
1077.90	309.593
1079.51	306.998
1081.12	304.244
1082.72	301.428
1084.33	298.740
1085.94	295.993
1087.55	292.899
1089.15	289.668
1090.76	286.523
1092.37	283.242
1093.97	280.114
1095.58	276.806
1097.19	273.502
1098.79	270.187
1100.40	267.040
1102.00	264.033
1103.61	260.894
1105.22	257.731
1106.82	254.533
1108.43	251.322
1110.03	248.190
1111.64	245.135
1113.24	242.184
1114.85	239.257
1116.45	236.395
1118.06	233.365
1119.66	230.371
1121.27	227.639
1122.87	225.036
1124.47	222.388
1126.08	219.825
1127.68	217.250
1129.28	214.702
1130.89	212.188
1132.49	209.874
1134.09	207.503
1135.70	205.172
1137.30	202.828
1138.90	200.565
1140.51	198.391
1142.11	196.379
1143.71	194.256
1145.31	192.218
1146.91	190.225
1148.52	188.298
1150.12	186.403
1151.72	184.583
1153.32	182.885
1154.92	181.235
1156.52	179.678
1158.12	178.285
1159.72	176.986
1161.33	175.854
1162.93	175.065
1164.53	174.610
1166.13	174.527
1167.73	174.956
1169.33	175.842
1170.93	177.231
1172.53	179.214
1174.12	181.558
1175.72	184.241
1177.32	187.245
1178.92	190.636
1180.52	194.050
1182.12	197.835
1183.72	201.807
1185.32	206.068
1186.91	210.503
1188.51	215.166
1190.11	219.838
1191.71	224.351
1193.30	228.636
1194.90	232.765
1196.50	236.893
1198.10	241.167
1199.69	245.238
1201.29	249.038
1202.89	252.668
1204.48	256.204
1206.08	259.424
1207.67	262.554
1209.27	265.673
1210.87	268.492
1212.46	271.095
1214.06	273.819
1215.65	276.245
1217.25	278.514
1218.84	280.756
1220.44	282.769
1222.03	284.552
1223.63	286.266
1225.22	287.818
1226.81	289.573
1228.41	291.250
1230.00	292.666
1231.59	293.746
1233.19	294.833
1234.78	295.909
1236.37	296.970
1237.97	298.021
1239.56	299.200
1241.15	300.117
1242.74	300.819
1244.34	301.451
1245.93	301.898
1247.52	302.167
1249.11	302.703
1250.70	302.983
1252.30	303.132
1253.89	303.202
1255.48	303.216
1257.07	303.103
1258.66	303.004
1260.25	302.567
1261.84	302.096
1263.43	301.755
1265.02	301.518
1266.61	301.216
1268.20	300.728
1269.79	300.106
1271.38	299.332
1272.97	298.379
1274.56	297.494
1276.14	296.578
1277.73	295.675
1279.32	294.941
1280.91	294.108
1282.50	292.798
1284.08	291.640
1285.67	290.320
1287.26	289.069
1288.85	287.910
1290.43	286.817
1292.02	285.591
1293.61	284.371
1295.19	283.098
1296.78	281.629
1298.37	279.968
1299.95	278.043
1301.54	276.173
1303.12	274.119
1304.71	272.078
1306.30	269.991
1307.88	267.916
1309.46	265.766
1311.05	263.677
1312.63	261.410
1314.22	258.968
1315.80	256.826
1317.39	254.502
1318.97	252.013
1320.55	249.379
1322.14	246.467
1323.72	243.320
1325.30	240.163
1326.89	236.877
1328.47	233.440
1330.05	229.848
1331.63	226.210
1333.22	222.577
1334.80	218.771
1336.38	214.962
1337.96	210.906
1339.54	206.639
1341.12	202.172
1342.70	197.516
1344.29	192.513
1345.87	187.325
1347.45	182.193
1349.03	176.698
1350.61	171.424
1352.19	166.498
1353.77	161.836
1355.34	157.709
1356.92	154.255
1358.50	151.392
1360.08	148.926
1361.66	146.776
1363.24	144.859
1364.82	143.049
1366.40	141.268
1367.97	139.543
1369.55	137.743
1371.13	135.983
1372.71	134.262
1374.28	132.472
1375.86	130.632
1377.44	128.755
1379.01	126.802
1380.59	124.976
1382.16	123.304
1383.74	121.627
1385.32	119.992
1386.89	118.323
1388.47	116.576
1390.04	114.746
1391.62	112.861
1393.19	110.965
1394.77	109.076
1396.34	107.308
1397.91	105.536
1399.49	103.923
1401.06	102.383
1402.63	101.023
1404.21	99.689
1405.78	98.507
1407.35	97.358
1408.93	96.243
1410.50	95.273
1412.07	94.366
1413.64	93.520
1415.21	92.739
1416.79	92.066
1418.36	91.517
1419.93	91.089
1421.50	90.811
1423.07	90.630
1424.64	90.503
1426.21	90.437
1427.78	90.455
1429.35	90.504
1430.92	90.636
1432.49	90.708
1434.06	90.824
1435.63	90.887
1437.20	90.998
1438.77	91.114
1440.33	91.118
1441.90	91.164
1443.47	91.163
1445.04	91.210
1446.60	91.294
1448.17	91.482
1449.74	91.674
1451.31	91.894
1452.87	92.115
1454.44	92.378
1456.01	92.731
1457.57	93.083
1459.14	93.488
1460.70	93.916
1462.27	94.510
1463.83	95.112
1465.40	95.795
1466.96	96.500
1468.53	97.283
1470.09	98.116
1471.66	99.017
1473.22	100.168
1474.78	101.406
1476.35	102.701
1477.91	104.066
1479.47	105.390
1481.04	106.617
1482.60	107.861
1484.16	109.071
1485.72	110.263
1487.28	111.536
1488.85	112.884
1490.41	114.335
1491.97	115.693
1493.53	117.116
1495.09	118.294
1496.65	119.462
1498.21	120.675
1499.77	121.726
1501.33	122.859
1502.89	123.997
1504.45	125.158
1506.01	126.364
1507.57	127.500
1509.13	128.572
1510.68	129.570
1512.24	130.525
1513.80	131.447
1515.36	132.412
1516.92	133.457
1518.47	134.580
1520.03	135.688
1521.59	136.768
1523.14	137.751
1524.70	138.798
1526.26	139.786
1527.81	140.931
1529.37	142.049
1530.92	143.180
1532.48	144.567
1534.03	145.931
1535.59	147.304
1537.14	148.583
1538.70	149.748
1540.25	150.809
1541.80	151.932
1543.36	153.022
1544.91	154.060
1546.46	155.113
1548.02	156.257
1549.57	157.389
1551.12	158.456
1552.67	159.377
1554.23	160.168
1555.78	160.949
1557.33	161.722
1558.88	162.435
1560.43	163.094
1561.98	163.917
1563.53	164.675
1565.08	165.225
1566.63	165.775
1568.18	166.324
1569.73	166.776
1571.28	167.109
1572.83	167.562
1574.38	168.053
1575.93	168.624
1577.48	169.449
1579.02	170.245
1580.57	170.871
1582.12	171.347
1583.67	171.830
1585.21	172.504
1586.76	173.040
1588.31	173.515
1589.85	173.913
1591.40	174.180
1592.94	174.385
1594.49	174.423
1596.04	174.490
1597.58	174.799
1599.13	174.947
1600.67	174.814
1602.21	174.895
1603.76	174.910
1605.30	174.813
1606.85	174.541
1608.39	174.277
1609.93	173.703
1611.48	173.086
1613.02	172.485
1614.56	171.929
1616.10	171.269
1617.64	170.352
1619.19	169.524
1620.73	168.704
1622.27	167.896
1623.81	167.258
1625.35	166.525
1626.89	165.756
1628.43	164.774
1629.97	163.429
1631.51	161.967
1633.05	160.678
1634.59	159.172
1636.13	157.718
1637.66	156.341
1639.20	155.111
1640.74	153.632
1642.28	152.229
1643.82	150.995
1645.35	149.429
1646.89	147.914
1648.43	146.403
1649.96	144.916
1651.50	143.490
1653.04	142.095
1654.57	140.642
1656.11	139.195
1657.64	137.820
1659.18	136.627
1660.71	135.468
1662.25	134.612
1663.78	134.249
1665.31	134.484
1666.85	135.329
1668.38	137.030
1669.91	138.882
1671.45	141.134
1672.98	143.332
1674.51	146.042
1676.04	148.392
1677.58	151.347
1679.11	153.614
1680.64	155.897
1682.17	157.992
1683.70	160.238
1685.23	162.150
1686.76	164.002
1688.29	165.696
1689.82	167.544
1691.35	168.862
1692.88	180.001
1694.41	174.371
1695.94	171.176
1697.46	173.383
1698.99	178.994
1700.52	177.977
1702.05	174.661
1703.57	177.784
1705.10	182.174
1706.63	178.935
