898.66	221.372
900.28	221.928
901.90	221.550
903.52	221.446
905.14	220.368
906.76	221.885
908.38	218.930
910.00	217.401
911.62	214.609
913.24	214.109
914.86	203.592
916.48	200.910
918.10	198.081
919.72	195.082
921.34	191.814
922.96	188.494
924.58	184.962
926.20	181.484
927.82	177.944
929.44	174.387
931.06	170.785
932.67	167.126
934.29	163.467
935.91	159.779
937.53	156.027
939.15	152.195
940.77	148.407
942.38	144.666
944.00	141.100
945.62	137.703
947.24	134.559
948.86	131.683
950.47	129.055
952.09	126.728
953.71	124.718
955.33	123.161
956.94	121.950
958.56	121.183
960.18	120.713
961.79	120.596
963.41	120.900
965.03	121.600
966.64	122.698
968.26	124.189
969.88	126.134
971.49	128.527
973.11	131.353
974.73	134.571
976.34	138.191
977.96	142.120
979.57	146.281
981.19	150.669
982.80	155.392
984.42	160.415
986.03	165.587
987.65	171.099
989.26	176.744
990.88	182.592
992.49	188.522
994.11	194.509
995.72	200.763
997.34	207.028
998.95	213.250
1000.57	219.597
1002.18	225.978
1003.79	232.208
1005.41	238.291
1007.02	244.321
1008.64	250.272
1010.25	256.109
1011.86	261.691
1013.48	267.298
1015.09	272.801
1016.70	278.011
1018.31	282.935
1019.93	287.657
1021.54	292.127
1023.15	296.304
1024.76	300.377
1026.38	304.206
1027.99	307.934
1029.60	311.340
1031.21	314.568
1032.82	317.645
1034.44	320.311
1036.05	322.779
1037.66	325.067
1039.27	327.115
1040.88	328.891
1042.49	330.394
1044.10	331.622
1045.71	332.763
1047.32	333.612
1048.93	334.147
1050.54	334.443
1052.15	334.595
1053.76	334.702
1055.37	334.443
1056.98	334.002
1058.59	333.447
1060.20	332.660
1061.81	331.860
1063.42	330.623
1065.03	329.064
1066.64	327.377
1068.25	325.558
1069.86	323.568
1071.47	321.376
1073.08	319.194
1074.68	317.000
1076.29	314.718
1077.90	312.146
1079.51	309.370
1081.12	306.555
1082.72	303.860
1084.33	301.176
1085.94	298.281
1087.55	295.055
1089.15	291.841
1090.76	288.736
1092.37	285.390
1093.97	282.094
1095.58	278.662
1097.19	275.396
1098.79	272.173
1100.40	268.930
1102.00	265.709
1103.61	262.440
1105.22	259.281
1106.82	256.054
1108.43	252.704
1110.03	249.435
1111.64	246.326
1113.24	243.439
1114.85	240.535
1116.45	237.536
1118.06	234.359
1119.66	231.351
1121.27	228.661
1122.87	226.035
1124.47	223.281
1126.08	220.623
1127.68	218.038
1129.28	215.495
1130.89	212.959
1132.49	210.536
1134.09	208.087
1135.70	205.735
1137.30	203.448
1138.90	201.173
1140.51	198.906
1142.11	196.816
1143.71	194.667
1145.31	192.617
1146.91	190.560
1148.52	188.532
1150.12	186.596
1151.72	184.809
1153.32	183.145
1154.92	181.441
1156.52	179.800
1158.12	178.386
1159.72	177.141
1161.33	176.045
1162.93	175.216
1164.53	174.683
1166.13	174.567
1167.73	175.029
1169.33	175.964
1170.93	177.329
1172.53	179.316
1174.12	181.711
1175.72	184.466
1177.32	187.577
1178.92	190.962
1180.52	194.345
1182.12	198.178
1183.72	202.250
1185.32	206.599
1186.91	211.025
1188.51	215.585
1190.11	220.159
1191.71	224.648
1193.30	229.049
1194.90	233.320
1196.50	237.491
1198.10	241.709
1199.69	245.753
1201.29	249.637
1202.89	253.393
1204.48	257.028
1206.08	260.191
1207.67	263.208
1209.27	266.265
1210.87	269.166
1212.46	272.022
1214.06	274.921
1215.65	277.382
1217.25	279.625
1218.84	281.866
1220.44	283.994
1222.03	286.023
1223.63	287.859
1225.22	289.498
1226.81	291.212
1228.41	292.831
1230.00	294.277
1231.59	295.538
1233.19	296.733
1234.78	297.791
1236.37	298.792
1237.97	299.771
1239.56	301.053
1241.15	302.099
1242.74	302.951
1244.34	303.609
1245.93	303.904
1247.52	304.004
1249.11	304.505
1250.70	304.841
1252.30	305.071
1253.89	305.165
1255.48	305.101
1257.07	304.942
1258.66	304.777
1260.25	304.357
1261.84	303.980
1263.43	303.703
1265.02	303.392
1266.61	302.983
1268.20	302.390
1269.79	301.755
1271.38	301.133
1272.97	300.268
1274.56	299.459
1276.14	298.546
1277.73	297.561
1279.32	296.789
1280.91	296.032
1282.50	294.828
1284.08	293.783
1285.67	292.532
1287.26	291.253
1288.85	289.984
1290.43	288.794
1292.02	287.581
1293.61	286.448
1295.19	285.252
1296.78	283.829
1298.37	282.185
1299.95	280.277
1301.54	278.445
1303.12	276.431
1304.71	274.401
1306.30	272.315
1307.88	270.243
1309.46	268.041
1311.05	265.913
1312.63	263.619
1314.22	261.161
1315.80	258.975
1317.39	256.552
1318.97	253.963
1320.55	251.287
1322.14	248.429
1323.72	245.391
1325.30	242.242
1326.89	238.858
1328.47	235.267
1330.05	231.541
1331.63	227.843
1333.22	224.243
1334.80	220.518
1336.38	216.680
1337.96	212.450
1339.54	207.995
1341.12	203.339
1342.70	198.622
1344.29	193.691
1345.87	188.611
1347.45	183.438
1349.03	177.791
1350.61	172.349
1352.19	167.278
1353.77	162.603
1355.34	158.510
1356.92	155.040
1358.50	152.137
1360.08	149.599
1361.66	147.355
1363.24	145.381
1364.82	143.562
1366.40	141.801
1367.97	140.059
1369.55	138.251
1371.13	136.438
1372.71	134.645
1374.28	132.769
1375.86	130.874
1377.44	129.011
1379.01	127.100
1380.59	125.301
1382.16	123.594
1383.74	121.800
1385.32	120.071
1386.89	118.307
1388.47	116.540
1390.04	114.743
1391.62	112.892
1393.19	111.017
1394.77	109.105
1396.34	107.275
1397.91	105.443
1399.49	103.789
1401.06	102.265
1402.63	100.922
1404.21	99.618
1405.78	98.435
1407.35	97.242
1408.93	96.088
1410.50	95.066
1412.07	94.133
1413.64	93.316
1415.21	92.584
1416.79	91.993
1418.36	91.480
1419.93	91.049
1421.50	90.704
1423.07	90.475
1424.64	90.323
1426.21	90.276
1427.78	90.347
1429.35	90.438
1430.92	90.576
1432.49	90.610
1434.06	90.644
1435.63	90.643
1437.20	90.722
1438.77	90.857
1440.33	90.960
1441.90	91.092
1443.47	91.155
1445.04	91.202
1446.60	91.231
1448.17	91.313
1449.74	91.424
1451.31	91.613
1452.87	91.858
1454.44	92.200
1456.01	92.605
1457.57	92.987
1459.14	93.368
1460.70	93.700
1462.27	94.175
1463.83	94.694
1465.40	95.361
1466.96	96.154
1468.53	97.081
1470.09	98.006
1471.66	98.915
1473.22	99.975
1474.78	101.066
1476.35	102.193
1477.91	103.456
1479.47	104.785
1481.04	106.122
1482.60	107.482
1484.16	108.794
1485.72	110.003
1487.28	111.200
1488.85	112.434
1490.41	113.763
1491.97	115.031
1493.53	116.465
1495.09	117.757
1496.65	119.081
1498.21	120.388
1499.77	121.457
1501.33	122.510
1502.89	123.520
1504.45	124.566
1506.01	125.719
1507.57	126.895
1509.13	128.110
1510.68	129.273
1512.24	130.354
1513.80	131.348
1515.36	132.308
1516.92	133.259
1518.47	134.257
1520.03	135.280
1521.59	136.355
1523.14	137.428
1524.70	138.599
1526.26	139.712
1527.81	140.940
1529.37	142.019
1530.92	143.075
1532.48	144.359
1534.03	145.626
1535.59	146.982
1537.14	148.331
1538.70	149.591
1540.25	150.773
1541.80	151.959
1543.36	153.061
1544.91	154.041
1546.46	154.993
1548.02	156.014
1549.57	157.060
1551.12	158.122
1552.67	159.103
1554.23	159.972
1555.78	160.804
1557.33	161.660
1558.88	162.404
1560.43	163.019
1561.98	163.823
1563.53	164.558
1565.08	165.099
1566.63	165.651
1568.18	166.190
1569.73	166.662
1571.28	166.990
1572.83	167.421
1574.38	167.891
1575.93	168.420
1577.48	169.228
1579.02	169.978
1580.57	170.575
1582.12	171.062
1583.67	171.543
1585.21	172.253
1586.76	172.840
1588.31	173.374
1589.85	173.751
1591.40	173.950
1592.94	174.112
1594.49	174.114
1596.04	174.186
1597.58	174.495
1599.13	174.701
1600.67	174.633
1602.21	174.699
1603.76	174.733
1605.30	174.628
1606.85	174.340
1608.39	174.074
1609.93	173.489
1611.48	172.914
1613.02	172.435
1614.56	171.973
1616.10	171.444
1617.64	170.559
1619.19	169.669
1620.73	168.713
1622.27	167.758
1623.81	167.042
1625.35	166.266
1626.89	165.524
1628.43	164.606
1629.97	163.381
1631.51	162.022
1633.05	160.817
1634.59	159.368
1636.13	157.879
1637.66	156.363
1639.20	154.974
1640.74	153.328
1642.28	151.841
1643.82	150.593
1645.35	149.052
1646.89	147.696
1648.43	146.317
1649.96	144.897
1651.50	143.510
1653.04	142.048
1654.57	140.531
1656.11	138.950
1657.64	137.457
1659.18	136.169
1660.71	134.999
1662.25	134.246
1663.78	133.944
1665.31	134.302
1666.85	135.178
1668.38	136.905
1669.91	138.798
1671.45	141.024
1672.98	143.283
1674.51	146.005
1676.04	148.371
1677.58	151.358
1679.11	153.617
1680.64	155.956
1682.17	158.063
1683.70	160.380
1685.23	162.280
1686.76	164.101
1688.29	165.843
1689.82	167.820
1691.35	169.126
1692.88	179.311
1694.41	174.517
1695.94	173.872
1697.46	172.587
1698.99	181.099
1700.52	176.422
1702.05	174.454
1703.57	177.678
1705.10	185.079
1706.63	179.096
