898.66	221.725
900.28	221.840
901.90	221.536
903.52	220.823
905.14	220.113
906.76	221.588
908.38	218.813
910.00	217.316
911.62	214.395
913.24	213.825
914.86	203.372
916.48	200.672
918.10	197.853
919.72	194.848
921.34	191.595
922.96	188.277
924.58	184.753
926.20	181.260
927.82	177.718
929.44	174.157
931.06	170.567
932.67	166.921
934.29	163.281
935.91	159.604
937.53	155.870
939.15	152.058
940.77	148.276
942.38	144.553
944.00	141.026
945.62	137.659
947.24	134.542
948.86	131.696
950.47	129.102
952.09	126.792
953.71	124.811
955.33	123.284
956.94	122.113
958.56	121.377
960.18	120.947
961.79	120.863
963.41	121.194
965.03	121.910
966.64	123.015
968.26	124.529
969.88	126.493
971.49	128.902
973.11	131.739
974.73	134.969
976.34	138.597
977.96	142.494
979.57	146.637
981.19	151.036
982.80	155.759
984.42	160.758
986.03	165.906
987.65	171.418
989.26	177.054
990.88	182.877
992.49	188.786
994.11	194.778
995.72	201.019
997.34	207.248
998.95	213.456
1000.57	219.808
1002.18	226.161
1003.79	232.345
1005.41	238.395
1007.02	244.426
1008.64	250.359
1010.25	256.158
1011.86	261.738
1013.48	267.384
1015.09	272.882
1016.70	278.039
1018.31	282.926
1019.93	287.621
1021.54	292.069
1023.15	296.216
1024.76	300.224
1026.38	304.010
1027.99	307.692
1029.60	311.083
1031.21	314.279
1032.82	317.276
1034.44	319.869
1036.05	322.308
1037.66	324.576
1039.27	326.588
1040.88	328.317
1042.49	329.819
1044.10	331.057
1045.71	332.150
1047.32	332.909
1048.93	333.420
1050.54	333.752
1052.15	333.917
1053.76	334.002
1055.37	333.696
1056.98	333.257
1058.59	332.757
1060.20	331.968
1061.81	331.105
1063.42	329.841
1065.03	328.365
1066.64	326.744
1068.25	324.914
1069.86	322.900
1071.47	320.741
1073.08	318.605
1074.68	316.400
1076.29	314.055
1077.90	311.453
1079.51	308.745
1081.12	305.991
1082.72	303.281
1084.33	300.553
1085.94	297.655
1087.55	294.489
1089.15	291.320
1090.76	288.190
1092.37	284.815
1093.97	281.541
1095.58	278.201
1097.19	274.974
1098.79	271.682
1100.40	268.404
1102.00	265.225
1103.61	262.027
1105.22	258.890
1106.82	255.640
1108.43	252.300
1110.03	249.096
1111.64	246.042
1113.24	243.145
1114.85	240.207
1116.45	237.211
1118.06	234.081
1119.66	231.114
1121.27	228.418
1122.87	225.777
1124.47	223.042
1126.08	220.415
1127.68	217.851
1129.28	215.301
1130.89	212.746
1132.49	210.351
1134.09	207.952
1135.70	205.626
1137.30	203.308
1138.90	201.016
1140.51	198.781
1142.11	196.722
1143.71	194.584
1145.31	192.534
1146.91	190.485
1148.52	188.483
1150.12	186.570
1151.72	184.781
1153.32	183.090
1154.92	181.381
1156.52	179.754
1158.12	178.366
1159.72	177.117
1161.33	176.002
1162.93	175.153
1164.53	174.624
1166.13	174.538
1167.73	174.993
1169.33	175.909
1170.93	177.286
1172.53	179.301
1174.12	181.690
1175.72	184.441
1177.32	187.507
1178.92	190.865
1180.52	194.253
1182.12	198.112
1183.72	202.189
1185.32	206.501
1186.91	210.895
1188.51	215.476
1190.11	220.088
1191.71	224.637
1193.30	229.032
1194.90	233.274
1196.50	237.394
1198.10	241.629
1199.69	245.719
1201.29	249.616
1202.89	253.346
1204.48	256.914
1206.08	260.039
1207.67	263.084
1209.27	266.186
1210.87	269.107
1212.46	271.898
1214.06	274.713
1215.65	277.120
1217.25	279.352
1218.84	281.635
1220.44	283.773
1222.03	285.744
1223.63	287.533
1225.22	289.127
1226.81	290.852
1228.41	292.512
1230.00	293.995
1231.59	295.209
1233.19	296.338
1234.78	297.358
1236.37	298.349
1237.97	299.367
1239.56	300.672
1241.15	301.711
1242.74	302.499
1244.34	303.088
1245.93	303.391
1247.52	303.545
1249.11	304.071
1250.70	304.425
1252.30	304.649
1253.89	304.720
1255.48	304.663
1257.07	304.515
1258.66	304.349
1260.25	303.938
1261.84	303.565
1263.43	303.253
1265.02	302.930
1266.61	302.534
1268.20	301.981
1269.79	301.373
1271.38	300.724
1272.97	299.819
1274.56	298.948
1276.14	298.008
1277.73	297.069
1279.32	296.332
1280.91	295.576
1282.50	294.356
1284.08	293.241
1285.67	291.899
1287.26	290.589
1288.85	289.332
1290.43	288.188
1292.02	287.016
1293.61	285.843
1295.19	284.576
1296.78	283.107
1298.37	281.452
1299.95	279.538
1301.54	277.710
1303.12	275.697
1304.71	273.657
1306.30	271.538
1307.88	269.456
1309.46	267.267
1311.05	265.128
1312.63	262.850
1314.22	260.402
1315.80	258.233
1317.39	255.852
1318.97	253.309
1320.55	250.660
1322.14	247.809
1323.72	244.724
1325.30	241.538
1326.89	238.174
1328.47	234.620
1330.05	230.963
1331.63	227.312
1333.22	223.727
1334.80	219.967
1336.38	216.123
1337.96	211.928
1339.54	207.551
1341.12	202.974
1342.70	198.312
1344.29	193.410
1345.87	188.291
1347.45	183.097
1349.03	177.453
1350.61	172.042
1352.19	167.051
1353.77	162.423
1355.34	158.328
1356.92	154.852
1358.50	151.931
1360.08	149.406
1361.66	147.191
1363.24	145.242
1364.82	143.430
1366.40	141.668
1367.97	139.916
1369.55	138.080
1371.13	136.260
1372.71	134.473
1374.28	132.624
1375.86	130.748
1377.44	128.889
1379.01	126.974
1380.59	125.149
1382.16	123.429
1383.74	121.660
1385.32	119.956
1386.89	118.233
1388.47	116.486
1390.04	114.703
1391.62	112.847
1393.19	110.971
1394.77	109.052
1396.34	107.227
1397.91	105.420
1399.49	103.773
1401.06	102.275
1402.63	100.923
1404.21	99.606
1405.78	98.425
1407.35	97.233
1408.93	96.090
1410.50	95.088
1412.07	94.172
1413.64	93.355
1415.21	92.620
1416.79	91.998
1418.36	91.448
1419.93	91.012
1421.50	90.683
1423.07	90.470
1424.64	90.355
1426.21	90.313
1427.78	90.370
1429.35	90.454
1430.92	90.572
1432.49	90.616
1434.06	90.661
1435.63	90.690
1437.20	90.804
1438.77	90.950
1440.33	91.044
1441.90	91.155
1443.47	91.177
1445.04	91.201
1446.60	91.218
1448.17	91.322
1449.74	91.463
1451.31	91.684
1452.87	91.941
1454.44	92.263
1456.01	92.643
1457.57	92.991
1459.14	93.356
1460.70	93.702
1462.27	94.212
1463.83	94.784
1465.40	95.492
1466.96	96.293
1468.53	97.191
1470.09	98.072
1471.66	98.943
1473.22	100.001
1474.78	101.123
1476.35	102.317
1477.91	103.643
1479.47	105.004
1481.04	106.340
1482.60	107.673
1484.16	108.941
1485.72	110.115
1487.28	111.299
1488.85	112.554
1490.41	113.922
1491.97	115.240
1493.53	116.699
1495.09	117.978
1496.65	119.250
1498.21	120.504
1499.77	121.537
1501.33	122.586
1502.89	123.615
1504.45	124.713
1506.01	125.901
1507.57	127.096
1509.13	128.291
1510.68	129.414
1512.24	130.453
1513.80	131.396
1515.36	132.323
1516.92	133.274
1518.47	134.299
1520.03	135.367
1521.59	136.466
1523.14	137.531
1524.70	138.676
1526.26	139.752
1527.81	140.934
1529.37	142.010
1530.92	143.070
1532.48	144.375
1534.03	145.670
1535.59	147.065
1537.14	148.428
1538.70	149.686
1540.25	150.831
1541.80	151.990
1543.36	153.068
1544.91	154.046
1546.46	155.001
1548.02	156.056
1549.57	157.140
1551.12	158.235
1552.67	159.226
1554.23	160.096
1555.78	160.920
1557.33	161.730
1558.88	162.446
1560.43	163.059
1561.98	163.857
1563.53	164.590
1565.08	165.140
1566.63	165.716
1568.18	166.262
1569.73	166.724
1571.28	167.053
1572.83	167.499
1574.38	167.960
1575.93	168.497
1577.48	169.302
1579.02	170.082
1580.57	170.702
1582.12	171.198
1583.67	171.689
1585.21	172.395
1586.76	172.971
1588.31	173.491
1589.85	173.886
1591.40	174.113
1592.94	174.303
1594.49	174.326
1596.04	174.420
1597.58	174.730
1599.13	174.910
1600.67	174.823
1602.21	174.878
1603.76	174.902
1605.30	174.769
1606.85	174.485
1608.39	174.204
1609.93	173.635
1611.48	173.065
1613.02	172.561
1614.56	172.068
1616.10	171.479
1617.64	170.546
1619.19	169.612
1620.73	168.655
1622.27	167.725
1623.81	167.029
1625.35	166.260
1626.89	165.521
1628.43	164.605
1629.97	163.367
1631.51	161.983
1633.05	160.728
1634.59	159.230
1636.13	157.695
1637.66	156.201
1639.20	154.853
1640.74	153.268
1642.28	151.844
1643.82	150.648
1645.35	149.142
1646.89	147.789
1648.43	146.374
1649.96	144.930
1651.50	143.549
1653.04	142.080
1654.57	140.591
1656.11	139.046
1657.64	137.645
1659.18	136.408
1660.71	135.266
1662.25	134.501
1663.78	134.216
1665.31	134.552
1666.85	135.469
1668.38	137.139
1669.91	139.039
1671.45	141.267
1672.98	143.550
1674.51	146.268
1676.04	148.570
1677.58	151.487
1679.11	153.736
1680.64	156.038
1682.17	158.180
1683.70	160.474
1685.23	162.432
1686.76	164.229
1688.29	165.958
1689.82	167.880
1691.35	169.216
1692.88	178.769
1694.41	174.905
1695.94	172.549
1697.46	173.333
1698.99	181.889
1700.52	176.889
1702.05	175.335
1703.57	177.414
1705.10	185.806
1706.63	179.256
