898.66	221.362
900.28	222.035
901.90	221.598
903.52	221.181
905.14	220.227
906.76	221.732
908.38	218.699
910.00	216.988
911.62	214.260
913.24	213.917
914.86	203.395
916.48	200.711
918.10	197.887
919.72	194.883
921.34	191.617
922.96	188.303
924.58	184.772
926.20	181.285
927.82	177.757
929.44	174.209
931.06	170.617
932.67	166.969
934.29	163.321
935.91	159.645
937.53	155.914
939.15	152.100
940.77	148.331
942.38	144.613
944.00	141.079
945.62	137.703
947.24	134.582
948.86	131.727
950.47	129.125
952.09	126.813
953.71	124.825
955.33	123.299
956.94	122.119
958.56	121.386
960.18	120.947
961.79	120.861
963.41	121.189
965.03	121.906
966.64	123.008
968.26	124.516
969.88	126.478
971.49	128.873
973.11	131.703
974.73	134.921
976.34	138.546
977.96	142.451
979.57	146.605
981.19	151.009
982.80	155.734
984.42	160.734
986.03	165.886
987.65	171.399
989.26	177.036
990.88	182.858
992.49	188.782
994.11	194.784
995.72	201.025
997.34	207.257
998.95	213.466
1000.57	219.828
1002.18	226.189
1003.79	232.384
1005.41	238.457
1007.02	244.497
1008.64	250.447
1010.25	256.261
1011.86	261.851
1013.48	267.500
1015.09	272.991
1016.70	278.152
1018.31	283.040
1019.93	287.738
1021.54	292.198
1023.15	296.347
1024.76	300.356
1026.38	304.124
1027.99	307.806
1029.60	311.197
1031.21	314.399
1032.82	317.392
1034.44	319.965
1036.05	322.392
1037.66	324.656
1039.27	326.660
1040.88	328.385
1042.49	329.887
1044.10	331.118
1045.71	332.208
1047.32	332.967
1048.93	333.474
1050.54	333.799
1052.15	333.974
1053.76	334.070
1055.37	333.772
1056.98	333.336
1058.59	332.849
1060.20	332.071
1061.81	331.224
1063.42	329.955
1065.03	328.464
1066.64	326.843
1068.25	325.030
1069.86	323.046
1071.47	320.894
1073.08	318.761
1074.68	316.558
1076.29	314.212
1077.90	311.604
1079.51	308.886
1081.12	306.128
1082.72	303.431
1084.33	300.708
1085.94	297.813
1087.55	294.628
1089.15	291.442
1090.76	288.317
1092.37	284.932
1093.97	281.652
1095.58	278.289
1097.19	275.071
1098.79	271.782
1100.40	268.504
1102.00	265.315
1103.61	262.105
1105.22	258.968
1106.82	255.716
1108.43	252.375
1110.03	249.157
1111.64	246.105
1113.24	243.213
1114.85	240.276
1116.45	237.276
1118.06	234.144
1119.66	231.168
1121.27	228.480
1122.87	225.848
1124.47	223.106
1126.08	220.473
1127.68	217.902
1129.28	215.353
1130.89	212.793
1132.49	210.402
1134.09	208.006
1135.70	205.693
1137.30	203.371
1138.90	201.070
1140.51	198.828
1142.11	196.766
1143.71	194.637
1145.31	192.589
1146.91	190.530
1148.52	188.533
1150.12	186.612
1151.72	184.827
1153.32	183.135
1154.92	181.420
1156.52	179.792
1158.12	178.399
1159.72	177.170
1161.33	176.073
1162.93	175.245
1164.53	174.725
1166.13	174.630
1167.73	175.082
1169.33	175.981
1170.93	177.360
1172.53	179.368
1174.12	181.766
1175.72	184.520
1177.32	187.568
1178.92	190.923
1180.52	194.323
1182.12	198.178
1183.72	202.268
1185.32	206.605
1186.91	211.000
1188.51	215.562
1190.11	220.165
1191.71	224.703
1193.30	229.095
1194.90	233.314
1196.50	237.426
1198.10	241.648
1199.69	245.750
1201.29	249.668
1202.89	253.411
1204.48	256.990
1206.08	260.118
1207.67	263.135
1209.27	266.243
1210.87	269.173
1212.46	271.973
1214.06	274.795
1215.65	277.209
1217.25	279.440
1218.84	281.683
1220.44	283.808
1222.03	285.792
1223.63	287.596
1225.22	289.196
1226.81	290.900
1228.41	292.554
1230.00	294.042
1231.59	295.261
1233.19	296.389
1234.78	297.400
1236.37	298.395
1237.97	299.420
1239.56	300.734
1241.15	301.803
1242.74	302.586
1244.34	303.182
1245.93	303.495
1247.52	303.646
1249.11	304.185
1250.70	304.552
1252.30	304.796
1253.89	304.889
1255.48	304.825
1257.07	304.672
1258.66	304.529
1260.25	304.136
1261.84	303.763
1263.43	303.452
1265.02	303.140
1266.61	302.738
1268.20	302.181
1269.79	301.563
1271.38	300.919
1272.97	300.008
1274.56	299.119
1276.14	298.166
1277.73	297.205
1279.32	296.446
1280.91	295.690
1282.50	294.450
1284.08	293.337
1285.67	292.019
1287.26	290.708
1288.85	289.452
1290.43	288.293
1292.02	287.080
1293.61	285.924
1295.19	284.683
1296.78	283.219
1298.37	281.565
1299.95	279.663
1301.54	277.842
1303.12	275.844
1304.71	273.799
1306.30	271.692
1307.88	269.622
1309.46	267.447
1311.05	265.329
1312.63	263.058
1314.22	260.605
1315.80	258.439
1317.39	256.051
1318.97	253.490
1320.55	250.836
1322.14	247.988
1323.72	244.910
1325.30	241.751
1326.89	238.370
1328.47	234.808
1330.05	231.148
1331.63	227.485
1333.22	223.892
1334.80	220.122
1336.38	216.262
1337.96	212.053
1339.54	207.654
1341.12	203.075
1342.70	198.415
1344.29	193.516
1345.87	188.403
1347.45	183.211
1349.03	177.567
1350.61	172.140
1352.19	167.145
1353.77	162.508
1355.34	158.414
1356.92	154.946
1358.50	152.034
1360.08	149.498
1361.66	147.275
1363.24	145.311
1364.82	143.509
1366.40	141.736
1367.97	139.992
1369.55	138.151
1371.13	136.320
1372.71	134.517
1374.28	132.661
1375.86	130.793
1377.44	128.930
1379.01	127.004
1380.59	125.192
1382.16	123.470
1383.74	121.709
1385.32	120.000
1386.89	118.290
1388.47	116.544
1390.04	114.767
1391.62	112.908
1393.19	111.037
1394.77	109.113
1396.34	107.299
1397.91	105.491
1399.49	103.852
1401.06	102.359
1402.63	101.018
1404.21	99.718
1405.78	98.543
1407.35	97.357
1408.93	96.200
1410.50	95.186
1412.07	94.266
1413.64	93.437
1415.21	92.697
1416.79	92.061
1418.36	91.519
1419.93	91.069
1421.50	90.734
1423.07	90.517
1424.64	90.396
1426.21	90.353
1427.78	90.421
1429.35	90.500
1430.92	90.618
1432.49	90.667
1434.06	90.709
1435.63	90.731
1437.20	90.832
1438.77	90.980
1440.33	91.061
1441.90	91.170
1443.47	91.199
1445.04	91.217
1446.60	91.242
1448.17	91.337
1449.74	91.478
1451.31	91.692
1452.87	91.939
1454.44	92.273
1456.01	92.651
1457.57	93.010
1459.14	93.368
1460.70	93.708
1462.27	94.210
1463.83	94.775
1465.40	95.474
1466.96	96.270
1468.53	97.162
1470.09	98.043
1471.66	98.905
1473.22	99.964
1474.78	101.088
1476.35	102.270
1477.91	103.600
1479.47	104.953
1481.04	106.294
1482.60	107.637
1484.16	108.913
1485.72	110.106
1487.28	111.290
1488.85	112.540
1490.41	113.904
1491.97	115.221
1493.53	116.682
1495.09	117.965
1496.65	119.236
1498.21	120.505
1499.77	121.551
1501.33	122.606
1502.89	123.635
1504.45	124.731
1506.01	125.919
1507.57	127.110
1509.13	128.307
1510.68	129.430
1512.24	130.465
1513.80	131.415
1515.36	132.339
1516.92	133.284
1518.47	134.293
1520.03	135.350
1521.59	136.453
1523.14	137.519
1524.70	138.669
1526.26	139.751
1527.81	140.944
1529.37	142.041
1530.92	143.091
1532.48	144.376
1534.03	145.664
1535.59	147.052
1537.14	148.409
1538.70	149.666
1540.25	150.818
1541.80	151.988
1543.36	153.075
1544.91	154.066
1546.46	155.014
1548.02	156.068
1549.57	157.158
1551.12	158.266
1552.67	159.261
1554.23	160.126
1555.78	160.943
1557.33	161.760
1558.88	162.483
1560.43	163.088
1561.98	163.863
1563.53	164.591
1565.08	165.145
1566.63	165.717
1568.18	166.271
1569.73	166.745
1571.28	167.069
1572.83	167.507
1574.38	167.955
1575.93	168.473
1577.48	169.269
1579.02	170.049
1580.57	170.677
1582.12	171.183
1583.67	171.668
1585.21	172.381
1586.76	172.970
1588.31	173.506
1589.85	173.904
1591.40	174.124
1592.94	174.312
1594.49	174.341
1596.04	174.447
1597.58	174.770
1599.13	174.967
1600.67	174.891
1602.21	174.959
1603.76	174.996
1605.30	174.883
1606.85	174.618
1608.39	174.373
1609.93	173.827
1611.48	173.259
1613.02	172.740
1614.56	172.228
1616.10	171.645
1617.64	170.717
1619.19	169.785
1620.73	168.815
1622.27	167.871
1623.81	167.164
1625.35	166.408
1626.89	165.676
1628.43	164.764
1629.97	163.525
1631.51	162.140
1633.05	160.875
1634.59	159.366
1636.13	157.834
1637.66	156.331
1639.20	154.973
1640.74	153.374
1642.28	151.916
1643.82	150.731
1645.35	149.238
1646.89	147.895
1648.43	146.485
1649.96	145.042
1651.50	143.649
1653.04	142.207
1654.57	140.722
1656.11	139.183
1657.64	137.753
1659.18	136.530
1660.71	135.405
1662.25	134.659
1663.78	134.385
1665.31	134.716
1666.85	135.652
1668.38	137.381
1669.91	139.310
1671.45	141.564
1672.98	143.861
1674.51	146.618
1676.04	148.924
1677.58	151.876
1679.11	154.109
1680.64	156.448
1682.17	158.559
1683.70	160.846
1685.23	162.749
1686.76	164.587
1688.29	166.361
1689.82	168.299
1691.35	169.617
1692.88	179.804
1694.41	174.905
1695.94	173.333
1697.46	173.731
1698.99	181.099
1700.52	176.785
1702.05	176.267
1703.57	177.784
1705.10	184.297
1706.63	179.310
