898.66	221.621
900.28	221.544
901.90	221.308
903.52	221.051
905.14	220.495
906.76	221.075
908.38	218.908
910.00	217.503
911.62	214.403
913.24	213.609
914.86	203.238
916.48	200.511
918.10	197.678
919.72	194.669
921.34	191.411
922.96	188.095
924.58	184.596
926.20	181.125
927.82	177.578
929.44	174.024
931.06	170.463
932.67	166.831
934.29	163.202
935.91	159.541
937.53	155.829
939.15	152.049
940.77	148.293
942.38	144.595
944.00	141.087
945.62	137.725
947.24	134.634
948.86	131.830
950.47	129.283
952.09	127.018
953.71	125.076
955.33	123.579
956.94	122.412
958.56	121.680
960.18	121.252
961.79	121.195
963.41	121.551
965.03	122.283
966.64	123.441
968.26	124.986
969.88	126.957
971.49	129.356
973.11	132.218
974.73	135.470
976.34	139.081
977.96	142.980
979.57	147.158
981.19	151.562
982.80	156.221
984.42	161.186
986.03	166.336
987.65	171.824
989.26	177.420
990.88	183.195
992.49	189.096
994.11	195.087
995.72	201.305
997.34	207.498
998.95	213.685
1000.57	219.967
1002.18	226.236
1003.79	232.358
1005.41	238.400
1007.02	244.400
1008.64	250.275
1010.25	255.980
1011.86	261.517
1013.48	267.119
1015.09	272.528
1016.70	277.663
1018.31	282.523
1019.93	287.194
1021.54	291.610
1023.15	295.624
1024.76	299.595
1026.38	303.367
1027.99	307.058
1029.60	310.422
1031.21	313.548
1032.82	316.550
1034.44	319.218
1036.05	321.704
1037.66	323.943
1039.27	325.884
1040.88	327.581
1042.49	329.061
1044.10	330.296
1045.71	331.325
1047.32	332.034
1048.93	332.642
1050.54	332.969
1052.15	333.074
1053.76	333.050
1055.37	332.788
1056.98	332.454
1058.59	331.918
1060.20	331.061
1061.81	330.155
1063.42	328.902
1065.03	327.443
1066.64	325.669
1068.25	323.687
1069.86	321.628
1071.47	319.508
1073.08	317.380
1074.68	315.141
1076.29	312.827
1077.90	310.353
1079.51	307.715
1081.12	304.912
1082.72	302.039
1084.33	299.297
1085.94	296.541
1087.55	293.511
1089.15	290.265
1090.76	287.081
1092.37	283.766
1093.97	280.588
1095.58	277.258
1097.19	273.965
1098.79	270.651
1100.40	267.502
1102.00	264.457
1103.61	261.316
1105.22	258.187
1106.82	254.941
1108.43	251.626
1110.03	248.439
1111.64	245.342
1113.24	242.416
1114.85	239.538
1116.45	236.676
1118.06	233.639
1119.66	230.637
1121.27	227.885
1122.87	225.271
1124.47	222.613
1126.08	220.046
1127.68	217.474
1129.28	214.901
1130.89	212.385
1132.49	210.056
1134.09	207.677
1135.70	205.323
1137.30	202.998
1138.90	200.706
1140.51	198.516
1142.11	196.501
1143.71	194.371
1145.31	192.319
1146.91	190.301
1148.52	188.331
1150.12	186.438
1151.72	184.623
1153.32	182.909
1154.92	181.203
1156.52	179.630
1158.12	178.257
1159.72	176.981
1161.33	175.857
1162.93	175.064
1164.53	174.620
1166.13	174.541
1167.73	174.966
1169.33	175.834
1170.93	177.185
1172.53	179.176
1174.12	181.553
1175.72	184.239
1177.32	187.251
1178.92	190.629
1180.52	194.026
1182.12	197.871
1183.72	201.835
1185.32	206.132
1186.91	210.566
1188.51	215.252
1190.11	219.893
1191.71	224.383
1193.30	228.653
1194.90	232.751
1196.50	236.884
1198.10	241.139
1199.69	245.266
1201.29	249.077
1202.89	252.731
1204.48	256.294
1206.08	259.505
1207.67	262.592
1209.27	265.708
1210.87	268.541
1212.46	271.201
1214.06	273.956
1215.65	276.373
1217.25	278.661
1218.84	280.901
1220.44	282.952
1222.03	284.768
1223.63	286.494
1225.22	288.094
1226.81	289.902
1228.41	291.636
1230.00	293.101
1231.59	294.237
1233.19	295.324
1234.78	296.440
1236.37	297.532
1237.97	298.604
1239.56	299.841
1241.15	300.785
1242.74	301.491
1244.34	302.151
1245.93	302.537
1247.52	302.794
1249.11	303.375
1250.70	303.662
1252.30	303.791
1253.89	303.817
1255.48	303.821
1257.07	303.764
1258.66	303.693
1260.25	303.279
1261.84	302.812
1263.43	302.410
1265.02	302.089
1266.61	301.714
1268.20	301.134
1269.79	300.504
1271.38	299.777
1272.97	298.777
1274.56	297.881
1276.14	296.998
1277.73	296.065
1279.32	295.377
1280.91	294.582
1282.50	293.300
1284.08	292.186
1285.67	290.907
1287.26	289.647
1288.85	288.425
1290.43	287.291
1292.02	286.064
1293.61	284.847
1295.19	283.596
1296.78	282.215
1298.37	280.664
1299.95	278.815
1301.54	277.019
1303.12	275.001
1304.71	272.969
1306.30	270.928
1307.88	268.928
1309.46	266.784
1311.05	264.729
1312.63	262.448
1314.22	259.995
1315.80	257.807
1317.39	255.433
1318.97	252.912
1320.55	250.302
1322.14	247.462
1323.72	244.344
1325.30	241.169
1326.89	237.854
1328.47	234.378
1330.05	230.718
1331.63	227.026
1333.22	223.384
1334.80	219.594
1336.38	215.721
1337.96	211.567
1339.54	207.259
1341.12	202.719
1342.70	198.030
1344.29	192.984
1345.87	187.802
1347.45	182.622
1349.03	177.090
1350.61	171.807
1352.19	166.894
1353.77	162.257
1355.34	158.120
1356.92	154.614
1358.50	151.690
1360.08	149.164
1361.66	146.996
1363.24	145.086
1364.82	143.247
1366.40	141.459
1367.97	139.669
1369.55	137.874
1371.13	136.103
1372.71	134.378
1374.28	132.582
1375.86	130.746
1377.44	128.880
1379.01	126.910
1380.59	125.050
1382.16	123.322
1383.74	121.583
1385.32	119.893
1386.89	118.185
1388.47	116.389
1390.04	114.536
1391.62	112.634
1393.19	110.736
1394.77	108.842
1396.34	107.059
1397.91	105.272
1399.49	103.638
1401.06	102.114
1402.63	100.738
1404.21	99.406
1405.78	98.210
1407.35	97.038
1408.93	95.912
1410.50	94.928
1412.07	94.033
1413.64	93.214
1415.21	92.461
1416.79	91.839
1418.36	91.324
1419.93	90.939
1421.50	90.684
1423.07	90.521
1424.64	90.405
1426.21	90.359
1427.78	90.371
1429.35	90.410
1430.92	90.543
1432.49	90.624
1434.06	90.739
1435.63	90.819
1437.20	90.939
1438.77	91.072
1440.33	91.123
1441.90	91.210
1443.47	91.220
1445.04	91.273
1446.60	91.339
1448.17	91.499
1449.74	91.684
1451.31	91.899
1452.87	92.108
1454.44	92.391
1456.01	92.736
1457.57	93.083
1459.14	93.471
1460.70	93.896
1462.27	94.486
1463.83	95.092
1465.40	95.760
1466.96	96.468
1468.53	97.252
1470.09	98.075
1471.66	98.965
1473.22	100.084
1474.78	101.264
1476.35	102.535
1477.91	103.893
1479.47	105.244
1481.04	106.494
1482.60	107.743
1484.16	108.949
1485.72	110.125
1487.28	111.367
1488.85	112.696
1490.41	114.132
1491.97	115.486
1493.53	116.916
1495.09	118.105
1496.65	119.277
1498.21	120.480
1499.77	121.486
1501.33	122.581
1502.89	123.692
1504.45	124.840
1506.01	126.042
1507.57	127.214
1509.13	128.316
1510.68	129.341
1512.24	130.296
1513.80	131.217
1515.36	132.174
1516.92	133.212
1518.47	134.307
1520.03	135.416
1521.59	136.505
1523.14	137.514
1524.70	138.579
1526.26	139.580
1527.81	140.719
1529.37	141.798
1530.92	142.913
1532.48	144.316
1534.03	145.688
1535.59	147.081
1537.14	148.389
1538.70	149.591
1540.25	150.680
1541.80	151.808
1543.36	152.851
1544.91	153.834
1546.46	154.854
1548.02	155.973
1549.57	157.107
1551.12	158.199
1552.67	159.149
1554.23	159.957
1555.78	160.720
1557.33	161.514
1558.88	162.242
1560.43	162.916
1561.98	163.772
1563.53	164.561
1565.08	165.151
1566.63	165.743
1568.18	166.313
1569.73	166.751
1571.28	167.042
1572.83	167.470
1574.38	167.957
1575.93	168.550
1577.48	169.439
1579.02	170.279
1580.57	170.923
1582.12	171.385
1583.67	171.863
1585.21	172.523
1586.76	173.074
1588.31	173.570
1589.85	173.947
1591.40	174.169
1592.94	174.346
1594.49	174.378
1596.04	174.432
1597.58	174.703
1599.13	174.830
1600.67	174.676
1602.21	174.747
1603.76	174.791
1605.30	174.684
1606.85	174.402
1608.39	174.144
1609.93	173.554
1611.48	172.927
1613.02	172.369
1614.56	171.855
1616.10	171.259
1617.64	170.349
1619.19	169.516
1620.73	168.723
1622.27	167.916
1623.81	167.312
1625.35	166.613
1626.89	165.888
1628.43	164.948
1629.97	163.652
1631.51	162.206
1633.05	160.928
1634.59	159.448
1636.13	157.976
1637.66	156.582
1639.20	155.343
1640.74	153.844
1642.28	152.436
1643.82	151.187
1645.35	149.573
1646.89	148.068
1648.43	146.506
1649.96	145.005
1651.50	143.539
1653.04	142.041
1654.57	140.556
1656.11	139.070
1657.64	137.672
1659.18	136.403
1660.71	135.217
1662.25	134.375
1663.78	133.975
1665.31	134.235
1666.85	135.005
1668.38	136.673
1669.91	138.521
1671.45	140.774
1672.98	143.047
1674.51	145.785
1676.04	148.184
1677.58	151.166
1679.11	153.423
1680.64	155.774
1682.17	157.843
1683.70	160.167
1685.23	162.091
1686.76	163.980
1688.29	165.769
1689.82	167.631
1691.35	169.053
1692.88	179.902
1694.41	173.255
1695.94	172.549
1697.46	172.089
1698.99	180.731
1700.52	176.889
1702.05	176.682
1703.57	179.213
1705.10	182.789
1706.63	180.058
